symbol,currency,fiscal_period,fiscal_period_end,revenue_ttm,revenue_yoy_pct,revenue_qoq_pct,gross_profit_ttm,operating_income_ttm,net_income_ttm,ebitda_ttm,eps_ttm,eps_yoy_pct,eps_qoq_pct,eps_latest_q,last_earnings_date,next_earnings_date
RELIANCE,INR,2026-Q1,2026-06-30,11230550000000.0,15.00336391405993,5.240104876912456,2859290000000.0,1246150000000.0,747270000000.0,1835610000000.0,55.2201,-8.318252305321916,23.416792919224942,15.5,2026-07-17,2026-10-16
BHARTIARTL,INR,2026-Q1,2026-06-30,2200493000000.0,19.630110459091863,5.6982984009591355,948355000000.0,706579000000.0,289147000000.0,1251386000000.0,47.1524,-18.80047804538676,8.87369742937219,13.37,2026-08-03,2026-11-05
HDFCBANK,INR,2026-Q1,2026-06-30,4955182000000.0,1.7544638536550619,13.847441249114564,,1084847800000.0,790127700000.0,,51.18,11.34558903513542,-5.386949924127459,12.4,2026-07-18,2026-10-19
ICICIBANK,INR,2026-Q1,2026-06-30,3172315500000.0,5.080821540326999,-5.81991134764765,,788699800000.0,560901600000.0,,77.36,7.369882026370579,4.567779960707268,20.615,2026-07-18,2026-10-19
SBIN,INR,2026-Q1,2026-06-30,7226870000000.0,6.557984119640567,-0.5617216174463502,,1146560900000.0,862103100000.0,,93.396,4.927771998139533,22.756941931663857,22.88,2026-08-06,2026-11-05
TCS,INR,2026-Q1,2026-06-30,2758590000000.0,7.695160610272186,2.2306147274321764,849390000000.0,686410000000.0,497990000000.0,740790000000.0,137.639,1.067516881423239,-2.6899572993345653,36.9,2026-07-09,2026-10-14
BAJFINANCE,INR,2026-Q1,2026-06-30,861682600000.0,17.7963262169719,7.21967926318469,514888100000.0,377376200000.0,203035300000.0,387826600000.0,32.57,16.05202209157313,9.589041095890408,9.62,2026-07-30,2026-10-27
LT,INR,2026-Q1,2026-06-30,2901371300000.0,9.778357823020736,-17.90724166696471,375506100000.0,245862200000.0,179334100000.0,289499600000.0,120.55,4.526142374057053,-22.58397932816538,29.96,2026-07-27,2026-11-04
LICI,INR,2026-Q1,2026-06-30,9938664500000.0,10.528036912872963,-13.833756800489422,,577632900000.0,600803500000.0,,47.4944,23.284584754517933,-42.1139447256497,10.74,2026-08-06,2026-11-06
HINDUNILVR,INR,2026-Q1,2026-06-30,663740000000.0,3.8261794518833687,6.054675555011926,289300000000.0,139090000000.0,149570000000.0,153050000000.0,63.6438,38.524122740193526,-10.56289308176101,11.2,2026-07-28,2026-10-28
SUNPHARMA,INR,2026-Q1,2026-06-30,599105200000.0,11.405284294854928,4.709142411709996,333979900000.0,137382600000.0,120955800000.0,167142800000.0,50.4122,16.617162632319193,6.660419392482046,12.7,2026-07-31,2026-11-03
TITAN,INR,2026-Q1,2026-06-30,924170000000.0,45.05203019791879,-20.66864784546805,151800000000.0,85170000000.0,57600000000.0,94150000000.0,64.88,55.023941736994516,50.86661642803316,19.97,2026-08-07,2026-10-30
INFY,INR,2026-Q1,2026-06-30,1845820000000.0,5.760074257000269,3.8985388560837895,560390000000.0,382690000000.0,302880000000.0,432760000000.0,74.0304,12.70552700168076,-8.62676308100043,19.17,2026-07-23,2026-10-23
KOTAKBANK,INR,2026-Q1,2026-06-30,1109283800000.0,5.944587678711875,6.976760733751726,,270803900000.00003,202961700000.0,,20.4063,5.9319130380614284,1.0582689873998063,4.1,2026-07-18,2026-10-19
ADANIPORTS,INR,2026-Q1,2026-06-30,404304300000.0,23.848197971214713,0.7750349706358416,202643700000.0,179229400000.0,131120200000.00002,238966800000.0,58.5955,12.071570652589706,8.754299635266358,15.71,2026-07-28,2026-10-28
ADANIENT,INR,2026-Q1,2026-06-30,1114313900000.0,18.062300051227147,1.4940823340570437,376902900000.0,89207300000.0,74448300000.0,156981200000.0,62.3681,16.005185703231952,-422.03350122994027,-7.41,2026-07-29,2026-10-28
ADANIPOWER,INR,2026-Q1,2026-06-30,541399400000.0,1.2165820389910487,-3.424045516577301,164980900000.0,125897400000.0,142551300000.0,172329100000.0,7.3919,14.85953135682764,19.635141622659617,2.5,2026-07-22,2026-10-29
AXISBANK,INR,2026-Q1,2026-06-30,1650237700000.0,4.101506932981787,5.031586413042025,,342750500000.0,277734400000.0,,88.93,-0.6146624944121559,0.32881216605015146,22.9,2026-07-18,2026-10-15
MARUTI,INR,2026-Q1,2026-06-30,1971806000000.0,26.609810785751524,0.013914700976888253,355293000000.0,141647000000.0,143340000000.0,211307000000.0,455.9123,-1.368622179108366,-5.796644423325776,106.6,2026-07-31,2026-10-29
M&M,INR,2026-Q1,2026-06-30,2106348299999.9998,25.925892491179457,5.830390395677414,591060200000.0,317790600000.0,184700700000.0,393139900000.0,164.27,34.44917335079391,17.140790742526534,30.7,2026-07-30,2026-11-10
HCLTECH,INR,2026-Q1,2026-06-30,1343740000000.0,12.591016112679831,1.7598069509431742,314930000000.0,232380000000.0,174230000000.0,275390000000.0,64.2766,2.694679661287743,3.0193236714975846,17.1,2026-07-14,2026-10-19
ITC,INR,2026-Q1,2026-06-30,764879800000.0,-4.133378069765019,7.23541741001802,365818600000.0,239670000000.0,198394000000.0,256823000000.0,15.8393,-43.17943750896829,-18.445653690526022,2.9,2026-07-31,2026-10-22
BAJAJ_AUTO,INR,2026-Q1,2026-06-30,714604800000.0,36.90840820042521,21.62556371919522,198411900000.0,138672700000.0,117594000000.0,147992800000.0,420.4835,54.740280052256786,-11.917494270435453,106.8,2026-07-21,2026-10-22
NTPC,INR,2026-Q1,2026-06-30,1910602300000.0,2.36383231810779,2.119616155041774,646676800000.0,386603700000.0,277629700000.0,589364000000.0,28.6315,15.877596283045433,-35.907346617966624,6.7,2026-07-24,2026-10-22
ULTRACEMCO,INR,2026-Q1,2026-06-30,918842800000.0,19.07224904793938,-4.462378490720933,446222600000.0,128871500000.0,85390200000.0,176253400000.0,290.12,21.22969667922059,-12.866304884065114,88.31,2026-07-20,2026-10-19
HAL,INR,2026-Q1,2026-06-30,337849800000.0,7.416017697820775,-60.44318051411521,113256600000.0,78682900000.0,93215100000.0,93419300000.0,139.3791,12.159999227476712,-62.113484220592916,23.77,2026-08-12,2026-11-14
ETERNAL,INR,2026-Q1,2026-06-30,674080000000.0,190.50163764868125,16.88063844552394,115450000000.0,-1420000000.0,4330000000.0,16870000000.0,0.4726,42.178098676293644,-47.173798203909136,0.1,2026-07-22,2026-11-05
JSWSTEEL,INR,2026-Q1,2026-06-30,1896870000000.0,12.22223536928793,-7.456037514654162,525720000000.0,224270000000.0,247830000000.0,316280000000.0,101.35,411.822157581634,-71.58649536898716,19.02,2026-07-16,2026-10-16
ONGC,INR,2026-Q1,2026-06-30,7041265500000.0,6.95393390854588,17.940868163948384,2042145200000.0,647187000000.0,435192400000.0,1022027600000.0,34.5932,20.815841860790012,9.975001453403861,9.46,2026-08-04,2026-11-16
BAJAJFINSV,INR,2026-Q1,2026-06-30,1587050400000.0,17.089033311325423,-4.247567468155338,,681288000000.0,101442700000.0,,62.99,6.402027027027025,23.35443037974682,19.6,2026-07-31,2026-10-28
BEL,INR,2026-Q1,2026-06-30,287173500000.0,19.830777653336625,-45.74778251697161,99319700000.0,76040300000.0,61464300000.0,81994600000.0,8.4085,11.746803816814177,-52.618093423559564,1.43,2026-07-26,2026-10-23
NESTLEIND,INR,2026-Q1,2026-06-30,244366200000.0,19.297473072583806,-5.477497076820696,106850900000.0,50646400000.0,38111700000.0,57947300000.0,19.7643,22.64231728657059,-13.702482207950018,5.06,2026-07-22,2026-10-15
COALINDIA,INR,2026-Q1,2026-06-30,1578557200000.0,12.658012570565717,-0.5059794540894036,623796200000.0,306569900000.0,312030200000.0,407890800000.0,50.6318,-5.85069786642171,-18.332073025818296,14.4,2026-07-27,2026-11-06
POWERGRID,INR,2026-Q1,2026-06-30,470333700000.0,2.285680856745935,-1.4477596970925652,253411200000.0,253411200000.0,158957900000.0,383688000000.0,17.0911,3.3700457847210985,-20.85021071150935,3.9,2026-08-05,2026-11-10
DIVISLAB,INR,2026-Q1,2026-06-30,112300000000.0,16.348943224202237,8.795478629459556,51130000000.0,34830000000.0,29250000000.0,39670000000.0,110.1825,26.842939585772452,20.10668231434873,33.95,2026-08-03,2026-11-09
DMART,INR,2026-Q1,2026-06-30,712555700000.0,15.5834170470348,6.280698897186474,80854199999.9999,42938700000.0,30581300000.0,53868900000.0,46.91,13.008913514815704,30.822596630327055,13.28,2026-07-11,2026-10-12
HINDZINC,INR,2026-Q1,2026-06-30,468200000000.0,38.83287866208042,1.4988186650915534,342840000000.0,224580000000.0,170670000000.0,262550000000.0,40.3922,66.63723823825477,8.663056709902198,12.9,2026-07-24,2026-10-16
ASIANPAINT,INR,2026-Q1,2026-06-30,371869300000.0,9.778729921439291,14.007591897649974,122425200000.0,60075400000.0,47648300000.0,72397100000.0,49.68,32.43903219270838,31.342062193126026,16.05,2026-07-28,2026-10-29
SHRIRAMFIN,INR,2026-Q1,2026-06-30,500668700000.0,10.380347674636507,7.056218506505164,274612800000.0,205342400000.0,113180400000.0,212428200000.0,56.63,10.003885003885015,-7.476635514018698,14.82,2026-07-24,2026-10-23
TATASTEEL,INR,2026-Q1,2026-06-30,2397561100000.0,10.51253740275836,-3.91312614657185,1042865400000.0,227447900000.0,110345400000.0,355946500000.0,8.8476,143.126047649144,-20.759623172343233,1.86,2026-07-30,2026-11-12
HINDALCO,INR,2026-Q1,2026-06-30,2955370000000.0,20.276336405998823,8.564882955985308,652770000000.0,320710000000.0,164000000000.0,411580000000.0,73.71,-3.1533307055577526,170.0085689802914,31.51,2026-08-07,2026-11-14
GRASIM,INR,2026-Q1,2026-06-30,1840288600000.0,20.48422611237949,-4.667041479138125,841467800000.0,391362100000.0,56937200000.0,470401300000.0,83.85,34.86062793424398,9.570041608876565,3.6,2026-08-12,2026-11-12
ADANIGREEN,INR,2026-Q1,2026-06-30,135590000000.0,10.298543886764826,26.527698458023984,94670000000.0,80800000000.0,17840000000.0,117110000000.0,10.8307,3.282315357841041,112.84540702016427,5.15,2026-07-22,2026-10-21
EICHERMOT,INR,2026-Q1,2026-06-30,249981400000.0,28.069884226456697,9.08424052933427,82303300000.0,52530500000.0,57725200000.0,61729100000.0,210.07,19.26308618144658,-3.7613019891500876,53.35,2026-07-29,2026-11-12
TVSMOTOR,INR,2026-Q1,2026-06-30,601549900000.0,30.238419376656804,8.256243219668459,163359700000.0,76251500000.0,34277199999.999996,89369600000.0,72.1941,43.759968935750784,32.13267749739902,24.7,2026-07-21,2026-11-04
IOC,INR,2026-Q1,2026-06-30,8584820600000.0,13.465543389383752,27.902552440773952,1131614500000.0,504101800000.0,336518100000.0,690599400000.0,24.4357,99.32215279703739,-111.2787541077297,-1.18,2026-07-30,2026-11-14
TORNTPHARM,INR,2026-Q1,2026-06-30,157230000000.0,32.85171102661597,17.250416964498452,74760000000.0,36610000000.0,21810000000.0,51720000000.0,64.4417,8.94108140274002,45.50144861967861,15.4,2026-07-30,2026-10-28
INDIGO,INR,2026-Q1,2026-06-30,890497000000.0,8.957952244321136,9.562624786081004,163785000000.0,77225000000.0,-48058000000.0,189349000000.0,-124.338,-171.76382315595058,90.63306459603282,-6.2,2026-07-23,2026-10-30
HYUNDAI,INR,2026-Q1,2026-06-30,706850920000.0,3.550408312711542,-13.647158644861666,148467930000.0,56979670000.0,49509100000.0,79249580000.0,60.9312,-10.305995822311333,-29.22889757461238,10.9,2026-07-30,2026-11-17
SOLARINDS,INR,2026-Q1,2026-06-30,113514900000.0,41.71807173863377,20.160511014658912,45557600000.0,28311100000.0,19914000000.0,31057400000.0,220.0684,57.8371555109286,19.15902984556711,72.105,2026-08-13,2026-11-14
SBILIFE,INR,2026-Q1,2026-06-30,1194612100000.0,-0.4270026297474025,1027.1512688873208,,27128800000.0,26009000000.0,,25.9291,4.511523672097313,-9.901496259351614,7.22,2026-07-24,2026-10-28
MOTHERSON,INR,2026-Q1,2026-06-30,1311354400000.0,14.024263474942874,2.7236339057824246,225362300000.0,72784600000.0,43798900000.0,125408000000.0,4.1551,32.06305819534055,-31.063590320765332,0.98,2026-08-05,2026-11-17
ADANIENSOL,INR,2026-Q1,2026-06-30,304798300000.0,20.914184566535305,30.467926059379813,106963100000.0,76795100000.0,29191200000.0,97782700000.0,24.3,21.81428084457902,68.04518543244147,9.6,2026-07-21,2026-11-11
WIPRO,INR,2026-Q1,2026-06-30,949680000000.0,6.3957552834889855,0.9997400593324889,275835000000.0,153155000000.0,132190000000.0,182600000000.0,12.6012,-1.8391717884601935,-4.010799460026989,3.2,2026-07-16,2026-10-15
VAML,INR,2026-Q1,2026-06-30,,,,,,,,,,,14.4,2026-07-30,2026-12-02
PIDILITIND,INR,2026-Q1,2026-06-30,153992800000.0,14.085135197206117,27.018345807589483,61378800000.0,33993100000.0,26489200000.0,37946300000.0,25.97,21.326792805419284,50.528169014084526,8.524843,2026-08-04,2026-11-11
TMCV,INR,2026-Q1,2026-06-30,871970000000.0,,-20.810023756609702,207140000000.0,81250000000.0,41910000000.0,100980000000.0,11.3793,,42.73391932966401,4.4,2026-08-12,2026-12-02
IDEA,INR,2026-Q1,2026-06-30,455387000000.0,3.2963219199056377,3.15037063183904,-16823000000.0,-26774000000.0,374058000000.0,194251000000.0,3.4525,,-107.22356571047365,-0.35,2026-08-10,2026-11-14
DLF,INR,2026-Q1,2026-06-30,67576600000.00001,-27.710175748635262,-29.4212980827536,23273800000.0,10914200000.0,44459100000.0,12345000000.0,17.961,-0.8643528944231078,-37.4160942866063,3.2,2026-08-03,2026-10-29
ICICIAMC,INR,2026-Q1,2026-06-30,,,22.223389576460537,,,,,,,26.312654572764128,19.675,2026-07-13,2026-12-02
TECHM,INR,2026-Q1,2026-06-30,591761000000.0,10.953800577492782,4.21727104489888,198377000000.0,79393000000.0,51354000000.0,98414000000.0,57.84,12.990818519242051,8.267716535433069,16.5,2026-07-16,2026-10-28
CHOLAFIN,INR,2026-Q1,2026-06-30,331423200000.0,19.867626794362202,4.59085845339661,179273700000.0,112895600000.0,57510000000.0,115810700000.0,67.68,28.08478425435277,0.6224066390041361,19.4,2026-07-28,2026-10-29
JIOFIN,INR,2026-Q1,2026-06-30,49276800000.0,116.07324516785351,96.58327530916259,38303000000.0,22732900000.0,20664900000.0,23060500000.0,3.2159,25.758642264977322,196.38273045507586,,2026-07-16,2026-10-15
ABB,INR,2026-Q2,2026-06-30,136106600000.0,7.917561641250578,11.771449030483094,40600200000.0,18102000000.0,29878400000.0,19680200000.0,140.9968,66.43212189245882,-79.68773018671558,17.5,2026-07-31,2026-11-13
TRENT,INR,2026-Q1,2026-06-30,209454400000.0,16.924468212787456,14.453489366526187,64275400000.0,24760100000.0,18089700000.0,39544300000.0,33.9247,14.214196015850417,29.645958761788048,10.0,2026-08-06,2026-11-05
TATACAP,INR,2026-Q1,2026-06-30,326497500000.0,20.326265416344967,8.123558159393603,157863500000.0,101679700000.0,54035900000.0,107417700000.0,12.8809,22.38849932539005,3.107344632768358,3.7,2026-07-28,2026-12-02
BHEL,INR,2026-Q1,2026-06-30,359929900000.0,26.99761162706098,-37.4696292637833,47649800000.0,30599600000.0,24324700000.0,33831900000.0,6.9857,739.324762705755,-70.80679978413383,1.1,2026-07-16,2026-11-06
BOSCHLTD,INR,2026-Q1,2026-06-30,210880000000.0,13.625587309797837,4.962538404872703,54593000000.0,24469000000.0,23632000000.0,28528000000.0,801.2575,-11.324573260766062,23.877171922054,237.95,2026-08-09,2026-11-10
VBL,INR,2026-Q2,2026-06-30,241264950000.0,14.464112707120355,28.551684694236112,95335030000.0,42549680000.0,33861290000.0,56585960000.0,10.0118,17.785882352941165,74.32249059822432,4.5,2026-07-28,2026-11-14
CUMMINSIND,INR,2026-Q1,2026-06-30,126623800000.0,15.301745136337352,13.776326888462332,35148600000.0,23843500000.0,23671500000.0,25875700000.0,85.395,10.550987832206392,-6.183710140721242,19.6,2026-08-05,2026-11-05
UNIONBANK,INR,2026-Q1,2026-06-30,1295518000000.0,-1.1037673864680535,-0.04373437047143448,,260826700000.0,206437700000.0,,27.0433,9.751870911186503,2.506345617709473,7.0,2026-07-15,2026-11-04
POWERINDIA,INR,2026-Q1,2026-06-30,91625000000.0,40.1724752508571,-9.453713621757048,28620300000.0,14078700000.0,11503900000.0,15155700000.0,258.0949,123.3922537356839,-10.987711103707724,66.0,2026-08-07,2026-10-29
CGPOWER,INR,2026-Q1,2026-06-30,128207100000.0,21.41755191449344,-4.676386499930269,27949300000.0,14312400000.0,12500500000.0,16378000000.0,7.9374,21.12620173966123,-14.362045934416336,1.99,2026-07-23,2026-11-15
PNB,INR,2026-Q1,2026-06-30,1494182100000.0,2.554947378015668,2.916995001358533,,272163000000.0,220875300000.0,,19.2183,31.335337934804897,3.989476496824444,4.585441,2026-07-18,2026-10-22
SIEMENS,INR,2026-Q1,2026-06-30,180623000000.0,-12.445232562015136,2.0833784515430427,30628000000.0,16142000000.0,32753000000.0,19062000000.0,91.9717,12.43704033330725,479.03027153936455,9.6,2026-08-11,2026-11-10
BSE,INR,2026-Q1,2026-06-30,58103700000.0,60.27589973601675,4.695829269340007,53205600000.0,36927300000.0,28315900000.0,38674100000.0,69.4405,76.23374151386332,9.618375281358718,21.4,2026-08-04,2026-11-06
BPCL,INR,2026-Q1,2026-06-30,4939536100000.0,12.330399278834783,27.4438993207127,512619100000.0,194330500000.0,171317300000.0,274694099999.99997,40.0969,-1.167107053418259,-133.2953518227327,-9.27,2026-07-21,2026-10-23
LTM,INR,2026-Q1,2026-06-30,440750000000.0,13.870940239393793,2.8011725426640806,124094000000.0,68939000000.0,52303000000.0,79664000000.0,176.29,10.818456122705543,5.305774557852124,49.42,2026-07-12,2026-10-15
APOLLOHOSP,INR,2026-Q1,2026-06-30,264299000000.0,17.203166226912927,6.630837938081902,88248000000.0,31130000000.0,20895000000.0,40095000000.0,145.2527,32.730263308188924,9.820457018498367,40.4,2026-08-12,2026-11-05
POLYCAB,INR,2026-Q1,2026-06-30,311289580000.0,32.38881476530459,-7.170613181911226,53801430000.0,39811650000.0,28642490000.0,43842010000.0,189.7581,29.270672035740542,1.5086965018565535,51.94,2026-07-15,2026-10-15
BAJAJHLDNG,INR,2026-Q1,2026-06-30,12056000000.0,18.088409587337036,451.37409598948057,,9967100000.0,88566900000.0,10312300000.0,795.7957,5.477965019776226,5.104849284825782,,,
BANKBARODA,INR,2026-Q1,2026-06-30,1597379900000.0,2.733746331534602,3.322306741642155,,276608000000.0,181605500000.0,,35.1175,-6.666436328264112,-69.25765126458711,2.5,2026-07-24,2026-11-02
BRITANNIA,INR,2026-Q1,2026-06-30,195293400000.0,6.632631889312352,5.9558119230671425,71533300000.0,33417500000.0,26041200000.0,36760500000.0,108.1139,18.70317262338712,-12.823881572172727,24.523765,2026-08-06,2026-11-10
GROWW,INR,2026-Q1,2026-06-30,54160740000.0,36.61640398553238,0.8554021888136708,53208750000.0,33130610000.0,24396660000.0,33714250000.0,3.8515,34.92730775967772,7.339449541284389,1.155614,2026-07-15,2026-12-02
LENSKART,INR,2026-Q1,2026-06-30,96337650000.0,,7.889267001867068,34016839999.999996,8895340000.0,6553720000.0,20054170000.0,3.7886,,10.506777173443831,1.3,2026-08-12,2026-12-02
TATAPOWER,INR,2026-Q1,2026-06-30,634447800000.0,-4.190446103031607,27.859089139743094,156239100000.0,80593000000.0,38632600000.0,129693400000.0,12.0734,-4.977254482204981,18.006430868167207,3.7,2026-07-27,2026-11-17
HDFCLIFE,INR,2026-Q1,2026-06-30,1045125900000.0,5.026009648165055,67.01353244265883,,20192500000.0,19751600000.0,,9.15,4.847026469577174,23.043478260869577,2.8,2026-07-15,2026-10-16
PAYTM,INR,2026-Q1,2026-06-30,89670000000.0,22.561950712791983,8.12720848056537,21490000000.0,990000000.0,6500000000.0,6320000000.0,10.01,125.45045045045042,20.14134275618374,3.4,2026-07-20,2026-11-23
PFC,INR,2026-Q1,2026-06-30,1126284000000.0,3.5271140012138735,-3.218640078284097,584869400000.0,590460100000.0,260467100000.0,575837600000.0,78.927,7.1267151037715095,0.186246958752194,14.38,2026-08-06,2026-11-05
INDIANB,INR,2026-Q1,2026-06-30,804244800000.0,8.919114524195436,3.633293733894734,,167946400000.0,127845300000.0,,94.9137,16.568087306597373,5.785965954917873,24.3,2026-07-10,2026-10-22
JINDALSTEL,INR,2026-Q1,2026-06-30,564125700000.0,16.454827349804166,-4.536953852926977,239678500000.0,59379400000.0,27182000000.0,93143000000.0,26.7121,-8.765164763101813,-19.16555478724957,8.3,2026-07-24,2026-11-14
GAIL,INR,2026-Q1,2026-06-30,1474846500000.0,3.515143560617758,15.799901901673996,217400800000.0,111096900000.0,98786500000.0,149385800000.0,15.0243,-15.103519200777516,214.2243479031044,6.5,2026-07-31,2026-10-30
CANBK,INR,2026-Q1,2026-06-30,1513374200000.0,-3.6887199965583437,8.64044910301733,,249400000000.0,198586400000.0,,21.8933,7.343776813512792,13.258244264213042,5.4,2026-07-27,2026-10-29
MUTHOOTFIN,INR,2026-Q1,2026-06-30,335579740000.0,50.36933448993869,-6.420386171793852,213209030000.0,163495790000.0,113732060000.0,164835370000.0,283.2901,84.78855875542219,-16.432599588879366,63.53,2026-08-03,2026-11-05
TMPV,INR,2026-Q1,2026-06-30,3437030000000.0,-21.6961509107271,-9.149620188341062,911210000000.0,-12340000000.0,792420000000.0,185780000000.0,211.4294,267.43427855431065,-82.58055438300268,2.1,2026-08-13,2026-11-04
LGEINDIA,INR,2026-Q1,2026-06-30,255753240000.0,,-10.184350954709178,62904260000.0,21756140000.0,18247010000.0,25932870000.0,26.8824,,-5.754683703064992,9.6,2026-08-13,2026-12-02
ZYDUSLIFE,INR,2026-Q1,2026-06-30,285917000000.0,21.111755910147963,5.667589297482536,143433000000.0,53111000000.0,45130000000.0,70357000000.0,44.8606,-1.276608855057254,-26.06474672233557,9.1,2026-08-11,2026-11-14
CIPLA,INR,2026-Q1,2026-06-30,283244000000.0,1.8454828369197245,8.837522167186448,114648800000.0,40765800000.0,33706600000.0,53390800000.0,41.7,-37.509366102202904,42.2740524781341,9.76,2026-07-22,2026-10-29
GVT&D,INR,2026-Q1,2026-06-30,67123200000.0,43.914890150061424,12.159454638747038,24146310000.0,17094509999.999998,13050400000.0,17568210000.0,50.9689,70.59577601499481,3.1895767369072328,14.2,2026-08-05,2026-11-14
LODHA,INR,2026-Q1,2026-06-30,181812000000.0,26.042136058288907,6.008274106290442,68975000000.0,55102000000.0,41256000000.0,58589000000.0,41.2,39.001349527665326,36.04766633565043,13.7,2026-07-24,2026-11-04
SBIFUNDS,INR,2026-Q1,2026-06-30,,,30.00956907365194,,,,,,,44.59205582393987,,2026-08-03,
ENRIN,INR,2026-Q3,2026-06-30,94363000000.0,,3.8218954930871725,26383000000.0,18853000000.0,14880000000.0,20241000000.0,41.7836,,17.698618676857837,12.4,2026-08-06,2026-11-30
MARICO,INR,2026-Q1,2026-06-30,143090000000.0,25.002183978334934,18.72187218721872,51900000000.0,22790000000.0,18880000000.0,24920000000.0,14.5404,12.923743622003212,61.022576361221766,4.88,2026-08-04,2026-11-04
HEROMOTOCO,INR,2026-Q1,2026-06-30,508098400000.0,25.641351540217972,1.1409061909590483,124946400000.0,65091300000.0,54488000000.0,73783400000.0,272.08,8.15280041340382,-3.264298450144007,72.63,2026-08-05,2026-11-04
ABCAPITAL,INR,2026-Q1,2026-06-30,482736400000.0,16.223276319926732,-9.563036983497753,228043300000.0,69699100000.0,41041200000.0,74232100000.0,15.48,19.536679536679546,3.521126760563389,3.615,2026-07-31,2026-10-29
IRFC,INR,2026-Q1,2026-06-30,288111600000.0,5.50203360622631,14.500019103030832,75033800000.0,74504800000.0,71906900000.0,74563500000.0,5.5023,7.793123714369678,14.424270639354436,,2026-07-30,
LAURUSLABS,INR,2026-Q1,2026-06-30,72696400000.0,22.619429142026306,11.85380636685306,30290900000.0,15467700000.0,10933700000.0,20338500000.0,20.2324,114.56265377110373,31.51278381619153,6.8,2026-07-24,2026-10-22
HDFCAMC,INR,2026-Q1,2026-06-30,47836000000.0,10.9227719098909,28.1733862622994,46838500000.0,38124900000.0,29476400000.0,38886400000.0,68.54,12.934585598945475,34.39226519337017,19.6,2026-07-15,2026-10-21
LLOYDSME,INR,2026-Q1,2026-06-30,220835500000.0,233.76886594260947,22.171795365897417,97710500000.0,72911100000.0,47658400000.0,81290600000.0,85.28,211.127325793506,17.797595967429235,30.8,2026-08-10,2026-11-12
INDHOTEL,INR,2026-Q1,2026-06-30,99873300000.0,13.165877088717892,-15.40887212552752,58325900000.0,26476900000.0,21459100000.0,32726800000.0,15.0756,9.733302276829901,-40.33505766218973,2.505,2026-07-21,2026-11-05
UNITDSPR,INR,2026-Q1,2026-06-30,126290000000.0,2.4332873712385434,-11.329404060248855,49980000000.0,19880000000.0,16870000000.0,22810000000.0,23.7587,11.426534660894944,-58.274370577793334,5.38,2026-07-21,2026-11-11
MAXHEALTH,INR,2026-Q1,2026-06-30,87120500000.0,15.95843515575503,10.419573566538647,30815600000.0,18443200000.0,14569300000.0,23183700000.0,14.91,27.109974424552423,-5.71428571428572,3.8,2026-08-13,2026-10-30
OFSS,INR,2026-Q1,2026-06-30,89451000000.0,28.565884787857883,51.326748014720124,48364000000.0,44950000000.0,34129000000.0,45574000000.0,390.6,41.804320203303696,68.03652968036529,162.6,2026-07-22,2026-10-21
VEDL,INR,2026-Q1,2026-06-30,1120510000000.0,-27.72208891297056,-1.6416758096631314,540990000000.0,261560000000.0,196790000000.0,329720000000.0,50.01,34.652665589660735,-18.10699588477367,7.9,2026-07-30,2026-11-06
TATACONSUM,INR,2026-Q1,2026-06-30,208604000000.0,15.601208968176472,-1.5595496188544655,64368700000.0,22664700000.0,16351300000.0,29090000000.0,16.5241,22.823800498011675,1.8819362455726063,4.31,2026-07-24,2026-10-16
INDUSTOWER,INR,2026-Q1,2026-06-30,328666000000.0,6.718748985303955,4.074805579558079,125238000000.0,107762000000.0,71539000000.0,181063000000.0,27.1272,-26.28858836092703,-2.627050084577472,6.62,2026-07-27,2026-10-22
MEESHO,INR,2026-Q1,2026-06-30,138352930000.0,,5.142681889390952,-15331050000.0,-15331050000.0,-12012150000.0,-14746080000.0,-2.6952,,20.932784636488336,-0.3,2026-07-23,2026-12-02
GMRAIRPORT,INR,2026-Q1,2026-06-30,155661700000.0,38.76968281943824,0.6558900603327442,71236700000.0,43501700000.0,4781300000.0,61537800000.0,0.3803,,-69.56521739130434,0.175,2026-08-12,2026-11-18
DRREDDY,INR,2026-Q1,2026-06-30,331186000000.0,-0.9196433913719859,7.3747372342407065,179093000000.0,32740000000.0,33106000000.0,,39.6805,-41.71420933265961,101.67424242424244,5.33,2026-07-21,2026-10-23
AMBUJACEM,INR,2026-Q1,2026-06-30,396759300000.0,10.7029296875,-13.016173813406196,178663800000.0,21553600000.0,43765600000.0,58862700000.0,17.6662,0.8333238205043367,-68.49253731343283,2.4,2026-07-28,2026-11-02
AUROPHARMA,INR,2026-Q1,2026-06-30,349352900000.0,9.088067547545108,3.3547791003169425,137583700000.0,52741300000.0,37125500000.0,71334400000.0,64.003,9.609380753152408,12.596851575158077,17.86,2026-08-04,2026-11-09
MANIPALHOS,INR,2026-Q1,2026-06-30,,,,,,,,,,,2.06,2026-08-20,2026-12-02
LUPIN,INR,2026-Q1,2026-06-30,299665800000.0,28.194282062174263,10.732662087640106,160068200000.0,75401500000.0,55288100000.0,89816100000.0,120.73,49.38134125216532,-3.135779241141424,31.0,2026-08-05,2026-11-11
NYKAA,INR,2026-Q1,2026-06-30,106494100000.0,27.40586099429932,5.053678578036909,36818800000.0,5036500000.0,2561300000.0,8373000000.0,0.8945,220.60931899641574,2.0087655222790377,0.28,2026-08-04,2026-11-10
MANKIND,INR,2026-Q1,2026-06-30,147378800000.0,13.751299567852685,17.068601452832326,64338900000.0,29336300000.0,20426700000.0,38268300000.0,49.42,6.279569892473122,2.4608501118568236,13.8,2026-07-30,2026-11-11
JSWENERGY,INR,2026-Q1,2026-06-30,189648900000.0,35.37357326918547,15.750525721449879,92587500000.0,68125800000.0,19671600000.0,101489000000.0,11.0791,-10.865909877149086,24.154589371980677,2.57,2026-07-22,2026-11-14
ASHOKLEY,INR,2026-Q1,2026-06-30,577231300000.0,16.50204816125657,-24.218621350261273,170990700000.0,98030600000.0,34757700000.0,109819300000.0,5.9207,8.451632993240898,-52.28906889960862,1.04,2026-08-13,2026-11-06
BHARATFORG,INR,2026-Q1,2026-06-30,175428450000.0,17.536802683960488,2.4712221151610088,63895110000.0,19551190000.0,7062510000.0,29632280000.0,14.7713,-31.626697031554485,-138.5822399539341,5.6,2026-08-10,2026-11-14
MAZDOCK,INR,2026-Q1,2026-06-30,133234200000.00002,13.871004961347651,-23.573975623248554,32507200000.0,24725200000.0,28578500000.0,25711100000.0,70.8476,31.72493934126003,-19.10650226878578,13.6,2026-07-30,2026-11-11
IDBI,INR,2026-Q1,2026-06-30,357659200000.0,2.1004781028440664,-9.290464933018125,,119307100000.0,93179300000.0,,8.6659,17.717615735709636,5.97846467027374,,2022-10-21,
GODREJCP,INR,2026-Q1,2026-06-30,160501200000.0,9.224836112931511,8.333162412445775,66970500000.0,29731800000.0,19135400000.0,32565100000.0,18.7016,3.1920587537452105,11.675839731829411,5.1,2026-08-07,2026-11-05
PERSISTENT,INR,2026-Q1,2026-06-30,157180890000.0,25.39226944043837,6.096988192863942,33761430000.0,25909070000.0,19232270000.0,30153600000.0,122.143,25.273073002028685,-9.067362146050664,30.6,2026-08-02,2026-10-27
POLICYBZR,INR,2026-Q1,2026-06-30,73343100000.0,38.000191920161214,-8.39506532190382,43592800000.0,4715200000.0,7482400000.0,6141300000.0,16.08,97.78597785977855,-37.6114081996435,3.5,2026-08-05,2026-11-10
FEDERALBNK,INR,2026-Q1,2026-06-30,349002000000.0,6.787451047107683,-2.073480668428147,,63346000000.0,46830700000.0,,18.69,14.38188494492045,-8.7360594795539,4.6,2026-07-17,2026-10-16
RECLTD,INR,2026-Q1,2026-06-30,574559200000.0,0.2091006300924567,-8.090909216945727,210444100000.0,205769600000.0,160352100000.0,206041000000.0,60.8957,-4.872021182700795,24.226631193777163,15.78,2026-07-24,2026-10-23
MCX,INR,2026-Q1,2026-06-30,27750200000.0,103.82228294001425,-18.754390325613564,26931200000.0,21523400000.0,15418000000.0,22337800000.0,60.5782,136.36030215063832,-21.95868364160462,16.2,2026-08-04,2026-10-19
NAUKRI,INR,2026-Q1,2026-06-30,33746180000.0,13.864764634290772,1.3513155850656786,17960460000.0,11226140000.0,15996260000.0,12485920000.0,24.27,53.70487650411654,-21.215596330275233,4.9,2026-08-10,2026-11-06
DIXON,INR,2026-Q1,2026-06-30,515848000000.0,14.338251917946554,47.92488661349449,24117000000.0,14400400000.0,18770900000.0,18472700000.0,308.3463,56.2261965621211,157.4716514035579,117.87,2026-07-31,2026-10-22
OIL,INR,2026-Q1,2026-06-30,389037400000.0,20.36701914208533,38.66238686705541,199562000000.0,111044400000.0,83533100000.0,138873800000.0,51.3542,27.306576761942537,72.87939943755376,17.65,2026-08-06,2026-11-11
SHREECEM,INR,2026-Q1,2026-06-30,218957200000.0,12.633753006082898,2.1657105392558598,100077900000.0,17513500000.0,16300900000.0,45774600000.0,451.7894,9.636013484720966,0.6657597691666738,121.39,2026-07-30,2026-11-17
COFORGE,INR,2026-Q1,2026-06-30,181519000000.0,34.66800207730544,24.20681287075319,52438000000.0,27282000000.0,17569000000.0,34920000000.0,48.83,65.3572637995259,-32.1546961325967,12.34,2026-07-27,2026-10-23
AUBANK,INR,2026-Q1,2026-06-30,224171865000.0,14.955342577275493,4.206172944367495,,37591275000.0,28563491000.0,,37.87,29.42583732057415,-4.541326067211625,10.6,2026-07-25,2026-10-23
NHPC,INR,2026-Q1,2026-06-30,122098300000.0,12.022647055855215,35.26085674810781,77884200000.0,36876000000.0,37965900000.0,58273300000.0,3.7796,24.120718531411107,-24.944964226747388,1.15,2026-08-04,2026-11-05
JSWINFRA,INR,2026-Q1,2026-06-30,55824200000.0,19.022561841448802,-5.091503869043709,23095800000.0,20599500000.0,14852600000.0,26964000000.0,7.1084,-6.83617300131062,-17.500000000000004,1.5,2026-07-21,2026-11-04
HINDPETRO,INR,2026-Q1,2026-06-30,4715302600000.0,9.392802884128418,22.313957333747705,217625499999.99902,-6673700000.00002,16712900000.000002,69535600000.0,7.8545,-83.63509459121593,-302.21193144942026,-54.17,2026-07-22,2026-11-04
SWIGGY,INR,2026-Q1,2026-06-30,249040000000.0,46.79169030772853,6.720977596741344,37210000000.0,-41540000000.0,-37480000000.0,-29270000000.0,-15.1558,4.920295355738045,1.6515733924034128,-2.96,2026-07-30,2026-12-08
LTF,INR,2026-Q1,2026-06-30,182412100000.0,12.556081481742009,10.668677573428011,109551200000.0,65441800000.0,31825500000.0,67758600000.00001,12.67,19.303201506591343,11.838006230529592,3.6,2026-07-10,2026-10-21
BHARTIHEXA,INR,2026-Q1,2026-06-30,96007000000.0,7.869397660753008,3.9855823010316116,33829000000.0,27735000000.0,18240000000.0,50519000000.0,36.48,32.75109170305676,7.991940899932846,9.6,2026-08-04,2026-11-02
NTPCGREEN,INR,2026-Q1,2026-06-30,32850699999.999996,42.12407145422057,21.282447432146654,16388900000.000002,16388900000.000002,6069600000.0,28602200000.0,0.7203,8.544303797468368,54.74764756201882,0.4,2026-07-22,2026-11-04
SRF,INR,2026-Q1,2026-06-30,170011500000.0,12.982694215743804,9.059037911929572,51748100000.0,32438500000.0,21617300000.0,41155400000.0,72.9296,51.08273446126373,30.385671143161254,25.6,2026-07-22,2026-10-28
INDUSINDBK,INR,2026-Q1,2026-06-30,521555400000.0,-6.5154079940463,2.9671171185337304,,17922800000.0,13223200000.0,,16.9149,30.708837870627235,74.70603674540682,12.86,2026-07-22,2026-10-21
YESBANK,INR,2026-Q1,2026-06-30,377885700000.0,0.7466303655809401,4.714532598167994,,48697900000.0,37748500000.0,,1.1917,36.41254578754578,0.0,0.34,2026-07-17,2026-10-19
IDFCFIRSTB,INR,2026-Q1,2026-06-30,499140600000.0,10.95805633125277,9.666936715759785,,27174000000.0,23049100000.0,,2.5944,48.72735611098371,243.3922996878252,1.25,2026-07-25,2026-10-26
ICICIGI,INR,2026-Q1,2026-06-30,277814600000.0,11.820828815252558,3.575350716893186,,31821500000.0,24280300000.0,,48.41,-9.480179506357517,-26.26262626262627,8.03,2026-07-14,2026-10-20
WAAREEENER,INR,2026-Q1,2026-06-30,300427300000.0,94.30763981974495,-6.46749801008225,73175000000.0,52221200000.0,38163300000.0,63597600000.0,132.5,74.87432145463761,-19.923995656894686,20.6,2026-07-29,2026-11-23
NAM_INDIA,INR,2026-Q1,2026-06-30,31175400000.0,18.19743172693047,32.88145207033465,29869400000.0,21125600000.0,16369600000.0,21563600000.0,25.22,20.32442748091602,30.69139966273188,7.9,2026-07-22,2026-11-04
SAIL,INR,2026-Q1,2026-06-30,1111347500000.0,6.447840919529043,-14.824091655959776,400659100000.0,72775100000.0,42722700000.0,133840400000.0,10.3432,40.785103718625784,-10.43049710826563,4.2,2026-07-24,2026-11-06
APARINDS,INR,2026-Q1,2026-06-30,243890200000.0,23.960385974988373,-0.17795453753780585,46472600000.0,19901800000.0,11815200000.0,21588100000.0,293.45,33.730232693794896,84.27573062261753,116.4,2026-07-24,2026-11-04
NMDC,INR,2026-Q1,2026-06-30,321272800000.0,27.3366550152813,-40.09369547911379,131562799999.99998,87778400000.0,74590100000.0,92494600000.0,8.484,14.070588235294117,-2.5110590684361203,2.3,2026-08-14,2026-11-17
PIRAMALFIN,INR,2026-Q1,2026-06-30,107814000000.0,64.8050798619975,32.18743166821731,49907900000.0,17815800000.0,16870599999.999998,28874100000.0,73.9535,255.30823151836034,-8.298500681508418,20.4,2026-07-16,2026-12-02
BAJAJHFL,INR,2026-Q1,2026-06-30,116067900000.0,16.234231184825486,5.524167154718021,45029000000.0,36825500000.0,26923200000.0,37316400000.0,3.2326,17.110459008078838,6.882389545737401,0.86,2026-07-29,2026-10-26
HAVELLS,INR,2026-Q1,2026-06-30,235906100000.0,10.096559513142173,-2.789029410010141,52014100000.0,17029000000.0,16332200000.0,21496500000.0,26.0255,15.580020695198812,-59.921230470274914,4.75,2026-07-16,2026-10-21
ICICIPRULI,INR,2025-Q4,2026-03-31,645946700000.0,-8.374392132370495,-81.50217940337598,,28618200000.0,16078800000.0,,11.04,35.128518971848216,60.902255639097746,2.66,2026-07-14,2026-10-20
GLENMARK,INR,2026-Q1,2026-06-30,177365540000.0,32.93780524860077,6.57449531717351,83923450000.0,35898640000.0,17979040000.0,42065930000.0,63.6937,138.47369228983598,60.22020822410307,17.11,2026-07-31,2026-11-06
DABUR,INR,2026-Q1,2026-06-30,135523799999.99998,7.40036898029568,23.909322519272422,46666700000.0,20494500000.0,19720000000.0,25254100000.0,11.1023,10.801397205588824,60.91304347826089,3.33,2026-07-28,2026-10-29
UNOMINDA,INR,2026-Q1,2026-06-30,207253500000.0,18.795851701718256,4.130867006095858,38298100000.0,15589100000.0,12022600000.0,22797900000.0,20.81,15.80411797440178,-9.397163120567365,5.11,2026-08-04,2026-11-14
PHOENIXLTD,INR,2026-Q1,2026-06-30,45447630000.0,17.66627415776393,-12.832848888479836,34398060000.0,23519781000.0,12799933000.0,27143468000.0,35.7916,20.021461386271422,-26.406043571168897,8.3,2026-07-28,2026-11-04
FORTIS,INR,2026-Q1,2026-06-30,95061500000.0,17.496665871502255,7.627279916436542,34601000000.0,16616000000.0,10478900000.0,21314300000.0,13.8801,20.65140860373947,0.2016243539501428,3.4,2026-08-06,2026-11-14
NATIONALUM,INR,2026-Q1,2026-06-30,193384900000.0,9.020056408472659,5.776389337738039,112443800000.0,84076600000.0,67506700000.0,91621400000.0,36.7557,17.83316769788092,16.297370497536836,10.9,2026-07-31,2026-11-06
TORNTPOWER,INR,2026-Q1,2026-06-30,291840900000.0,4.088002311157397,26.819563320413298,61851500000.0,39733600000.0,23238400000.0,55962500000.0,46.1168,-16.62318549735769,100.76963276165138,13.2,2026-08-03,2026-11-05
ASTERDM,INR,2026-Q1,2026-06-30,48760300000.0,15.69762199664963,10.850995449855375,15005200000.0,6876700000.0,3186800000.0,9579900000.0,6.1656,-2.695536897923108,-88.53136531365314,1.4,2026-08-05,2026-11-05
ATGL,INR,2026-Q1,2026-06-30,62693600000.0,19.805463457514406,12.606439680969933,15596400000.0,9173400000.0,6322000000.0,11715300000.0,5.7483,-2.409086278903937,-15.81079315301189,1.5,2024-04-30,2026-11-03
WELCORP,INR,2026-Q1,2026-06-30,172997700000.0,20.205742158729276,-5.366649971246777,50719400000.0,20086200000.0,23091200000.0,24029700000.0,87.5345,14.679025284946936,182.3169212147104,39.7,2026-07-24,2026-10-29
BANKINDIA,INR,2026-Q1,2026-06-30,876842300000.0,6.0186628823570025,-0.6151962532495918,,152805700000.0,117793200000.0,,25.8734,24.12936158780266,6.957816669861253,6.87,2026-07-24,2026-10-29
RBLBANK,INR,2026-Q1,2026-06-30,187136400000.0,3.619269102990033,-0.6069257997729246,,11382400000.0,8990600000.0,,13.74,45.111209682529626,-21.025641025641022,3.3,2026-07-17,2026-10-19
OBEROIRLTY,INR,2026-Q1,2026-06-30,65919800000.0,29.09756766284125,-25.33407175482944,41130600000.0,37073300000.0,26296900000.0,38415300000.0,72.3111,27.494803136278595,-22.75876331299762,14.92,2026-07-17,2026-10-16
ALKEM,INR,2026-Q1,2026-06-30,150812800000.0,13.360353101059545,3.7973313499772434,66110700000.0,26376400000.0,21575000000.0,30322100000.0,180.253,-5.663399002377614,119.89310653445719,43.5,2026-08-13,2026-11-06
IOB,INR,2026-Q1,2026-06-30,396055800000.0,13.059566003781823,11.839932432639698,,66146700000.0,59584200000.0,,3.0942,50.605986858116324,10.295755475807441,,2022-02-02,
MAHABANK,INR,2026-Q1,2026-06-30,340080700000.0,15.230735451675226,4.25687815898388,,84334200000.0,75358000000.0,,9.7975,28.38740958171716,-1.053185887309111,2.63,2026-07-09,2026-11-14
ATHERENERG,INR,2026-Q1,2026-06-30,42440800000.0,,3.5976367629782233,2421500000.00001,-4711200000.0,-3900200000.0,-3073600000.0,-10.2253,,49.10305343511451,-1.3,2026-08-03,2026-12-02
PRESTIGE,INR,2026-Q1,2026-06-30,135624000000.0,65.80559189212319,-31.565101966936165,73331000000.0,32685000000.0,11389000000.0,41841000000.0,26.4412,111.83294477692051,-5.67649490217691,5.5,2026-07-29,2026-11-11
SCHAEFFLER,INR,2026-Q2,2026-06-30,105050400000.0,19.655421036265537,6.764669482217169,30757800000.0,15559000000.0,12534700000.0,19173600000.0,80.1945,23.80929590598495,3.0724723685186635,20.8,2026-07-22,2026-10-22
BIOCON,INR,2026-Q1,2026-06-30,173211000000.0,9.830888926934124,-3.9985830049152016,60085000000.0,14873000000.0,4953000000.0,35364000000.0,3.362,4.892050418070637,10.126582278481006,0.87,2026-08-04,2026-11-05
JSL,INR,2026-Q1,2026-06-30,440260600000.0,9.819182486026921,-0.5173239577002767,75328900000.0,44689500000.0,32486500000.0,55797700000.0,39.37,26.216237877694955,-8.806262230919767,9.32,2026-08-03,2026-10-29
KALYANKJIL,INR,2026-Q1,2026-06-30,390633120000.0,45.74571096777804,3.0558323346253435,34736570000.0,21755010000.0,14349760000.0,26156890000.0,13.8743,78.63368911663599,-14.683544303797468,3.4,2026-08-04,2026-11-05
RADICO,INR,2026-Q1,2026-06-30,62280758000.0,19.29689167954916,11.968895388061815,25051044000.0,9802406000.0,7035586000.0,11382393000.0,52.5231,76.42251571989036,27.880863382351844,16.905,2026-07-28,2026-11-14
GICRE,INR,2026-Q1,2026-06-30,511027500000.0,-0.8828131318744301,1.23623619458068,,78481600000.0,88754600000.0,,50.5897,3.663594375617294,-31.150766161434234,10.9,2026-08-13,2026-11-12
SBICARD,INR,2026-Q1,2026-06-30,208823000000.0,8.822171430239017,0.35318794534069525,163250200000.0,76173000000.0,22751500000.0,77490200000.0,23.909,21.13550923627224,9.047462868387761,6.98,2026-07-23,2026-10-22
MOTILALOFS,INR,2026-Q1,2026-06-30,101045100000.0,14.808452038872016,27.485560404865833,54212100000.0,26559900000.0,19802200000.0,27684100000.0,32.2734,-29.409680375683784,,12.179201,2026-07-23,2026-10-29
APLAPOLLO,INR,2026-Q1,2026-06-30,228973000000.0,9.635092346137252,-10.566806398305355,30508100000.0,16051200000.0,12290400000.0,18411200000.0,44.2637,53.38131440887639,-25.759867106510683,9.5,2026-08-01,2026-11-04
SUZLON,INR,2026-Q1,2026-06-30,174292100000.0,45.24499015406,-30.294634323943022,45752400000.0,27095500000.0,31442900000.0,30633500000.0,2.2918,50.134294136914505,-72.68923076923078,0.2,2026-07-28,2026-11-05
COROMANDEL,INR,2026-Q1,2026-06-30,326020100000.0,23.498496706846677,35.99654210931332,62496400000.0,25737900000.0,18319600000.0,31895900000.0,62.11,-19.00104329681795,172.0,12.9,2026-07-23,2026-10-22
HDBFS,INR,2026-Q1,2026-06-30,189022000000.0,11.967387518451735,4.056560037088549,118557000000.0,65510000000.0,27611000000.0,67637000000.0,33.1875,22.28260869565217,4.545454545454547,9.46,2026-07-15,2026-12-02
ABBOTINDIA,INR,2026-Q1,2026-06-30,70043800000.0,6.289786324202693,6.09355897303907,26049100000.0,19278600000.0,16146800000.0,20040900000.0,759.8744,11.181661357840271,8.505317302958469,201.7,2026-08-12,2026-11-05
MRF,INR,2026-Q1,2026-06-30,318888700000.0,11.373296424123422,4.615487890684243,79144700000.0,30480000000.0,24150700000.0,48205200000.0,5694.3847,34.26453986260389,-29.46244349269442,1119.0,2026-08-11,2026-11-06
BERGEPAINT,INR,2026-Q1,2026-06-30,122632400000.0,5.223579642471638,24.955108558836553,38505700000.0,15111600000.0,12165800000.0,19123300000.0,10.4338,6.566301361468294,20.77949218069728,3.5,2026-08-05,2026-11-05
LINDEINDIA,INR,2026-Q1,2026-06-30,26539230000.0,10.431640456769168,13.027136748310769,13804760000.0,7613790000.0,5463650000.0,10026560000.0,64.064,21.862326614774734,35.05489543987932,12.1,2026-08-11,2026-11-05
SUNDARMFIN,INR,2026-Q1,2026-06-30,101177600000.0,13.67018013746801,2.830023534903624,49036200000.0,34544700000.0,22198400000.0,37038200000.0,201.4094,15.623482297344005,14.799721559268095,46.95,2026-08-03,2026-11-09
TATACOMM,INR,2026-Q1,2026-06-30,254256900000.0,8.122558537686865,0.437432771602725,57874600000.0,20153000000.0,9458200000.0,49157900000.0,33.1432,-33.680705629992474,-49.0238611713666,4.7,2026-07-22,2026-10-21
MFSL,INR,2026-Q1,2026-06-30,498481400000.0,4.889462161056046,38.601987139858664,395826300000.0,1545700000.0,1098900000.0,4741700000.0,3.2007,-59.23090640444286,,-0.864346,2026-08-13,2026-10-29
ANTHEM,INR,2026-Q1,2026-06-30,20023410000.0,,-31.545496061007324,8476170000.0,6552750000.0,5759440000.0,7928850000.0,10.15,,-36.82634730538922,2.1,2026-07-21,2026-12-02
COLPAL,INR,2026-Q1,2026-06-30,62042800000.0,3.7935464875065246,0.49832325195098254,36976200000.0,17523300000.0,13477700000.0,19000600000.0,49.553,-3.278192553554881,-2.898294124892229,12.7,2026-07-29,2026-11-14
KRT.RR,INR,2026-Q1,2026-06-30,43583470000.0,,4.177330106916548,24432620000.0,21512190000.0,6271430000.0,36117490000.0,1.4143,,133.62247005369682,0.6,2026-07-28,2026-12-02
GODREJPROP,INR,2026-Q1,2026-06-30,81355800000.0,18.113912638231337,-64.66604494765738,50387900000.0,23506700000.0,16002200000.0,24743300000.0,53.1204,5.165795241046023,-46.117292535929536,11.6,2026-08-04,2026-11-11
FLUOROCHEM,INR,2026-Q1,2026-06-30,53030000000.0,9.520859149111939,15.997078159240322,18710000000.0,9130000000.0,6150000000.0,12920000000.0,55.9854,-1.1255203301856027,97.32141981423543,20.17,2026-08-12,2026-11-18
TIINDIA,INR,2026-Q1,2026-06-30,237537000000.0,17.617087521706257,0.00949355886167402,50786800000.0,15826400000.0,6065200000.0,22777100000.0,31.326,-6.040791841631682,97.06441967926067,8.2,2026-08-14,2026-10-22
IPCALAB,INR,2026-Q1,2026-06-30,101255800000.0,10.591853697269821,16.73114281886388,45629900000.0,17579000000.0,13098000000.0,21867700000.0,51.627,68.2137934854503,34.380434505984844,15.84,2026-08-13,2026-11-09
FACT,INR,2026-Q1,2026-06-30,59343900000.0,32.0484635410872,-15.530545540317418,8989500000.0,-200500000.0,-1058200000.0,154200000.0,-1.6354,-212.36001374098245,-2061.4754098360654,,,
AEGISLOG,INR,2026-Q1,2026-06-30,89706600000.0,30.352259418238674,-9.155524034551474,20864600000.0,17150000000.0,12512700000.0,19255000000.0,35.6487,88.67136642215235,18.05001967257985,15.3,2026-08-06,2026-10-30
GLAXO,INR,2026-Q1,2026-06-30,39549400000.0,5.754693520655234,-5.712850396865267,18949900000.0,12985600000.0,10681500000.0,13653200000.0,63.0526,12.406049888044262,-14.640287769784177,14.0,2026-08-03,2026-11-05
M&MFIN,INR,2026-Q1,2026-06-30,217981000000.0,13.597029960440816,2.973098396983912,109495600000.0,67808399999.99999,32526900000.0,71801900000.0,23.4075,30.499138647146367,-1.2828489319468,6.485,2026-07-21,2026-11-03
SONACOMS,INR,2026-Q1,2026-06-30,48967530000.0,39.55833273957962,3.4754754882119,17562270000.0,8714160000.0,6959290000.0,11690410000.0,11.1915,17.818905346934894,-5.994426803188389,2.9,2026-07-23,2026-10-28
VMM,INR,2026-Q1,2026-06-30,134930109999.99998,19.827400018400798,19.681654717265292,23741730000.0,12692550000.0,8919240000.0,19690710000.0,1.8927,26.941649899396374,54.02170887837462,0.6,2026-07-23,2026-11-12
INDOMIM,INR,2026-Q1,2026-06-30,,,,,,,,,,,,2026-08-17,2026-12-02
GLAND,INR,2026-Q1,2026-06-30,67252990000.00001,17.566607043963252,3.2982172264013445,20674290000.0,13172760000.0,11287930000.0,17511490000.0,68.4692,46.45348277595372,-13.540260908681967,19.22,2026-08-10,2026-11-09
HINDCOPPER,INR,2026-Q1,2026-06-30,34979600000.0,67.0683421453578,-18.99349525984361,24959600000.0,14529400000.0,11366600000.0,16617400000.000002,11.7542,133.89580928881284,-20.68477645727221,,2026-08-10,
UPL,INR,2026-Q1,2026-06-30,528040000000.0,12.862822211772754,-44.47232069811835,174100000000.0,71040000000.0,20200000000.0,104490000000.0,23.9222,75.80028807431141,-99.05717422783763,0.12,2026-08-03,2026-11-14
AIIL,INR,2026-Q1,2026-06-30,29152400000.0,-34.012096409104906,333.0680658796094,25767200000.0,23386100000.0,20981200000.0,23766600000.0,24.7069,-48.6718659110173,1758.6128482092097,,,
MPHASIS,INR,2026-Q1,2026-06-30,165312120000.0,13.694608547144451,3.3324785253053033,25052820000.0,25052820000.0,19104050000.0,30756880000.0,99.96,9.677419354838703,-4.010494752623689,25.61,2026-07-22,2026-11-05
AJANTPHARM,INR,2026-Q1,2026-06-30,57761700000.0,20.190893144368403,14.372133592189302,29947300000.0,14039500000.0,11348800000.0,15803000000.0,90.7929,22.17551319746748,25.210871602624174,26.72,2026-07-30,2026-11-04
KEI,INR,2026-Q1,2026-06-30,123427910000.0,20.393758536733106,-8.37229130398263,24563920000.0,12670260000.0,9968260000.0,13668650000.0,104.21,31.678038918372497,-3.566621803499323,28.7,2026-08-03,2026-10-21
360ONE,INR,2026-Q1,2026-06-30,47703400000.0,28.0112706292768,8.840652811380599,33073500000.0,16352000000.0,12620300000.0,18004000000.0,30.07,13.25800376647834,14.45255474452555,8.13,2026-07-16,2026-10-29
PETRONET,INR,2026-Q1,2026-06-30,371728900000.0,-24.822394834363262,-41.13760830494096,56550200000.0,49043600000.0,42077900000.0,57368000000.0,28.0519,13.445058700302907,-17.04255714957924,7.55,2026-08-12,2026-11-05
THERMAX,INR,2026-Q1,2026-06-30,108393500000.0,4.6829095867867565,-32.82662979428478,26952000000.0,6930000000.0,5933600000.0,9112800000.0,52.6757,-11.5571114357192,-89.66755975301012,2.0,2026-07-30,2026-11-11
SUPREMEIND,INR,2026-Q1,2026-06-30,113261300000.0,8.705350073086857,-22.96139650646604,27057200000.0,11747000000.0,10324000000.0,16322800000.0,81.2741,16.024639894930687,-35.25380725531902,22.1,2026-07-28,2026-11-02
STLTECH,INR,2026-Q1,2026-06-30,56420000000.0,18.904109589041095,32.54684247050659,17880000000.0,5080000000.0,2430000000.0,8290000000.0,4.6137,,217.09401709401712,4.0,2026-07-24,2026-10-22
CPPLUS,INR,2026-Q1,2026-06-30,48831940000.0,,-1.3790154771808452,10285770000.0,6503780000.0,4772830000.0,7088950000.0,40.5856,,-16.032707028531657,12.05,2026-08-12,2026-12-02
NAVINFLUOR,INR,2026-Q1,2026-06-30,36335800000.0,42.43189212496571,11.450235147326998,16432300000.0,10763200000.0,7897000000.0,12319600000.0,153.97,115.61405965551043,14.385710837557328,47.5,2026-08-05,2026-11-04
EMBASSY.RR,INR,2026-Q1,2026-06-30,48550350000.0,13.587174076762851,2.5266974570285674,29289290000.0,24531090000.0,3785940000.0,37386550000.0,3.994,-76.35049116844206,,2.06,2026-07-30,2026-11-02
BDL,INR,2026-Q1,2026-06-30,27661031000.0,-18.687339811431613,19.16598431834444,7069502000.0,2733006000.0,5207789000.0,3518175000.0,14.2071,-7.132818679199643,4.9551446060174245,3.2,2026-08-14,2026-11-14
BALKRISIND,INR,2026-Q1,2026-06-30,115183300000.0,9.777106820415021,17.813912889301083,44871800000.0,17455900000.0,14055700000.0,25386300000.0,72.708,-3.282190716644006,50.527416626857566,22.4,2026-07-29,2026-11-06
RVNL,INR,2026-Q1,2026-06-30,208245800000.0,5.398325132427505,-35.464634381286494,10972600000.0,8528500000.0,8995500000.0,8907800000.0,4.3144,-24.533846422949093,-14.812750780205084,0.8,2026-08-11,2026-11-14
PREMIERENE,INR,2026-Q1,2026-06-30,84662260000.0,26.699700095179374,10.415221608902467,27746160000.0,21527200000.0,16650419999.999998,25433070000.0,36.8872,58.849342204422626,1.4838231662138788,10.4,2026-08-06,2026-11-06
PATANJALI,INR,2026-Q1,2026-06-30,427756002000.0,19.320823962956197,1.6301055027674836,47826278000.0,17352218000.0,19698496000.0,19750447000.0,18.1026,61.36669548862127,-35.926502647150414,3.1,2026-08-14,2026-11-11
KPRMILL,INR,2026-Q1,2026-06-30,68196200000.0,4.203994505301406,8.453758440030258,17200300000.0,11130100000.0,9123400000.0,13318700000.0,26.6911,10.65365465377072,13.80981041227806,7.6,2026-08-10,2026-11-09
PAGEIND,INR,2026-Q1,2026-06-30,53506600000.0,7.573600368173988,13.399806833693198,20547752000.0,10385542000.0,7558331000.0,11471734000.0,677.6418,-1.1615427766467477,7.875469762344871,172.9,2026-08-13,2026-11-05
GODREJIND,INR,2026-Q1,2026-06-30,232251400000.0,16.889691020510053,-29.18783111420743,61703100000.0,18982700000.0,11756600000.0,24194700000.0,34.8971,16.57001797131272,-35.99499658858313,,,
POONAWALLA,INR,2026-Q1,2026-06-30,76930100000.0,73.4679796068846,11.581633881491825,44482800000.0,22680500000.0,7869200000.0,23705500000.0,9.48,,12.73885350318471,3.51,2026-07-17,2026-10-16
NH,INR,2026-Q1,2026-06-30,90724000000.0,57.79755494146164,3.4631734216051626,34143680000.0,12298420000.0,8161260000.0,17494230000.0,40.1835,4.069169668732515,-7.458949469291485,10.1,2026-07-31,2026-11-11
MEDANTA,INR,2026-Q1,2026-06-30,46833670000.0,21.265563201128927,12.510622951442004,22258660000.0,7323430000.0,5561780000.0,9787520000.0,20.6843,4.002353142299741,10.280373831775714,5.9,2026-07-30,2026-11-06
CUPID,INR,2026-Q1,2026-06-30,4526189000.0,121.66229988295387,28.970329696894925,2253397000.0,1551170000.0,1373750000.0,1602901000.0,1.0026,185.9669138619509,23.076923076923077,,,
VOLTAS,INR,2026-Q1,2026-06-30,149794200000.0,3.804894680382194,-4.384972472446873,22851300000.0,6469500000.0,4491800000.0,7338900000.0,13.5751,-30.639491513299745,83.99122807017544,5.45,2026-08-14,2026-11-03
BAGMANE.RR,INR,2026-Q1,2026-06-30,,,,,,,,,,,0.3,2026-08-11,2026-12-02
CONCOR,INR,2026-Q1,2026-06-30,90851000000.0,1.6512410601598655,-4.574736004948527,17306600000.0,13578500000.0,12420000000.0,19615300000.0,16.3251,-4.145357610489044,1.5571536275590119,3.6,2026-07-24,2026-11-05
ASTRAL,INR,2026-Q1,2026-06-30,67854000000.0,16.78829604130809,-24.443380416566914,18087000000.0,8111000000.0,5755000000.0,11062000000.0,21.4224,18.81530782029949,-43.66147442769754,4.5,2026-08-12,2026-11-14
PWL,INR,2026-Q1,2026-06-30,41064050000.0,,14.70940356987375,8853810000.0,-120590000.0,203850000.0,4383760000.0,0.077,,-3.0927835051546375,-0.21,2026-08-14,2026-12-02
ENDURANCE,INR,2026-Q1,2026-06-30,155918800000.0,29.348111031839526,5.60310331746595,44050000000.0,12658700000.0,9698800000.0,20575900000.0,68.9507,12.928226201375434,-11.550164348153496,17.4,2026-08-13,2026-11-11
EMCURE,INR,2026-Q1,2026-06-30,96834500000.0,18.359385122050075,4.484101934524111,37619310000.0,14676190000.0,10113880000.0,18927140000.0,53.3495,35.60168569598504,20.731555333998006,15.4,2026-08-06,2026-11-05
ANANDRATHI,INR,2026-Q1,2026-06-30,14013883000.0,37.45964529151664,21.349012645747816,13503951000.0,6159466000.0,4649433000.0,6515598000.0,27.8024,44.081507853837266,57.49185667752443,9.8,2026-07-09,2026-10-08
JKCEMENT,INR,2026-Q1,2026-06-30,144014900000.0,15.91566719869673,3.70983922829582,75190500000.0,16778099999.999998,9455400000.0,23343300000.0,122.3711,-5.467713153442679,-16.653127538586524,35.9,2026-07-18,2026-11-09
IRCTC,INR,2026-Q1,2026-06-30,54247114000.0,15.006764347549725,-6.178598011467272,18528979000.0,16159982000.0,13929101000.0,16661244999.999998,17.4114,4.112750843119898,1.1519607843137183,4.1,2026-08-12,2026-11-18
3MINDIA,INR,2026-Q1,2026-06-30,53169975000.0,15.713835220113193,1.7130728109545184,16230716000.0,9179273000.0,5776944000.0,9820655000.0,512.8192,16.32892541548945,8.233481012757556,,2026-08-14,
NHIT,INR,2026-Q1,2026-06-30,45631888000.0,61.64280387899757,14.527266249536542,22359972000.0,21096644000.0,7985521000.0,36493348000.0,4.1772,56.052002390914524,3.4433962264150924,,,
LTTS,INR,2026-Q1,2026-06-30,117010000000.0,5.6590484274401085,2.8762377969837996,17215000000.0,17215000000.0,13200000000.0,20743000000.0,124.37,3.979600367862223,7.350591243208707,33.2,2026-07-14,2026-11-14
NLCINDIA,INR,2026-Q1,2026-06-30,183806700000.0,16.848894712049173,-6.459347223379066,97281400000.0,36199100000.0,32088800000.0,61250900000.0,23.1415,12.218623010600433,-65.24698483461371,3.49,2026-08-07,2026-11-06
AIAENG,INR,2026-Q1,2026-06-30,45489399000.0,5.631621467740701,-7.75838574667682,21707507000.0,11438006000.0,12662476000.0,12578605000.0,135.6882,15.090557936637852,-23.434593188807472,31.9,2026-08-12,2026-11-14
EXIDEIND,INR,2026-Q1,2026-06-30,188286100000.0,7.6089056229375345,16.752443966691516,39946700000.0,13717000000.0,9316700000.0,19535800000.0,10.9608,9.87279343217155,62.81788027167903,4.8,2026-07-30,2026-11-14
COCHINSHIP,INR,2026-Q1,2026-06-30,50474894000.0,-1.3599458081445648,-26.27969785446541,10643926000.0,6350133000.0,6801376000.0,7631959000.0,25.8528,-19.12052708308567,-45.22194205242875,5.8,2026-08-14,2026-11-05
TATAINVEST,INR,2026-Q1,2026-06-30,4094100000.0,32.409443725743856,260.792220113852,4050000000.0,3714100000.0,4308900000.0,3752500000.0,8.5164,31.64126503230594,124.82561826252376,,,
PIIND,INR,2026-Q1,2026-06-30,65155000000.0,-16.568494378569415,8.759263991822133,24048000000.0,11634000000.0,11650000000.0,15772000000.0,76.7941,-27.695571201795698,21.977630601821694,16.1,2026-08-11,2026-11-14
HUDCO,INR,2026-Q1,2026-06-30,132937299999.99998,21.012156989472423,18.324801261290354,37652100000.0,34012699999.999996,42552500000.0,34128500000.0,21.2561,52.97771124657249,-57.04340621589944,,2026-07-27,2026-11-16
PTCIL,INR,2026-Q1,2026-06-30,6974279000.0,94.6198172756548,-14.934623434441816,3712797000.0,1299725000.0,1255958000.0,1718816000.0,83.73,103.47162988721944,-51.27691537305958,19.47,2026-08-14,2026-11-05
CRISIL,INR,2026-Q2,2026-06-30,41258600000.0,22.032564811665363,1.6763421137227466,14512500000.0,10802900000.0,8843200000.0,12292400000.0,120.9247,21.52454515488451,-7.202312464925839,,2026-07-21,2026-10-16
MINDSPACE.RR,INR,2026-Q1,2026-06-30,34782430000.0,26.23840551490456,6.188493858510161,18370840000.0,13413130000.0,7570210000.0,18249460000.0,11.9361,41.60082568154318,29.53556349464111,3.995,2026-08-05,2026-11-17
AEGISVOPAK,INR,2026-Q1,2026-06-30,8623439000.0,,-3.9752032949451572,4313890000.0,4313890000.0,2501724000.0,6419505000.0,2.2579,,-3.7288135593220346,,2026-08-05,
HSCL,INR,2026-Q1,2026-06-30,49742900000.0,9.795365201710183,11.191526371373547,15859200000.0,9986000000.0,7991700000.0,10734200000.0,15.9187,29.000810372771475,14.310483465674945,4.6,2026-07-15,2026-10-15
WOCKPHARMA,INR,2026-Q1,2026-06-30,35640000000.0,18.36599136499502,-3.730569948186528,13930000000.0,4910000000.0,4090000000.0,7170000000.0,25.1704,,-36.144637281101026,,,
SAILIFE,INR,2026-Q1,2026-06-30,22503580000.0,,-7.947334419461287,7982650000.0,4831630000.0,3617400000.0,6582310000.0,16.93,,-29.774127310061605,3.5,2026-08-06,2026-11-05
HFCL,INR,2026-Q1,2026-06-30,59932300000.0,58.66438990813544,4.981031949652435,16092800000.0,9886100000.0,5725900000.0,11650400000.0,3.8008,1518.0502341421882,28.058294042005993,1.6,2026-07-22,2026-10-15
DHOOTTRANS,INR,2026-Q1,2026-06-30,,,,,,,,,,,,2026-09-04,
UBL,INR,2026-Q1,2026-06-30,94424800000.0,1.4853379305008017,36.300648424271245,30351800000.0,4823700000.0,3956300000.0,7772100000.0,14.963,-12.473530891350903,63.42027328934379,6.3,2026-08-04,2026-10-22
KARURVYSYA,INR,2026-Q1,2026-06-30,136340799999.99998,15.05057588238817,-0.802398101976161,,36379900000.0,27445800000.0,,28.3977,36.956049944779096,4.236000000000004,7.82,2026-07-19,2026-10-16
KIMS,INR,2026-Q1,2026-06-30,42125000000.0,30.896153129078368,9.76177182207333,22690000000.0,5022000000.0,2043000000.0,8328000000.0,5.0567,-46.25791778259576,-6.967328876753608,1.0,2026-08-03,2026-11-06
STARHEALTH,INR,2026-Q1,2026-06-30,188245500000.0,20.552035857163077,22.463552972172923,,8125000000.0,8441900000.0,,14.3214,44.38787341083007,393.0768417714829,9.32,2026-07-29,2026-11-03
ITCHOTELS,INR,2026-Q1,2026-06-30,42598800000.0,127.05312979703223,-25.339395389646647,25104100000.0,10530600000.0,8640400000.0,14714300000.0,4.1482,119.5860462654174,-42.93438839432905,0.9,2026-07-16,2026-10-23
HEXT,INR,2026-Q2,2026-06-30,144200000000.0,130.2749246256835,6.426792139496264,17750000000.0,17750000000.0,13436000000.0,21600000000.0,21.8,6.305682477605093,-5.779334500875658,5.41,2026-07-29,2026-11-05
LALPATHLAB,INR,2026-Q1,2026-06-30,28908000000.0,14.292491993832284,13.519282766472179,12151000000.0,6661000000.0,5419000000.0,8377000000.0,32.395,5.435313262815302,29.04458598726116,10.1,2026-07-24,2026-11-05
DALBHARAT,INR,2026-Q1,2026-06-30,150580000000.0,7.595569846373705,-8.362779740871613,69790000000.0,16170000000.0,9330000000.0,30050000000.0,49.7426,-0.21524616899932614,-51.421287567792874,17.3,2026-07-24,2026-10-19
DELHIVERY,INR,2026-Q1,2026-06-30,111450360000.0,23.10062805969516,2.832667660585144,7467099999.99999,-1038839999.9999999,935350000.0,6333270000.0,1.216,-53.58778625954199,-55.789473684210535,0.4,2026-08-08,2026-11-05
NUVAMA,INR,2026-Q1,2026-06-30,49070000000.0,13.032481577801683,7.870395666325821,33825500000.0,14378200000.0,10828700000.0,15529800000.0,57.988,4.010618453149657,13.472222222222218,17.0,2026-07-30,2026-10-23
JUBLFOOD,INR,2026-Q1,2026-06-30,98464910000.0,16.257930494778808,2.808119814392354,43737670000.0,9441090000.0,4339650000.0,19472870000.0,6.5987,75.87153518123668,21.8677876689746,1.5,2026-08-13,2026-11-06
ESCORTS,INR,2026-Q1,2026-06-30,122477600000.0,17.977467480426608,8.065266023394965,25004000000.0,12689700000.0,13829200000.0,15294200000.0,125.66,-41.417249417249415,20.432692307692303,34.6,2026-08-03,2026-11-11
BLUESTARCO,INR,2026-Q1,2026-06-30,127976600000.0,5.90118109682379,-17.04640894289378,17643400000.0,7113000000.0,5092200000.0,9053600000.0,24.7674,-6.276749123026111,-54.85570959008304,4.7,2026-08-06,2026-11-04
ABSLAMC,INR,2026-Q1,2026-06-30,21195900000.0,2.4124735463795988,47.01318851823119,20049100000.0,13021600000.0,10074400000.0,13504900000.0,34.7987,3.4751709782931726,64.69353419667526,10.7,2026-07-21,2026-11-14
IREDA,INR,2026-Q1,2026-06-30,85611700000.0,19.934113616663048,5.199347385792514,58608400000.0,54876800000.0,19656400000.0,57307300000.0,6.9971,20.620938130290114,-31.27851277372263,,2026-08-03,2026-10-08
REDINGTON,INR,2026-Q1,2026-06-30,1281328400000.0,23.200732745909722,5.1468956611305865,43376299999.9999,23428600000.0,17009300000.0,25461700000.0,21.7573,4.0914549255816395,24.191389471581275,6.2,2026-07-29,2026-11-10
NIACL,INR,2026-Q1,2026-06-30,494717000000.0,9.547002064868995,-8.053461539054585,,-4214100000.0000005,7692800000.0,,4.668,-35.76529839963672,-141.986996692141,,2026-07-24,2026-11-05
TATATECH,INR,2026-Q1,2026-06-30,59259100000.0,15.20557878754299,5.877676152192441,13170300000.0,7599100000.0,5570600000.0,9202500000.0,13.7244,-18.6620281746902,-11.502982107355878,4.5,2026-07-17,2026-11-14
GODFRYPHLP,INR,2026-Q1,2026-06-30,61104200000.0,1.25256220970599,-32.55020226378779,21176000000.0,13013600000.0,13681400000.0,14285100000.0,87.7115,14.032624395621824,-61.95268166167597,,2025-02-13,2026-11-17
MANAPPURAM,INR,2026-Q1,2026-06-30,103101600000.0,4.906409875498069,15.79650972356584,57223500000.0,31200000000.0,14494600000.0,34302000000.0,16.3057,72.53613527183461,28.15126050420168,6.2,2026-08-11,2026-11-09
HONAUT,INR,2026-Q1,2026-06-30,47032000000.0,6.592933390748589,2.007283814686203,9459000000.0,5827000000.0,5511000000.0,6365000000.0,623.3089,7.699831912561357,-5.635543252595161,170.45,2026-07-29,2026-11-11
LICHSGFIN,INR,2026-Q1,2026-06-30,286287200000.0,0.22654382210340915,-2.358287537522944,87058900000.0,75265000000.0,57386600000.0,76534700000.0,104.3273,4.342638367840071,0.42271688656298056,27.08,2026-07-30,2026-11-04
KIRLOSENG,INR,2026-Q1,2026-06-30,79367400000.0,22.656400920455404,-5.5145234686210856,25027200000.0,12061800000.0,5461500000.0,13890700000.0,37.48,15.714726767520828,-28.084714548802946,6.9,2026-08-06,2026-10-30
UCOBANK,INR,2026-Q1,2026-06-30,,,17.881611139925216,,,,,,,-18.077946470496173,,,
PNBHOUSING,INR,2026-Q1,2026-06-30,87920200000.0,10.710930790715011,-0.4412411004658522,36082700000.0,27455500000.0,23150800000.0,28136900000.0,88.66,13.521126760563384,-15.053763440860221,21.39,2026-08-04,2026-11-03
ACMESOLAR,INR,2026-Q1,2026-06-30,23698950000.0,47.5214366859117,56.51980272116294,16091780000.0,15426350000.0,6034340000.0,20577850000.0,9.69,54.21341608975888,61.67400881057268,3.3,2026-07-29,2026-11-03
IKS,INR,2026-Q1,2026-06-30,33473220000.0,,4.19482494065192,12995090000.0,10532010000.0,7637560000.0,11837370000.0,44.69,,-6.135986733001659,11.35,2026-08-05,2026-10-29
SHYAMMETL,INR,2026-Q1,2026-06-30,195739300000.0,22.76112546277046,4.097619247532612,40388000000.0,15845100000.0,11231600000.0,25269900000.0,39.9556,20.812520409767647,11.071684587813618,12.4,2026-07-20,2026-11-06
RUBICON,INR,2026-Q1,2026-06-30,19358000000.0,,3.974003483066266,9791290000.0,3994130000.0,2882150000.0,4502420000.0,17.3649,,10.434782608695663,5.1,2026-08-14,2026-12-02
SYRMA,INR,2026-Q1,2026-06-30,54636970000.0,53.03273132639457,8.437200514398517,10595830000.0,5243490000.0,3681140000.0,6103660000.0,19.2126,70.92908426081617,-1.098336315528984,5.2,2026-07-29,2026-11-16
MRPL,INR,2026-Q1,2026-06-30,1095641000000.0,23.39573805087755,59.72728665799014,97893900000.0,58161700000.0,31409200000.0,73738400000.0,17.9215,,708.3745318352061,3.955,2026-07-15,2026-11-04
NEULANDLAB,INR,2026-Q1,2026-06-30,23718098000.0,78.333132705002,-17.3491978038527,8364337000.0,6647861000.0,4977715000.0,7628993000.0,387.978,182.60730217095505,-30.56320032045674,115.0,2026-08-05,2026-11-10
CRAFTSMAN,INR,2026-Q1,2026-06-30,87168500000.0,37.85307964682942,9.215774344232843,28547900000.0,8941500000.0,4649400000.0,13565200000.0,193.9088,119.25339635121918,27.289865169460263,57.6,2026-07-29,2026-11-14
SCHNEIDER,INR,2026-Q1,2026-06-30,29203600000.0,9.56431044897071,10.458037273821837,6764400000.0,3013900000.0,1837600000.0,3355100000.0,7.6854,-29.498857913421585,-43.37178929037876,0.5,2026-08-14,2026-11-05
CHOLAHLDNG,INR,2026-Q1,2026-06-30,414071400000.0,17.749529083099773,6.605066780740529,206855000000.0,116689100000.0,26687500000.0,120103000000.0,142.123,21.097660833163616,17.29196328289605,,2026-08-14,2026-11-10
BIRET.RR,INR,2026-Q1,2026-06-30,34209460000.0,63.50849554992728,5.2506034736832445,24401820000.0,20086700000.0,5364790000.0,25152850000.0,7.6723,252.2635445362718,350.1726589477961,2.21,2026-08-10,2026-11-10
ZFCVINDIA,INR,2026-Q1,2026-06-30,42095640000.0,9.034616818370852,-7.70903623932781,10103286000.0,5299679000.0,4992501000.0,6613368000.0,43.8688,3.220463010675261,-28.597206234638957,8.7,2026-07-24,2026-11-14
BANDHANBNK,INR,2026-Q1,2026-06-30,244560249000.0,-2.19187559657506,0.5686962785174465,,18878342000.0,13532694000.0,,8.3945,-34.13702198440221,-5.924471299093654,3.1,2026-07-21,2026-10-23
CENTRALBK,INR,2026-Q1,2026-06-30,428641500000.0,5.720749128924157,-1.332705903154126,,64721200000.0,45649300000.0,,5.0433,3.765199679032174,77.42444471416434,,2026-07-17,2026-10-15
ACUTAAS,INR,2026-Q1,2026-06-30,14618044000.0,40.90471388370895,-23.818736200189257,6842372000.0,5048819000.0,3862220000.0,5425600000.0,47.0037,103.53208625617043,-43.64089775561097,9.1,2026-07-24,2026-11-14
CDSL,INR,2025-Q4,2026-03-31,12385130000.0,3.2696831325814557,-19.551790870111557,10099253000.0,6130890000.0,4561318000.0,6792826000.0,21.8245,-13.38831102345018,-39.83195648425376,5.6,2026-08-01,2026-10-26
NETWEB,INR,2026-Q1,2026-06-30,27020370000.0,107.70248985907634,5.943373546921178,4484500000.0,3462850000.0,2606600000.0,3604980000.0,45.9029,100.35922707253944,20.55108608205954,15.0,2026-07-28,2026-10-30
RRKABEL,INR,2026-Q1,2026-06-30,108319688000.0,37.65871862772976,6.884243338871868,14651781000.0,8232901000.0,6076524000.0,9249423000.0,53.7124,80.22722849684256,22.171043771043763,18.03,2026-07-27,2026-11-09
HATSUN,INR,2026-Q1,2026-06-30,104594300000.0,17.324211607877977,19.896571656909643,21689200000.0,5787600000.0,3547000000.0,11664900000.0,15.9224,25.1210159049475,162.8679046951647,6.0,2026-07-21,2026-10-21
PPLPHARMA,INR,2026-Q1,2026-06-30,92052800000.0,0.7831394553168195,-17.510547756534887,24780600000.0,1526200000.0,-3136200000.0,10101300000.0,-2.373,-420.8057320535352,-687.6876876876876,-0.5,2026-07-29,2026-11-11
ANGELONE,INR,2026-Q1,2026-06-30,54428590000.0,9.27912857123927,-2.28509738653232,40752860000.0,14362850000.0,10320290000.0,15664270000.0,11.05,2.3053420979538983,-28.488372093023255,2.5,2026-07-15,2026-10-21
GRSE,INR,2026-Q1,2026-06-30,75069043000.0,39.641601085866334,-14.373103216407038,9295245000.0,7818962000.0,8005968000.0,8326168000.0,69.8894,42.865845182707936,-42.9953680265375,15.1,2026-07-29,2026-11-06
APOLLOTYRE,INR,2026-Q1,2026-06-30,293076310000.0,11.227255347148361,0.8467660912957692,80093540000.00009,25872590000.0,17084099999.999998,41434560000.0,26.9217,105.45583588992169,-44.48917966784097,5.1,2026-08-06,2026-11-18
TVSHLTD,INR,2026-Q1,2026-06-30,624884900000.0,31.400189167013277,9.550262292999596,180321700000.0,84850900000.0,19703900000.0,99401600000.0,973.8928,53.59592821896169,43.88955755184443,,,
METROBRAND,INR,2026-Q1,2026-06-30,29557500000.0,15.479283467797073,-6.807420631840409,10943310000.0,5610510000.0,4064400000.0,8881910000.0,14.88,13.67456073338427,-19.672131147540973,3.5,2026-08-04,2026-11-14
SUNDRMFAST,INR,2026-Q1,2026-06-30,66015000000.0,10.187710519200019,9.022027992677021,31196700000.0,7948600000.0,6112300000.0,10350700000.0,29.0884,12.024955711314792,4.331467256867596,7.6,2026-08-04,2026-11-10
URBANCO,INR,2026-Q1,2026-06-30,17166099999.999998,,24.151705987404817,8153500000.0,-3621900000.0,-3338700000.0,-3106900000.0,-2.288,,43.24079114498276,-0.6,2026-07-31,2026-12-02
NXST.RR,INR,2026-Q1,2026-06-30,26360540000.0,12.50576708283558,4.482119042874443,15751310000.0,11857960000.0,4404210000.0,18014280000.0,2.9071,-4.838128907656556,1184.9502487562188,1.0,2026-08-03,2026-11-11
SJVN,INR,2026-Q1,2026-06-30,50052200000.0,60.47052185092446,-6.822054568417676,29110600000.0,23626200000.0,6392400000.0,34915300000.0,1.6267,-7.3633257403189045,,,2026-07-31,2026-11-06
IIFL,INR,2026-Q1,2026-06-30,143068200000.0,37.24503059680803,5.615492736084052,79322900000.0,45008500000.0,21025400000.0,47273500000.0,49.15,552.4105341403845,15.014577259475208,,2026-07-22,2026-10-28
PFOCUS,INR,2026-Q1,2026-06-30,49194780000.0,29.16810902188991,-8.498163592890476,11972321000.0,7771770000.0,1155782000.0,14805367000.0,1.5434,,-150.14604730048055,,2026-08-06,
SANSERA,INR,2026-Q1,2026-06-30,37528740000.0,23.485426552331052,2.254836584423204,14757240000.0,4759120000.0,3484250000.0,6960880000.0,55.85,51.98974579476895,-28.843187660668377,16.4,2026-08-12,2026-11-11
CGCL,INR,2026-Q1,2026-06-30,53181720000.0,50.327796146497874,13.946215033213852,31132740000.0,16675869999.999998,11276300000.0,17812480000.0,11.68,69.52104499274311,24.914675767918087,,2026-07-27,2026-11-03
PGHH,INR,2026-Q1,2026-06-30,42448500000.0,-1.5447239327836342,-5.296817235371606,23815400000.0,10370000000.0,7907200000.0,10749300000.0,243.5927,-4.57733071761878,-17.54063157805483,38.9,2026-07-29,2026-11-05
ITI,INR,2026-Q1,2026-06-30,21107300000.0,-41.2780814867365,-32.28232295068908,1528400000.0,-268500000.0,2632000000.0,-852100000.0,2.7318,,-108.59577526244193,,,
AMBER,INR,2026-Q1,2026-06-30,126250689000.0,14.556146850578806,-6.263873501848659,15339046000.0,6387027000.0,960494000.0,10076751000.0,27.1047,-66.47947069008163,-83.3341250989707,41.0,2026-08-13,2026-11-06
TIMKEN,INR,2026-Q1,2026-06-30,35858020000.0,13.012468617295204,-13.443063388100484,10980610000.0,5468980000.0,4219859999.9999995,6633270000.0,56.1012,-7.3183867466475965,-24.412715005226648,15.3,2026-08-04,2026-11-11
ASAHIINDIA,INR,2026-Q1,2026-06-30,51745800000.0,10.318788548086905,4.381637445903431,21654600000.0,7527600000.0,4376100000.0,10503900000.0,17.1688,19.429314746412356,12.542333743842377,,2026-08-05,2026-11-04
DATAPATTNS,INR,2026-Q1,2026-06-30,9414700000.0,33.80756111426947,-66.35348702334348,4133600000.0000005,3499000000.0,2679300000.0,3732800000.0,47.8583,24.897372260106838,-84.05845180396312,3.9,2026-07-30,2026-11-14
KPIL,INR,2026-Q1,2026-06-30,273798599999.99997,14.558406048446976,-17.613108936859565,38266300000.0,17591300000.0,11364900000.0,22767200000.0,66.5499,58.06037891796758,-28.59216084196616,18.2,2026-08-11,2026-10-29
GILLETTE,INR,2026-Q1,2026-06-30,31758300000.0,7.964141475951536,-1.1338383838383839,16561300000.0,8845400000.0,6680700000.0,9605900000.0,205.0224,18.588819973496857,-17.173136263539096,48.9,2026-07-30,2026-10-27
AWL,INR,2026-Q1,2026-06-30,777201600000.0,16.682920970454,-6.5998347059695,72504799999.99991,21920300000.0,11559000000.0,26550800000.0,8.9323,0.9698750918442207,20.038979447200564,2.7,2026-07-30,2026-10-29
DIACABS,INR,2026-Q1,2026-06-30,22981556000.0,92.5794556437337,-0.8606976892236533,3815295000.0,2345487000.0,1965089000.0,2696712000.0,3.729,416.4819944598338,-3.573291601460608,1.1,2026-08-13,2026-11-17
MSUMI,INR,2026-Q1,2026-06-30,123908100000.0,28.675929204826435,2.178359153366812,15825000000.0,8472299999.999999,6274000000.0,10743100000.0,0.9461,-7.208709297763829,-13.158937772493076,0.2095,2026-08-04,2026-11-14
GODIGIT,INR,2026-Q1,2026-06-30,106686300000.0,8.561813896882544,-23.668110738740324,,5864800000.0,4924100000.0,,5.31,6.6265060240963685,-42.2360248447205,1.0,2026-07-23,2026-10-22
IRB,INR,2026-Q1,2026-06-30,64103380000.0,-14.252445147867274,16.446134247469637,21801770000.0,17000660000.0,9541430000.0,29062710000.0,1.0353,-80.88970927549607,-48.30819404810436,0.38,2026-07-30,2026-11-12
ACC,INR,2026-Q1,2026-06-30,252018000000.0,15.347489243012935,-18.730796817166752,86185300000.0,13374000000.0,19086900000.0,24621600000.0,101.39,-20.992753058521007,-38.30963665086888,9.1,2026-07-24,2026-10-22
GABRIEL,INR,2026-Q1,2026-06-30,49942350000.0,18.481819685039184,17.86468671693702,8802470000.0,3494090000.0,2976550000.0,4568250000.0,19.3055,11.208719044683942,30.621927024928837,6.1,2026-07-21,2026-11-12
GUJENERGY,INR,2026-Q1,2026-06-30,227756400000.0,43.175123243443046,64.80019337517373,36257800000.0,21903100000.0,18971200000.0,28840600000.0,22.3599,34.40186095716671,184.60922912776738,10.6,2026-08-11,2026-11-05
FORCEMOT,INR,2026-Q1,2026-06-30,91998100000.0,8.436153360175764,-4.307329087315283,18525100000.0,11858100000.0,12518600000.0,14789100000.0,950.0874,45.3336139798687,-22.246133860282967,,,
CREDITACC,INR,2026-Q1,2026-06-30,63293700000.0,11.471035779952237,11.614643399567681,42955300000.0,30281600000.0,12108400000.0,30804500000.0,75.27,523.0960264900662,45.19185220274751,30.7,2026-07-24,2026-11-05
KAYNES,INR,2026-Q1,2026-06-30,38989050000.0,34.85234708982997,-23.870266320521342,8339719999.999999,4801510000.0,3457040000.0,6085850000.0,50.902,3.7123064384678135,-36.81027966742253,8.4,2026-08-07,2026-11-03
SUMICHEM,INR,2026-Q1,2026-06-30,32448820000.0,-3.610189590353669,55.51837459396294,10314560000.0,6173360000.0,5794550000.0,6849680000.0,11.6089,4.001899267169553,93.14306228684256,4.3,2026-07-27,2026-10-23
CUB,INR,2026-Q1,2026-06-30,82879561000.0,18.390317689129894,3.8432944470225134,,17928846000.0,14028846000.0,,14.125,20.64915652359599,6.280193236714977,3.9,2026-07-28,2026-11-09
EMMVEE,INR,2026-Q1,2026-06-30,55775699000.0,,-10.541134486407973,20201796000.0,16240465000.0,12741652000.0,19319823000.0,18.4036,,-3.0825422592370333,5.49,2026-07-15,2026-12-02
BELRISE,INR,2026-Q1,2026-06-30,97933630000.0,11.642761603249191,-0.2492136178280575,11563810000.0,7967790000.0,5068460000.0,11665060000.0,5.5864,-7.970083358044209,-14.035807024736915,1.4,2026-08-14,2026-12-02
JYOTICNC,INR,2026-Q1,2026-06-30,21914300000.0,17.438153426340104,-15.136190666933707,8163500000.0,4823600000.0,3217200000.0,5353700000.0,14.1463,-4.394282431656134,-36.909903575733225,2.5,2026-08-07,2026-11-12
NBCC,INR,2026-Q1,2026-06-30,127519185000.0,3.510731096371939,-50.446739068408775,9205559999.99999,7203699000.0,7427321000.0,7339595000.0,2.7509,30.61583020749252,-35.86129753914989,0.6,2026-08-11,2026-11-18
TDPOWERSYS,INR,2026-Q1,2026-06-30,21243892000.0,54.29041228809835,8.632077505175713,4988614000.0,3573494000.0,2749943000.0,3825161000.0,8.7993,45.19817827794463,19.52739548169307,2.75,2026-08-11,2026-11-11
DEEPAKNTR,INR,2026-Q1,2026-06-30,84684200000.0,8.201048736609698,24.57113337751959,15298800000.0,9879300000.0,7832600000.0,12249800000.0,57.4267,29.061235130585644,57.01268714154478,25.3,2026-08-04,2026-11-14
CHENNPETRO,INR,2026-Q1,2026-06-30,761971000000.0,33.507881382318224,62.74453955802708,76625900000.00009,55994400000.0,41739800000.0,62134200000.0,280.2996,,-27.464260653728946,,2026-07-23,2026-11-14
AFFLE,INR,2026-Q1,2026-06-30,28357330000.0,19.77525242392436,3.1457376476613694,6730530000.0,5052450000.0,4777900000.0,6379600000.0,33.86,18.68208902909218,6.242638398115422,9.1,2026-08-08,2026-11-09
PINELABS,INR,2026-Q1,2026-06-30,28316000000.0,49.008835493529936,5.197641718176757,7706600000.0,1655100000.0,1272900000.0,4437000000.0,1.1012,304.55547391623804,-66.66666666666666,0.170389,2026-07-28,2026-12-02
AETHER,INR,2026-Q1,2026-06-30,12239000000.0,33.78719757414373,7.025058828927445,4518730000.0,3104170000.0,2351920000.0,3840480000.0,17.7305,34.24264449794817,16.160176882446873,4.7,2026-07-31,2026-11-06
MILKYMIST,INR,2026-Q1,2026-06-30,,,,,,,,,,,,2026-08-31,
CEMPRO,INR,2026-Q1,2026-06-30,101853400000.0,10.018818476867148,-8.494059169528063,18864600000.0,8902600000.0,6015500000.0,10575100000.0,35.0171,46.779757638251404,-41.84690468252335,8.2,2026-07-28,2026-11-11
CUBEINVIT,INR,2025-Q4,2026-03-31,43273120000.0,25.3148427871116,7.272953604402134,7193080000.00001,5199720000.0,2165510000.0,19644470000.0,1.6112,,228.59482476252867,,,
SAGILITY,INR,2026-Q1,2026-06-30,76173920000.0,29.425717165415122,-3.0022867649710485,13518660000.0,13518660000.0,9930200000.0,18490740000.0,2.1212,49.23315041508372,-15.87647593097184,0.535,2026-07-21,2026-11-30
ANANTRAJ,INR,2026-Q1,2026-06-30,25505900000.0,16.969719060422868,-2.3824616193317976,7016200000.0,6312300000.0,5786100000.0,6884100000.0,16.3955,22.000312525578718,2.074332285938733,,2026-08-08,
TATAELXSI,INR,2026-Q1,2026-06-30,38864353000.0,5.189781873386366,2.752831895951421,12599584000.0,7843328000.0,6546613000.0,8761276000.0,105.0895,-12.155514484921584,-22.579322784291218,27.4,2026-07-14,2026-10-08
MTARTECH,INR,2026-Q1,2026-06-30,10803430000.0,53.38830842274594,17.856104342484866,2976520000.0,1915250000.0,1334440000.0,2278760000.0,43.3829,125.13882113610177,13.422706907929019,16.3,2026-07-29,2026-11-14
FINCABLES,INR,2026-Q1,2026-06-30,69386400000.0,26.526779152906766,3.1813149640199274,10258500000.0,6660600000.0,8001400000.0,7333100000.0,52.3175,29.165298499171698,10.9660360900616,14.5,2026-08-11,2026-11-17
IGL,INR,2026-Q1,2026-06-30,168403200000.0,9.915150249327729,10.186682169462536,27853600000.0,10961600000.0,13609900000.0,16269300000.0,9.7213,-18.289864086809615,-29.403058707449425,1.3,2026-08-13,2026-11-12
GRANULES,INR,2026-Q1,2026-06-30,56323100000.0,24.8337433278463,0.4192823648450165,24267430000.0,9703930000.0,6623480000.0,12773370000.0,26.922,36.162249645964,-13.48724179829891,6.95,2026-07-21,2026-11-05
TENNIND,INR,2026-Q1,2026-06-30,56631080000.0,15.449253752946571,-0.4957328710959265,15029110000.0,8329150000.0,6008020000.0,9434650000.0,14.8859,5.407797651923922,-0.9207210699748074,4.0,2026-08-05,2026-12-02
GRINDWELL,INR,2026-Q1,2026-06-30,31730295000.0,12.94153036094966,-4.621532497055685,12384284000.0,4950421000.0,4363068000.0,6007748000.0,39.4063,17.92291348714726,-2.719914961863384,10.4,2026-07-24,2026-11-04
BRIGADE,INR,2026-Q1,2026-06-30,55316300000.0,4.8127663364047875,-23.46665751920966,20865000000.0,11551100000.0,6949200000.0,14651000000.0,21.2945,-7.887394616293,37.923681257014586,6.1,2026-08-13,2026-11-06
HAPPYFORGE,INR,2026-Q1,2026-06-30,16419544999.999998,15.530323152615763,6.035914049580537,7444084000.0,4156645000.0000005,3274016000.0,5103915000.0,34.66,21.41721139766413,9.502262443438912,9.7,2026-08-04,2026-11-05
RAMCOCEM,INR,2026-Q1,2026-06-30,92277900000.0,8.576669604312102,-12.92063808268718,37424200000.0,5988000000.0,6448500000.0,13449000000.0,27.2903,101.18765020715685,-79.27492826117636,0.9,2026-08-07,2026-11-11
IFCI,INR,2026-Q1,2026-06-30,20471400000.0,-2.6978468558391557,-23.97619806609287,14319200000.0,7249800000.0,1744300000.0,8094900000.0,0.6475,-45.61565597177894,153.3604887983707,,,
AADHARHFC,INR,2026-Q1,2026-06-30,38327300000.0,18.035477810969788,0.47153177297961735,23898800000.0,15528400000.0,11409600000.0,15868500000.0,25.76,19.8139534883721,-9.272467902995713,6.235,2026-07-31,2026-11-05
ESDS,INR,,,,,,,,,,,,,,,
CARBORUNIV,INR,2026-Q1,2026-06-30,54139200000.0,10.13505678732065,2.022383523438338,14788700000.0,3393700000.0,2092400000.0,5927800000.0,10.9865,-13.290030306856938,,3.65,2026-08-07,2026-11-04
SHRIPISTON,INR,2026-Q1,2026-06-30,49699000000.0,35.19637873157674,1.2776480285753538,17936000000.0,7685000000.0,5636000000.0,9390000000.0,127.946,7.366702107037754,-7.613590886800843,35.9,2026-05-11,2026-11-03
GESHIP,INR,2026-Q1,2026-06-30,62129800000.0,23.86867047597781,32.68228132856954,34524200000.0,26390800000.0,37468600000.0,35646500000.0,261.91,83.95139766821185,25.363113181693603,86.55,2026-08-03,2026-11-06
KIOCL,INR,2026-Q1,2026-06-30,6805300000.0,27.418599861446573,-28.284845459084103,-35100000.0000004,-429000000.0,388800000.0,-58000000.0,0.6397,,-128.99260102447354,,,
CAPLIPOINT,INR,2026-Q1,2026-06-30,22873300000.0,15.01460731220427,1.6995467875233272,10898300000.0,7184800000.0,6653500000.0,7965800000.0,87.28,17.89814939889234,4.034065441506061,23.3,2026-08-12,2026-11-05
HBLENGINE,INR,2026-Q1,2026-06-30,33390900000.0,62.972694097370116,5.613123220552208,15853100000.0,10311500000.0,7807200000.0,10826700000.0,28.1643,129.55473506614177,71.10618314636056,,2025-02-10,2026-11-06
FSL,INR,2026-Q1,2026-06-30,100636190000.0,19.707141757701383,5.474144304485391,12089220000.0,12089220000.0,6710110000.0,16604000000.0,9.52,6.846240179573507,-18.90034364261169,2.4,2026-08-06,2026-11-04
WELSPUNLIV,INR,2026-Q1,2026-06-30,99339900000.0,-3.263944408360169,14.782605125172967,29926200000.0,6210200000.0,2776200000.0,10276500000.0,2.9103,-48.647504102482664,53.80390002746497,1.7,2026-08-13,2026-11-04
KAJARIACER,INR,2026-Q1,2026-06-30,50557000000.0,8.315461792752975,-3.2963192194269486,12622400000.0,7685500000.0,5458900000.0,9365200000.0,34.23,73.99393079890812,8.802456499488242,10.7,2026-07-31,2026-10-16
RATNAMANI,INR,2026-Q1,2026-06-30,43139738000.0,-16.304985862945458,-10.433965003491355,13044283000.0,5956263000.0,4328934000.0,7317755000.0,61.715,-23.655670559652236,-21.581769436997323,11.7,2026-08-07,2026-11-05
LMW,INR,2026-Q1,2026-06-30,33740000000.0,11.23602543856468,-7.762870247331648,7608000000.0,983500000.0,1747900000.0,2190600000.0,163.6151,69.61664577754696,-12.827815713684268,63.6,2026-07-24,2026-11-02
ELGIEQUIP,INR,2026-Q1,2026-06-30,41462000000.0,15.943569021685938,-4.529929893942118,12079000000.0,5216000000.0,4479000000.0,6133000000.0,14.1524,23.403439015032603,-19.295906779242582,3.45,2026-08-13,2026-11-11
CESC,INR,2026-Q1,2026-06-30,188530000000.0,8.72549019607843,33.9111328125,44920000000.0,22640000000.0,15510000000.0,34780000000.0,11.7006,12.554470684430758,-8.427441270608119,3.0,2026-08-12,2026-11-14
CASTROLIND,INR,2026-Q2,2026-06-30,62193800000.0,11.84124871873258,21.1119308327509,26483600000.0,14063600000.0,10623500000.0,15141300000.0,10.7403,11.091228796028139,43.57131187714426,3.5,2026-08-04,2026-11-02
TATACHEM,INR,2026-Q1,2026-06-30,151200000000.0,2.044948370115408,23.763816172193135,66270000000.0,4970000000.0,-21650000000.0,17540000000.0,-84.9832,-742.4347799792868,99.20263168586102,-1.35,2026-07-27,2026-10-30
CHALET,INR,2026-Q1,2026-06-30,23874750000.0,6.045430115884995,-8.230491009768603,14137230000.0,8268799999.999999,5281080000.0,10641430000.0,24.1038,85.07927976350442,-47.126344086021504,3.9,2026-07-29,2026-10-22
ECLERX,INR,2026-Q1,2026-06-30,43348280000.0,23.201058178501686,4.070399092556853,13756540000.0,9080680000.0,7288750000.0,10961420000.0,76.595,28.55824102047667,-12.12574850299401,17.86,2026-08-05,2026-11-05
PFIZER,INR,2026-Q1,2026-06-30,25697700000.0,10.692471376758531,3.8046501279341416,12447700000.0,8840500000.0,7351500000.0,9416300000.0,160.6965,-9.088106123137116,2.3269923326472566,44.7,2026-07-28,2026-11-11
ONESOURCE,INR,2026-Q1,2026-06-30,15433430000.0,27.15325688806574,4.858751520841069,5054330000.0,560490000.0,-486200000.0,3390850000.0,-4.2497,40.38520887691833,443.63001745200694,2.6,2026-07-24,2026-11-17
EIHOTEL,INR,2026-Q1,2026-06-30,30230100000.0,8.344234622014989,-26.614686892607402,19616700000.0,8843000000.0,7115600000.0,10304700000.0,11.3783,4.4685812920048384,-50.70137116088112,1.87,2026-08-06,2026-11-12
SUNTV,INR,2026-Q1,2026-06-30,45024200000.0,12.758673368445042,65.19699493490158,23271400000.0,16192400000.0,15292300000.0,23301000000.0,38.8046,-8.588591418240062,166.70799646715133,15.6,2026-08-12,2026-11-12
SHILPAMED,INR,2026-Q1,2026-06-30,16824654999.999998,27.907591123388446,6.588251447401543,6877211000.0,3525436000.0,2973189000.0,4785508000.0,15.2018,167.6797379866528,-6.412280224266517,5.18,2026-08-05,2026-11-06
ABDL,INR,2026-Q1,2026-06-30,39788581000.0,-35.97966845135135,-2.7760209882497264,15203768000.0,4593153000.0,2209796000.0,5457186000.0,7.9003,-8.011969633459088,20.117414157962997,1.76,2026-07-23,2026-11-03
ERIS,INR,2026-Q1,2026-06-30,32296700000.0,9.594763346137663,15.423760177646187,15326000000.0,8585500000.0,6439100000.0,11396100000.0,46.9636,65.42303628038042,-50.12153621779291,10.3,2026-07-29,2026-11-11
JINDALSAW,INR,2026-Q1,2026-06-30,182628000000.0,-8.569380244501861,-3.9100201144711964,53748400000.0,13004700000.0,6534900000.0,19413300000.0,10.2379,-61.96916790490342,-25.059633027522942,1.6,2026-07-14,2026-11-14
INOXINDIA,INR,2026-Q1,2026-06-30,16182287000.0,19.938756867431927,-19.507764512806265,7229865000.0,3083255000.0,2548425000.0,3438727000.0,28.0,8.619753277988988,-22.853688029020553,6.4,2026-08-03,2026-11-05
ATUL,INR,2026-Q1,2026-06-30,66434899999.99999,15.754360287839967,10.651050554767165,16577700000.0,8706500000.0,7954300000.0,11888300000.0,270.171,59.22308239942291,16.725461132608356,83.31,2026-07-24,2026-10-23
BAYERCROP,INR,2026-Q1,2026-06-30,55954000000.0,-2.78168708192164,66.69694767441861,17882000000.0,7760000000.0,7321000000.0,8929000000.0,162.8985,23.56118914138217,98.39638910298709,71.6,2026-08-05,2026-11-14
TBOTEK,INR,2026-Q1,2026-06-30,30919820000.0,68.93427096406192,13.681909720516725,11655080000.0,3386150000.0,2646960000.0,4441180000.0,24.59,13.842592592592585,38.46153846153847,7.7,2026-07-29,2026-11-17
CAMS,INR,2026-Q1,2026-06-30,15571266000.0,7.742275690274653,-0.04825158228248455,6098872000.0,6098872000.0,4949310000.0,7123644000.0,19.878,4.588024834262864,1.1811023622047168,5.1,2026-08-03,2026-11-04
SARDAEN,INR,2026-Q1,2026-06-30,56653800000.0,5.899901864573111,28.27684134112973,22892200000.0,14751700000.0,11297700000.0,18236700000.0,32.0616,20.78024817859214,190.05018400802945,,,
ZYDUSWELL,INR,2026-Q1,2026-06-30,45371000000.0,66.26722368806801,-3.2127702566174983,23300000000.0,3961000000.0,1882000000.0,5891000000.0,5.9152,-42.46474078397044,-26.605522604972702,3.7,2026-08-04,2026-11-14
THELEELA,INR,2026-Q1,2026-06-30,16044560000.0,,-27.3448660253499,10531380000.0,6658810000.0,4431640000.0,7848020000.0,13.27,,-71.59327306308934,1.5,2026-07-31,2026-12-02
POLYMED,INR,2026-Q1,2026-06-30,19974240000.0,18.312168717024964,-1.709205827976728,8028500000.0,3331907000.0,3150823000.0,4613621000.0,31.0603,-12.885574371890304,29.862174578866767,8.445,2026-08-07,2026-11-02
GMDCLTD,INR,2026-Q1,2026-06-30,28274200000.0,2.2460411310124364,11.373994226398871,9508500000.0,3695600000.0,9563300000.0,4956000000.0,30.0733,43.69887232415902,-15.797493241582696,5.1,2026-07-31,2026-11-12
OLAELEC,INR,2026-Q1,2026-06-30,18800000000.0,-49.16170903190914,71.69811320754717,-2850000000.0,-15660000000.0,-17410000000.0,-9200000000.0,-4.1164,26.58986339479974,36.11157788606957,-0.8,2026-08-07,2026-11-06
VERTIS,INR,2026-Q1,2026-06-30,40437740000.0,65.28082962207267,-0.5573706920252003,23319290000.0,17898950000.0,8308570000.0,29720880000.0,5.5024,35.22732858196117,38.0848600422257,,,
TRITURBINE,INR,2026-Q1,2026-06-30,22525000000.0,17.697774062075453,-34.858740435550324,7646000000.0,3922000000.0,3363000000.0,4280000000.0,10.5794,-1.5814836176902891,-49.85181718920605,1.6,2026-08-10,2026-11-04
AARTIIND,INR,2026-Q1,2026-06-30,90120000000.0,27.05484280276329,8.204895738893926,23350000000.0,8210000000.0,5310000000.0,13050000000.0,14.6217,123.65889101338435,12.749119974591736,4.26,2026-07-29,2026-11-17
LALITHAA,INR,2026-Q1,2026-06-30,,,26.015191862293317,,,,,,,-21.596273815545437,,,
DEVYANI,INR,2026-Q1,2026-06-30,58350260000.0,14.724505123748555,9.997759005388131,24626000000.0,2206600000.0,-276720000.0,9053200000.0,-0.2245,-133.3679833679834,,0.105,2026-07-29,2026-11-14
ALIVUS,INR,2026-Q1,2026-06-30,25904000000.0,7.928206743513017,-7.067450084673575,11811580000.0,7578090000.0,6030240000.0,8366870000.000001,49.03,21.60218253968254,-1.5885022692889625,13.0,2026-07-30,2026-11-05
ASTRAZEN,INR,2026-Q1,2026-06-30,24320600000.0,31.10270177027406,18.005219405126077,6312200000.0,2404500000.0,1696200000.0,2576900000.0,67.848,-7.493455497382192,-15.485739750445637,,,
AZAD,INR,2026-Q1,2026-06-30,6384820000.0,28.716607833689828,6.846643844520519,3781740000.0,1791220000.0,1389790000.0,2404460000.0,21.5199,31.604085127201564,-0.6676238334529854,5.5,2026-08-07,2026-11-06
BEML,INR,2026-Q1,2026-06-30,45361500000.0,12.77979577984799,-54.317595322628286,12098300000.0,2631300000.0,1784600000.0,3502400000.0,21.4266,-40.290430183337186,-115.02044937679192,-3.1,2026-08-07,2026-11-11
DEEPAKFERT,INR,2026-Q1,2026-06-30,121035400000.0,13.62863129750353,8.131819962940579,28555300000.0,15907100000.0,9841200000.0,20161700000.0,77.9576,0.2965503666031621,251.55906139341963,38.8,2026-07-30,2026-11-05
COHANCE,INR,2026-Q1,2026-06-30,21415000000.0,41.24126104735523,-31.796743765344353,8076500000.0,1244100000.0,1062300000.0,3161400000.0,2.7594,-70.32903225806453,-226.10000000000002,-0.615,2026-08-05,2026-11-02
VTL,INR,2026-Q1,2026-06-30,101864700000.0,3.290627107215104,8.21063419242748,32158100000.0,9051100000.0,8479100000.0,13865100000.0,29.5138,-1.4327317418544643,64.92441869423855,10.9,2026-07-30,2026-10-23
INDIGRID,INR,2026-Q1,2026-06-30,50151840000.0,52.32816631256348,-51.47925849985354,22471460000.0,20656380000.0,5650690000.0,32363210000.0,6.1639,50.060862790924155,30.42145593869731,1.3,2024-01-25,2026-11-11
CHAMBLFERT,INR,2026-Q1,2026-06-30,201230700000.0,15.579549905861839,80.50146677055542,69303100000.0,24450500000.0,19280400000.0,27986200000.0,48.1225,10.166775408353656,209.35236472092035,13.1,2026-07-30,2026-11-11
SAMMAANCAP,INR,2026-Q1,2026-06-30,35207200000.0,-60.24664621443677,,-23242800000.0,-60050200000.0,-72355600000.0,-59175100000.0,-89.4275,-180.6836657187874,,,2026-08-13,2026-11-18
J&KBANK,INR,2026-Q1,2026-06-30,143478700000.0,2.3539919345921536,6.481436963168062,,29250100000.0,23037700000.0,,20.9194,7.253123606105194,-46.292618338298574,,2026-05-05,
EMAMILTD,INR,2026-Q1,2026-06-30,39146300000.0,2.8214887017001953,12.334882715382122,20269100000.0,8000100000.0,7483600000.0,9756100000.0,17.1446,-8.52212701021247,-4.072922382781536,3.2,2026-08-04,2026-11-13
APLLTD,INR,2026-Q1,2026-06-30,77839500000.0,14.11609305271306,16.347173814214276,34612400000.0,8264799999.999999,6934500000.0,11689700000.0,35.2788,14.982823693525143,-14.617637361571735,8.8,2026-08-04,2026-11-10
FIVESTAR,INR,2026-Q1,2026-06-30,32935254999.999996,10.231347818895452,1.535363973143781,25340943000.0,17001644000.0,11038423000.0,17381954000.0,37.39,1.245599783373953,0.4376367614879556,9.2,2026-07-25,2026-11-03
CHOICEIN,INR,2026-Q1,2026-06-30,12255696000.0,28.508928110808984,1.6498213614889592,11063344000.0,3334288000.0,2389198000.0,3570220000.0,10.9492,27.186135117554116,-8.311477226552402,,2026-08-10,2026-12-02
INOXWIND,INR,2026-Q1,2026-06-30,43849700000.0,17.101784445785643,-34.57050086799974,12093100000.0,6471100000.0,3443600000.0,8614000000.0,1.9927,-40.7093338093963,-51.78030303030303,0.5,2026-08-07,2026-10-23
MINDACORP,INR,2026-Q1,2026-06-30,66457700000.0,26.59308799914662,8.363608618331869,12002800000.0,5341300000.0,5009800000.0,7764300000.0,20.95,95.32524683703627,65.45105566218808,3.85,2026-08-13,2026-11-05
AGARWALEYE,INR,2026-Q1,2026-06-30,22066800000.0,,8.847565191186115,6954600000.0,3205200000.0,1483700000.0,6121200000.0,4.65,,14.51612903225806,1.4,2026-08-04,2026-10-29
TRAVELFOOD,INR,2026-Q1,2026-06-30,17249660000.0,,-1.836186705391777,10506810000.0,5145230000.0,4759780000.0,6729470000.0,36.07,,4.918032786885238,9.6,2026-08-13,2026-12-02
JUBLPHARMA,INR,2026-Q1,2026-06-30,86083000000.0,16.273384210170867,-2.6462882096069866,25009000000.0,7486000000.0,3521000000.0,12182000000.0,22.1791,-23.44114601311702,-52.659574468085104,3.5,2026-08-10,2026-10-30
FINEORG,INR,2026-Q1,2026-06-30,24715838000.0,7.263769918313044,11.009723605506014,8040704000.0,4839906000.0,4381098000.0,5424351000.0,142.8931,5.7343490437942,17.5772901286277,45.1,2026-08-07,2026-11-14
CENTURYPLY,INR,2026-Q1,2026-06-30,57892045000.0,23.390413042116954,4.63595353592147,16953846000.000002,5421916000.0,2911405000.0,7416895000.0,13.1042,43.59980275053421,2.851289055830619,3.6,2026-07-31,2026-11-18
GPIL,INR,2026-Q1,2026-06-30,58078700000.0,8.426584523476151,8.706614418699969,22275900000.0,10782000000.0,8065400000.0,12627200000.0,12.6566,11.509929340452151,-19.38099430107029,3.6,2026-08-07,2026-11-14
JSWCEMENT,INR,2026-Q1,2026-06-30,68490500000.0,,0.07493443237167478,34095100000.0,8633100000.0,7604900000.0,12051600000.0,5.7182,,-57.03088314972007,1.2,2026-08-13,2026-12-02
PSB,INR,2026-Q1,2026-06-30,139256300000.0,2.5276241466847966,2.555707244834209,,18808000000.0,13842800000.0,,1.9509,21.264296369965198,-21.412952060555092,,,
GRAPHITE,INR,2026-Q1,2026-06-30,30590000000.0,22.507008410092112,-0.4728132387706856,6260000000.0,2380000000.0,2130000000.0,3320000000.0,10.9021,-40.66852064501031,,,2026-08-04,2026-11-16
NAVA,INR,2026-Q1,2026-06-30,43094895000.0,8.97949476077811,6.033249297455159,15661588000.0,12534939000.0,7559105000.0,16555688999.999998,26.6974,-26.747462663633854,117.80602364045143,,2021-11-09,2026-11-05
SIGMAADV,INR,2026-Q1,2026-06-30,8427950999.999999,,15.94158766898977,2772579000.0,999812000.0,1518804000.0,1209305000.0,8.5826,-48.55358277486723,-81.39643347050755,,,
BASF,INR,2026-Q1,2026-06-30,161765000000.0,6.651397316919441,40.082523440199544,21953400000.0,8009000000.0,6429900000.0,9524400000.0,148.5481,62.41634439921586,423.06764195762014,80.3,2026-08-04,2026-11-05
ASTRAMICRO,INR,2026-Q1,2026-06-30,11397388000.0,4.016732644207533,-63.816769221410716,3700791000.0,2795834000.0,1890453000.0,3258664000.0,19.86,15.981639160447102,-88.4201077199282,1.3,2026-08-10,2026-11-17
KFINTECH,INR,2026-Q1,2026-06-30,14267270000.0,22.264546437710276,1.2632653906131406,13258360000.0,4796500000.0,3416690000.0,5755730000.0,19.69,-0.2027369488089161,-7.066381156316918,4.34,2026-07-24,2026-11-02
DCMSHRIRAM,INR,2026-Q1,2026-06-30,138404800000.0,11.054248600436017,11.614798298959709,29516400000.0,10112000000.0,14328200000.0,15303900000.0,92.2606,133.04958018005271,87.26984340119837,,2025-05-05,
THANGAMAYL,INR,2026-Q1,2026-06-30,96222800000.0,83.20824051331847,-6.0859335650912065,8199900000.0,5919700000.0,3910400000.0,6368300000.0,125.8091,252.7394206856332,-40.35456959904483,27.0,2026-07-29,2026-11-14
SYNGENE,INR,2026-Q1,2026-06-30,36002000000.0,-3.4073835587035846,-28.991799324650263,11696000000.0,4552000000.0,2210000000.0,9091000000.0,5.492,-56.483154258185166,-106.0926430517711,0.0,2026-07-29,2026-10-21
HONASA,INR,2026-Q1,2026-06-30,25526340000.0,21.08430820256282,15.045564950599925,14678590000.0,2564660000.0,2488690000.0,3005440000.0,7.6229,239.35360370386854,30.188679245283,2.8,2026-08-13,2026-11-12
HORIZONIND,INR,2026-Q1,2026-06-30,,,39.17191740003356,,,,,,,83.95338413267594,,,
PARADEEP,INR,2026-Q1,2026-06-30,234470900000.0,54.289246975029016,30.248597928102477,51564500000.0,18689400000.0,10721400000.0,22918000000.0,11.2225,14.202995888793907,152.27515345609822,3.78,2026-07-28,2026-11-04
KPITTECH,INR,2026-Q1,2026-06-30,65911640000.0,9.551903805483477,-2.1043834015195904,21028510000.0,9893150000.0,5826180000.0,13095260000.0,21.28,-27.86440677966101,-28.067226890756302,4.3,2026-07-29,2026-10-28
CONCORDBIO,INR,2026-Q1,2026-06-30,11083921000.0,-6.7224209794249274,-21.03492521457951,4746634000.0,3135970000.0,2753741000.0,3883788000.0,26.3223,-22.67108115889235,-34.085044713866594,5.6,2026-07-31,2026-11-18
MOLBIO,INR,2026-Q1,2026-06-30,,,309.5719500942753,,,,,,,,,,
CLEANMAX,INR,2026-Q1,2026-06-30,,,49.2755573015608,,,,,,,-18.127490039840623,,2026-07-31,
BHARATCOAL,INR,2026-Q1,2026-06-30,,,9.269711692228027,,,,,,,-349.4880546075085,,,
ZENTEC,INR,2026-Q1,2026-06-30,6711097000.0,-23.49800460464452,-20.461646626488974,3117774000.0,1953591000.0,1801601000.0,2212612000.0,20.0375,-29.041910866370372,9.296754691153813,4.05,2026-07-25,2026-10-26
PGEL,INR,2026-Q1,2026-06-30,58181289000.0,15.148949525621774,18.48236637891664,5604684000.0,3200725000.0,2058007000.0,4139307000.0,7.1372,-25.88654323423433,17.77777777777777,2.7,2026-08-06,2026-11-05
KANSAINER,INR,2026-Q1,2026-06-30,82634700000.0,5.241125123217957,21.491418890214003,21204200000.0,7618100000.0,6001400000.0,9998200000.0,7.422,-46.99669354205201,106.26620570440792,2.9,2026-08-03,2026-11-10
MAHSCOOTER,INR,2026-Q1,2026-06-30,2893800000.0,40.54395337542496,-16.897081413210437,,2853600000.0,2785200000.0,2853700000.0,243.7051,15.362323368452536,-17.208162334701328,,,
GRWRHITECH,INR,2026-Q1,2026-06-30,22582000000.0,6.024752568219806,6.098644187098828,8703600000.0,4497700000.0,3878600000.0,4971400000.0,166.9479,19.015569528209078,22.58572863976367,35.7,2025-08-08,2026-11-12
ARVIND,INR,2026-Q1,2026-06-30,97978300000.0,15.207189580141407,-2.0418394964533175,33478699999.999996,7529400000.0,4141500000.0,10673900000.0,15.7952,12.628171303888985,-66.53591767737277,2.9,2026-08-12,2026-11-04
SPLPETRO,INR,2026-Q1,2026-06-30,57188765000.0,-2.271412485765692,6.778691255177831,9783483000.0,6357075000.0,4847289000.0,7372803000.0,25.7778,38.33447816940711,40.802597228730164,,2026-07-27,2026-10-23
JNPR,INR,2026-Q1,2026-06-30,,,81.24081957826075,,,,,,,54.250281848928985,,,
VIJAYA,INR,2026-Q1,2026-06-30,8571307000.000001,20.176524593032465,5.290078663777876,5256001000.0,2658844000.0,1874887000.0,3619410000.0,18.19,24.511434653743226,10.75268817204301,5.2,2026-08-06,2026-11-05
AEQUS,INR,2026-Q1,2026-06-30,,,7.747689340593785,,,,,,,0.9141882008776282,-1.0,2026-07-29,2026-12-02
RAINBOW,INR,2026-Q1,2026-06-30,18201330000.0,18.29968971348869,2.19264580855445,7178490000.0,4166090000.0,2853960000.0,5751890000.0,28.1015,10.857104535430967,-21.384128658054312,6.0,2026-07-30,2026-11-04
AVALON,INR,2026-Q1,2026-06-30,17643110000.0,44.38322241899107,0.9425056940013461,2689910000.0,1676950000.0,1336010000.0,2014040000.0,19.93,66.36615579819026,-15.309446254071654,5.25,2026-08-04,2026-11-14
NIVABUPA,INR,2026-Q1,2026-06-30,68529300000.0,38.807294293509635,39.72481939152751,,3786700000.0,3600200000.0,,1.9324,157.96288879989322,-60.215053763440864,0.72,2026-07-30,2026-11-30
ENGINERSIN,INR,2026-Q1,2026-06-30,38776632000.0,16.302570711011448,-11.491901137720701,10648397000.0,7092736000.0,7841243000.0,7502325000.0,13.9513,41.657697540767224,-19.229663696464502,2.35,2026-08-13,2026-11-05
CANHLIFE,INR,2026-Q1,2026-06-30,139675400000.0,,42.12099969024601,,2040100000.0,1313300000.0,,4.6411,,-79.74423852834576,,2026-07-20,
NATCOPHARM,INR,2026-Q1,2026-06-30,34846000000.0,-20.72887756494836,-0.5276687863617914,19860000000.0,8559000000.0,11443000000.0,10520000000.0,63.8882,-32.593020875756224,-22.919243446343927,11.5,2026-08-14,2026-11-17
USHAMART,INR,2026-Q1,2026-06-30,38368700000.0,8.540076605808236,5.487817331454363,13222900000.0,6472500000.0,5070400000.0,7684800000.0,16.6311,25.345563075624423,-3.7438016528925533,4.7,2026-07-27,2026-11-05
SKFINDUS,INR,2026-Q1,2026-06-30,,,2.64877553609948,,,,,,,-47.95320908392029,12.5,2026-08-11,2026-12-02
CMPDI,INR,2026-Q1,2026-06-30,,,-41.78478134674922,,,,,,,-38.09541912183995,,,
ARE&M,INR,2026-Q1,2026-06-30,146274600000.0,12.65454181379892,19.197907091847558,30370600000.0,9156200000.0,9219100000.0,15394900000.0,50.3706,7.1550741163056,-39.25504102107243,11.1,2026-08-10,2026-11-03
LTFOODS,INR,2026-Q1,2026-06-30,116334713000.0,28.194284148392473,8.433192446357188,28818274000.0,9805417000.0,6403255000.0,12471389000.0,18.4397,3.166663869260416,35.210258247805285,,2026-07-30,2026-11-02
BALRAMCHIN,INR,2026-Q1,2026-06-30,63656650000.0,14.985616197011687,2.0450493911872054,10665327000.0,5435448000.0,3710368000.0,7213217000.0,18.21,-11.730489578284043,-72.70408163265304,1.88,2026-08-11,2026-11-11
CROMPTON,INR,2026-Q1,2026-06-30,83321600000.0,7.870847466404288,-2.1131973003630757,17595400000.0,6712700000.0,-2239700000.0,8488200000.000001,-3.4783,-142.5292837404935,,2.2,2026-08-06,2026-10-22
MARKSANS,INR,2026-Q1,2026-06-30,31717460000.0,19.588570308214077,-1.789247693648276,12755760000.0,6132970000.0,5167480000.0,7136910000.0,11.4031,47.582377759946155,6.100097895252074,3.45,2026-08-12,2026-11-05
SHADOWFAX,INR,2025-Q4,2026-03-31,,,6.672357744608566,,,,,,,28.538219608915632,1.08,2026-09-02,2026-12-02
VGUARD,INR,2026-Q1,2026-06-30,63103500000.0,13.356865703815476,3.1550701601463027,16250700000.0,4848900000.0,3647300000.0,5941300000.0,8.2977,26.4893292682927,16.078431372549026,3.0,2026-07-29,2026-11-04
TMB,INR,2026-Q1,2026-06-30,69798100000.0,11.77800731861603,6.062584396308324,,19598200000.0,14441700000.0,,91.2003,20.32638424362846,10.132563717886788,,,
SHAILY,INR,2026-Q1,2026-06-30,10246445000.0,19.967448856524285,18.515421952821008,3957739000.0,2425100000.0,1767995000.0,2943300000.0,38.32,50.907136190539944,19.930875576036872,10.4,2026-08-08,2026-11-09
CIEINDIA,INR,2026-Q2,2026-06-30,99973450000.0,12.504049814718515,0.32921738224898467,34505840000.0,11058740000.0,9032240000.0,14818380000.0,23.809,14.311915153086465,-5.514733847534721,6.19,2026-07-22,2026-10-20
CCL,INR,2026-Q1,2026-06-30,46021807000.0,35.83386617943913,-1.959877619536315,12707258000.0,6100774000.0,4325309000.0,7674587000.0,32.43,39.03715803418694,1.9790454016298014,8.8,2026-07-27,2026-11-14
SWANDEF,INR,2026-Q1,2026-06-30,3123311000.0,4092.363758389262,-87.04432365447636,-2725780000.0,-3623804000.0,-2367999000.0,-2990752000.0,-44.9488,-46.870864551713325,70.6772908366534,,,
JSWDULUX,INR,2026-Q1,2026-06-30,35909000000.0,-11.335802469135803,9.249405637948602,10714000000.0,4013000000.0,19625000000.0,4787000000.0,430.9369,383.4936239058093,-36.5949445509186,17.5,2026-08-11,2026-11-15
CARTRADE,INR,2026-Q1,2026-06-30,8073907000.0,19.972768809930425,-0.9746331526889174,2360425000.0,2360425000.0,2313696000.0,2764692000.0,46.26,52.67326732673266,-20.279720279720276,10.5,2026-07-29,2026-11-03
JBMA,INR,2026-Q1,2026-06-30,62769400000.0,12.455501987742108,-22.12528411084777,12233200000.0,5548500000.0,2241800000.0,7287900000.0,9.4793,9.190913907895043,-43.15749235474007,,2024-01-30,2026-10-29
SEDEMAC,INR,2026-Q1,2026-06-30,,,7.667442911264816,,,,,,,4.463040446304048,7.5,2026-07-28,2026-12-02
INDGN,INR,2026-Q1,2026-06-30,38128000000.0,30.414557394992475,5.949770779350209,4890000000.0,4890000000.0,4009000000.0,6379000000.0,16.6,-8.223404137686995,45.75757575757575,4.8,2026-07-30,2026-11-04
ABREL,INR,2026-Q1,2026-06-30,4504700000.0,-82.83649193394753,128.6042851954969,-361200000.0,-4439300000.0,-1163000000.0,-3745800000.0,-10.5315,40.03928490093373,-459.4020618556701,-6.4,2026-08-13,2026-10-27
PRUDENT,INR,2026-Q1,2026-06-30,14050367000.0,18.960636318639555,3.526668183899907,5863621000.0,3285807000.0,2450311000.0,3601515000.0,59.1767,20.571677726817985,26.467868700878416,18.1,2026-07-25,2026-11-04
APOLLO,INR,2026-Q1,2026-06-30,10220338000.0,69.08472436213574,-14.30939908516853,2554826000.0,2055426000.0,1213217000.0,2309579000.0,3.3372,54.79382160582589,-31.21853927248552,0.775,2026-08-08,2026-11-06
KIRLOSBROS,INR,2026-Q1,2026-06-30,46639000000.0,5.035695786320744,-21.92071231715073,14396000000.0,4435000000.0,3734000000.0,5482000000.0,47.0224,-10.39119431655335,-40.26863800814745,8.2,2024-08-02,2026-11-05
ACE,INR,2026-Q1,2026-06-30,34140400000.0,5.2134600153473025,-23.6826001223907,9075000000.0,5092900000.0,4368600000.0,5456100000.0,36.6967,3.324999014523117,7.837808807733612,,2025-11-06,2026-11-06
VOGL,INR,2026-Q1,2026-06-30,,,,,,,,,,,,,
IGIL,INR,2026-Q1,2026-06-30,13627410000.0,,0.6007130414964104,10078700000.0,7772970000.0,6096750000.0,8272150000.0,13.64,,-7.711442786069643,3.8,2026-07-23,2026-12-02
PRIVISCL,INR,2026-Q1,2026-06-30,26710933000.0,21.632951169058572,-7.664065945427819,8147220000.0,5214716000.0,3498121000.0,6664209000.0,89.5514,60.79153806238005,-10.132571809730265,21.25,2026-07-30,2026-11-09
BBOX,INR,2026-Q1,2026-06-30,66536100000.00001,12.19742102804764,1.6298626799294953,10308000000.0,4754900000.0,2260100000.0,6008700000.0,13.04,3.061006741644074,-16.000000000000004,3.175,2026-08-12,2026-11-05
BIKAJI,INR,2026-Q1,2026-06-30,30754557000.0,13.806257846842657,1.8553331742693695,7778522000.0,3150161000.0,2585095000.0,4133272000.0,10.3034,27.650032211705234,7.080357142857135,2.4,2026-08-05,2026-11-09
MANYAVAR,INR,2026-Q1,2026-06-30,14556540000.0,1.9471919689099213,-24.55066883310342,7867530000.0,4683550000.0,3858970000.0,6403320000.0,15.878,-2.6540534243971825,-29.41276595744681,3.3,2026-07-25,2026-11-03
ANURAS,INR,2026-Q1,2026-06-30,25346080000.0,51.765027809928476,3.019426439524177,8741070000.0,3976470000.0,1747240000.0,5629270000.0,15.3778,36.90208053273034,-9.404196252202233,3.4,2026-08-14,2026-11-11
INGERRAND,INR,2026-Q1,2026-06-30,14565100000.0,8.28426561988878,26.642859526749657,4865600000.0,3333100000.0,2675100000.0,3493500000.0,84.7409,1.0806955098652131,8.717846305217165,22.3,2026-08-13,2026-11-12
CEATLTD,INR,2026-Q1,2026-06-30,164665900000.0,21.484662612896418,2.3491961155659427,44686600000.0,12924200000.0,5895600000.0,20244700000.0,145.9147,36.965639074171776,-98.36400513512797,2.7,2026-07-16,2026-10-15
KSB,INR,2026-Q2,2026-06-30,27256000000.0,4.629558541266795,14.86778646266423,8156000000.0,2871000000.0,2455000000.0,3468000000.0,14.106,-4.400452718684135,43.72048277068393,10.2,2026-08-04,2026-10-30
LUMAXTECH,INR,2026-Q1,2026-06-30,52075731000.0,33.284425098531834,-3.7628531148407323,10307650000.0,5346098000.0,3240775000.0,7238231000.0,47.5482,72.85037606831393,-1.6738731909561353,12.7,2026-08-10,2026-11-09
CORONA,INR,2026-Q1,2026-06-30,14790700000.0,,19.638052621144748,7365500000.0,2746000000.0,1990300000.0,3167800000.0,32.5425,,32.605205283538204,9.8,2026-07-31,2026-12-02
VENTIVE,INR,2026-Q1,2026-06-30,24963940000.0,,-30.30020532457076,15678950000.0,7416610000.0,4794610000.0,10789140000.0,20.53,,-64.82342527496007,0.75,2026-08-04,2026-11-12
BLUESTONE,INR,2026-Q1,2026-06-30,26805920000.0,,8.125645661157025,6245160000.0,2198610000.0,563180000.0,4415500000.0,3.8746,,-77.66497461928934,-0.2,2026-07-20,2026-12-02
TI,INR,2026-Q1,2026-06-30,29786819000.0,103.27727654428578,8.011348371041347,10805570000.0,2969735000.0,-360460000.0,4148960000.0,-1.3131,-109.1953781512605,,2.5,2026-07-27,2026-11-05
NAZARA,INR,2026-Q1,2026-06-30,17589800000.0,-6.067499732991562,7.790738599225702,8539100000.0,124900000.0,-524700000.00000006,2262400000.0,-1.4163,-137.27791961677153,-270.18775639002837,-2.2,2026-08-03,2026-11-12
VINATIORGA,INR,2026-Q1,2026-06-30,23808300000.0,5.093955672874465,15.232149953636242,7557900000.0,5471400000.0,4484300000.0,6646700000.0,43.2573,5.440802238624072,-12.10997656511551,10.5,2026-07-29,2026-11-14
VARROC,INR,2026-Q1,2026-06-30,94971790000.0,14.661676557061007,11.23917056996289,20247520000.0,5322940000.0,1972410000.0,8672320000.0,12.9096,47.31941116056145,11.47970992130845,5.1,2026-08-06,2026-11-18
TEGA,INR,2026-Q1,2026-06-30,30592860000.0,84.87714584591065,227.1629358522658,9887990000.0,3539940000.0,211290000.0,4996470000.0,3.7916,-87.30437228364596,-301.98422479664777,-3.85,2026-08-13,2026-11-06
WABAG,INR,2026-Q1,2026-06-30,40970000000.0,20.446861678671173,-37.30203619909502,6205000000.0,4413000000.0,3949000000.0,4477000000.0,62.84,29.513602638087384,-29.808165272995566,14.5,2026-08-12,2026-11-06
FRACTAL,INR,2026-Q1,2026-06-30,,,2.956109669412163,,,,,,,-40.293714052144466,4.0,2026-07-23,2026-12-02
ATLANTAELE,INR,2026-Q1,2026-06-30,20027345000.0,,-37.62504617964276,5157284000.0,3388702000.0,2174653000.0,3727646000.0,28.2802,,-54.16284144781398,6.1,2026-07-21,2026-12-02
GALLANTT,INR,2026-Q1,2026-06-30,44368107000.0,4.1306155452167355,-4.909143169177028,9094174000.0,5259109000.0,4358351000.0,6546890000.0,18.0634,-3.718351900218527,0.6796574212304586,,,
UJJIVANSFB,INR,2026-Q1,2026-06-30,84520500000.0,15.874206214286499,4.387522539426835,,11962300000.0,9059500000.0,,4.59,69.37269372693726,11.888111888111899,1.6,2026-07-23,2026-11-09
SOBHA,INR,2026-Q1,2026-06-30,56167160000.0,32.150809649920284,-35.7013031765715,12261470000.0,2535660000.0,2306360000.0,3642870000.0,21.5651,122.07107477164836,-44.63337370725799,4.8,2026-07-20,2026-11-09
DOMS,INR,2026-Q1,2026-06-30,24345962000.0,19.937133650748983,11.014379207898498,5961169000.0,2953299000.0,2173930000.0,3864224000.0,35.71,4.392921978641999,-21.589688506981748,7.3,2026-08-03,2026-11-09
RKFORGE,INR,2026-Q1,2026-06-30,44394914000.0,8.54820413928516,-0.008662239555467672,13374807000.0,3178544000.0,1068910000.0000001,6705154000.0,5.8263,-74.94657177871902,-17.58957654723127,3.1,2026-07-24,2026-10-28
AMAGI,INR,2026-Q1,2026-06-30,,,10.052875398958614,,,,,,,-1.0481121353706384,1.5,2026-08-13,2026-12-02
SUDEEPPHRM,INR,2026-Q1,2026-06-30,6756110000.0,23.737938448887043,-13.199721178224918,3644848000.0,2173813000.0,1826355000.0,2329391000.0,16.1698,6.10801233676749,-17.03602708386292,3.6,2026-08-04,2026-12-02
EIDPARRY,INR,2026-Q1,2026-06-30,388398700000.0,15.644757410191898,14.401706094517738,68438200000.0,25647100000.0,4648600000.0,33949500000.0,26.0419,-55.10791242889157,,3.8,2025-11-11,2026-11-18
PCBL,INR,2026-Q1,2026-06-30,85486200000.0,2.0762435609941323,19.71433549848504,17659700000.0,7358700000.0,2587900000.0,11194500000.0,6.6332,-38.80811808118081,285.0048875855328,3.9,2026-07-29,2026-10-16
GODREJAGRO,INR,2026-Q1,2026-06-30,104736100000.0,8.57633644367639,22.40241785094206,17806200000.0,6064100000.0,4467600000.0,8340500000.0,23.2278,-1.8574072352687754,28.257759189962577,7.0,2026-08-05,2026-11-11
SCI,INR,2026-Q1,2026-06-30,63103100000.0,16.693573292353893,22.02932838138791,17600200000.0,14828000000.0,16180700000.0,25789600000.0,34.7375,78.54205857258869,53.07384126545557,,,
UTLSOLAR,INR,2026-Q1,2026-06-30,34028500000.0,,49.39313234299873,7283140000.0,5770170000.0,2943320000.0,6392170000.0,9.9588,,-45.72910662824208,5.4,2026-08-13,2026-12-02
PVRINOX,INR,2026-Q1,2026-06-30,68723000000.0,13.436112440783718,4.84069023460221,25805000000.0,9354000000.0,4446000000.0,22143000000.0,45.11,,-69.76253298153033,5.8,2026-07-23,2026-11-14
HOMEFIRST,INR,2026-Q1,2026-06-30,20072980000.0,21.423131574219532,6.9553329965229285,11869910000.0,8199879999.999999,5813430000.0,8398090000.0,55.28,26.64375715922108,6.821378340365674,15.25,2026-07-27,2026-10-22
PCJEWELLER,INR,2026-Q1,2026-06-30,35050100000.0,36.46932855724492,-5.424116289602519,8241500000.0,7642100000.0,7747100000.0,7853900000.0,0.79,-1.7901541521630988,43.75000000000001,,,
SKYGOLD,INR,2026-Q1,2026-06-30,71764442000.0,81.39607692072425,5.298737682565928,5534065999.9999895,5059178000.0,3350160000.0,5197087000.0,21.6177,101.59559090951478,22.385975228784602,6.835,2026-08-09,2026-11-18
E2E,INR,2026-Q1,2026-06-30,3662298000.0,130.70436589179323,63.901583706858965,485500000.0,312119000.0,311578000.0,2336501000.0,1.4548,-23.636554511574193,570.712232513574,2.1,2026-07-21,2026-12-02
VISL,INR,2026-Q1,2026-06-30,,,,,,,,,,,,,
ASKAUTOLTD,INR,2026-Q1,2026-06-30,46431500000.0,27.913287345175654,18.393019038984587,11623300000.0,4510400000.0,3163800000.0,5718500000.0,16.0483,23.17747110203706,18.984237213403887,4.3,2026-08-04,2026-11-14
AKUMS,INR,2026-Q1,2026-06-30,45016140000.0,9.180934530206446,0.756649289901785,9867790000.0,4090360000.0,2917230000.0,5677320000.0,19.0542,-14.570863652870983,18.195635653023547,6.4,2026-08-08,2026-11-12
JSWHL,INR,2026-Q1,2026-06-30,1841084000.0,-26.591986092587167,4.791056935099418,1821158000.0,1700632000.0,1373752000.0,1700714000.0,123.7741,-22.40583469736645,81.14754098360658,,,
VEDPOWER,INR,2026-Q1,2026-06-30,,,,,,,,,,,,,
MANORAMA,INR,2026-Q1,2026-06-30,14811941000.0,59.78742319531026,3.236334357078445,5635038000.0,3567746000.0,2466535000.0,3828603000.0,41.3096,72.42147880710395,85.15910496429979,13.1,2026-08-13,2026-11-06
NSLNISP,INR,2026-Q1,2026-06-30,139384300000.0,41.57359405852097,-5.598350090229441,36339200000.0,4840400000.0,836700000.0,15101000000.0,0.2855,,-87.10835265086368,,,
APTUS,INR,2026-Q1,2026-06-30,23259930000.0,20.542136521998565,2.9564397554081916,16546631000.000002,13271141000.0,9846334000.0,13407568000.0,19.6481,23.108395989974927,0.011516314779277888,5.21,2026-07-31,2026-11-10
METROPOLIS,INR,2026-Q1,2026-06-30,17099976999.999998,21.802437747295773,6.0123631445299255,8264272000.000001,2870022000.0,2016237000.0,4222814999.9999995,9.7107,32.09320673613188,11.105691056910574,2.7,2026-08-04,2026-11-10
KTKBANK,INR,2026-Q1,2026-06-30,104392200000.0,0.9027800599662473,3.085257776204926,,18536000000.0,14373700000.0,,37.95,23.374512353706116,2.597402597402608,,2026-07-29,2026-10-22
EDELWEISS,INR,2026-Q1,2026-06-30,110028700000.0,16.2698320444838,22.82712463438414,70365700000.0,11770700000.0,6020800000.0,26297700000.0,6.3618,44.43536302955999,39.5245813074014,,2022-05-27,2026-10-29
GRAVITA,INR,2026-Q1,2026-06-30,47003900000.0,17.4847844832973,25.77680002728606,6591900000.0,3994000000.0,3919300000.0,4440100000.0,53.8145,12.56944793078636,15.786511509924539,14.4,2026-07-27,2026-11-04
PARKHOSPS,INR,2026-Q1,2026-06-30,13460880000.0,,3.3222346024113136,8529180000.0,,2041500000.0,,,,16.43301231256856,1.91,2026-08-03,2026-12-02
SOUTHBANK,INR,2026-Q1,2026-06-30,118785500000.0,2.8284744988014863,2.107750600953377,,20307700000.0,15111300000.0,,5.7645,13.311579816405558,-7.096774193548392,1.4,2026-07-16,2026-10-15
TRIDENT,INR,2026-Q1,2026-06-30,67809899999.99999,-2.449483978444207,9.451587413401285,21233300000.0,6145600000.0,3952400000.0,9092600000.0,0.7788,-10.110803324099713,55.07246376811595,0.3,2026-07-21,2026-11-14
LLOYDSENGG,INR,2026-Q1,2026-06-30,16112800000.0,73.75535787383693,6.490646842551816,4453000000.0,2028900000.0,2236700000.0,2288700000.0,1.5173,81.69081547120108,36.57538558388418,,2025-05-07,
JMFINANCIL,INR,2026-Q1,2026-06-30,43640200000.0,-2.5929703874166052,26.356517163463028,28815400000.0,14455500000.0,10400800000.0,15293200000.0,10.874,-5.781027969361933,76.43146327356853,,2026-08-03,2026-11-14
BLUEDART,INR,2026-Q1,2026-06-30,63566800000.0,9.23275463579516,8.102538686769222,10469900000.0,4640600000.0,2870500000.0,10161800000.0,120.9756,15.825422584768278,81.14593250306011,37.0,2026-07-31,2026-10-30
UTIAMC,INR,2026-Q1,2026-06-30,17518400000.0,-6.585472500986487,157.52695269526953,16829500000.0,8024200000.0,4611300000.0,8540799999.999999,35.8094,-35.64090582314882,,22.9,2026-07-22,2026-10-15
TECHNOE,INR,2026-Q1,2026-06-30,33560000000.0,38.719668712960896,-37.592286223177965,5892480000.0,4477730000.0,4310740000.0,4689910000.0,37.0658,-6.765604759089924,-18.498319165574877,8.02,2026-08-11,2026-11-18
NUVOCO,INR,2026-Q1,2026-06-30,115943000000.0,9.453605201224596,-5.384138504573977,57471700000.0,9635100000.0,3859500000.0,18583800000.0,10.8062,153.64880407483042,13.539101962078314,4.5,2026-07-13,2026-11-11
BLACKBUCK,INR,2026-Q1,2026-06-30,7125250000.0,49.010188802355636,10.103379657342543,1102510000.0,1102510000.0,1688140000.0,1760700000.0,9.21,,-35.93314763231198,2.3,2026-07-29,2026-12-11
SHREEJISPG,INR,2026-Q1,2026-06-30,7570330000.0,,11.048545754240429,2248780000.0,1850600000.0,1597760000.0,2151300000.0,9.8071,,9.82586562159106,,,
CYIENT,INR,2026-Q1,2026-06-30,76321000000.0,3.185290340025688,7.722248170636774,22343000000.0,6844000000.0,3782000000.0,9713000000.0,34.04,-39.61326946957601,90.06085192697768,9.5,2026-07-23,2026-10-15
QPOWER,INR,2026-Q1,2026-06-30,10032220000.0,121.98172762253311,-17.14445457394376,2920840000.0,1724320000.0,1333050000.0,1864760000.0,17.2131,95.68123685556756,6.395454960299363,,2026-08-09,2026-12-02
PGIL,INR,2026-Q1,2026-06-30,53249418000.0,13.746652100385326,16.34364996288754,15113087000.0,4195906000.0,3103383000.0,5128137000.0,33.54,23.086182346637703,20.611111111111118,10.9,2026-08-05,2026-11-17
TITAGARH,INR,2026-Q1,2026-06-30,32715900000.0,-10.219813391877059,-12.606376295077848,7032100000.0,3136700000.0,1915700000.0,3677800000.0,14.2248,-19.76897652539792,-2.5582149898919426,3.9,2026-08-12,2026-11-18
STAR,INR,2026-Q1,2026-06-30,50043540000.0,7.276631083241549,-4.387179157819973,18383800000.0,7270790000.0,6134990000.0,9369930000.0,66.5527,68.93177514582625,23.60881182655167,17.0,2026-07-31,2026-10-29
BLUEJET,INR,2026-Q1,2026-06-30,8856760000.0,-27.513227946261598,24.905398264782587,3944120000.0,2461710000.0,2349100000.0,2711810000.0,13.5422,-34.49171604788971,21.634809802388595,4.5,2026-08-03,2026-11-05
MGL,INR,2026-Q1,2026-06-30,85354100000.0,11.122958449691122,15.626812212178065,18768900000.0,8784600000.0,7154800000.0,13012100000.0,72.4313,-33.11457213671237,48.529814212302725,19.6,2026-07-30,2026-10-22
WELENT,INR,2026-Q1,2026-06-30,35440500000.0,0.6289218887532297,-35.494305770930254,7771100000.0,6665300000.0,3056400000.0,7162900000.0,21.99,-3.4560876666139917,-68.61244019138756,,2025-08-06,2026-11-04
VOLTAMP,INR,2026-Q1,2026-06-30,22738965000.0,17.8394994422839,-11.89856096447022,4873128000.0,3481799000.0,3170583000.0,3629762000.0,313.3879,-2.599155184433163,90.43342724749832,90.2,2026-07-31,2026-10-23
PARAS,INR,2026-Q1,2026-06-30,5112900000.0,36.60628406540558,-25.334189481057734,1901200000.0,1129600000.0,944500000.0,1304200000.0,11.7204,47.62696493349456,-38.272936102386204,2.6,2026-08-07,2026-11-05
ELANTAS,INR,2026-Q2,2026-06-30,9373031000.0,17.661640486316436,27.55551734645606,2987138000.0,1940442000.0,1775699000.0,2172224000.0,223.9872,33.54654303365924,127.96826303628175,,,
SIGNATURE,INR,2026-Q1,2026-06-30,22821850000.0,-22.979168600187304,-50.14847380846156,3132380000.0,-1567450000.0,10436800000.0,-1256120000.0,74.2034,709.8951113827616,-101.43385403954113,-1.2,2026-08-06,2026-11-06
KEC,INR,2026-Q1,2026-06-30,235062000000.0,5.136979714809535,-21.38127469775813,33461100000.0,13969400000.0,5536200000.0,15992800000.0,20.7971,-9.352389420646121,-62.33240821286056,2.7,2026-08-10,2026-11-09
IIFLCAPS,INR,2026-Q1,2026-06-30,24646538000.0,-4.455036543231854,27.641042465631248,16310553000.0,5886716000.0,5701069000.0,6540749000.0,17.34,-20.275862068965516,60.458452722063015,,2023-04-24,
JPPOWER,INR,2026-Q1,2026-06-30,57560000000.0,8.795705631633165,28.077147782434018,14671700000.0,10519300000.0,6413400000.0,15246600000.0,0.7083,-12.555555555555555,,,,
VIYASH,INR,2026-Q1,2026-06-30,31487200000.0,96.47817893646496,2.8696899865211534,9695900000.0,4046200000.0,1711600000.0,6007900000.0,4.09,249.39347343242778,25.641025641025646,1.49,2026-08-11,2026-11-14
AVANTIFEED,INR,2026-Q1,2026-06-30,63607903000.0,11.351435578444963,29.443547965111527,12686620000.0,5797909000.0,5310739000.0,6409532000.0,38.9795,-8.265182448254357,-17.42790555845966,7.6,2026-08-13,2026-11-14
LOTUSDEV,INR,2026-Q1,2026-06-30,8399809999.999999,,-56.95972006321992,3557680000.0,2976420000.0,2569420000.0,2992710000.0,5.2574,,-52.43646776090402,,2026-08-03,
SBFC,INR,2026-Q1,2026-06-30,17825230000.0,27.549106666886104,8.240374156100955,11977930000.0,7843530000.0,4800650000.0,8042740000.0,4.33,30.03003003003003,5.40540540540539,1.2,2026-07-25,2026-10-26
INDIACEM,INR,2026-Q1,2026-06-30,44793700000.0,6.787693848116053,-17.02925975664347,12128900000.0,1720200000.0,924900000.0,4690200000.0,2.9845,,-54.87499999999999,,2026-07-18,2026-10-17
CANFINHOME,INR,2026-Q1,2026-06-30,42941630000.0,8.195486958088487,1.9626546064009276,16906617999.999998,13650007000.0,11296999000.0,14069300000.0,84.8414,28.171218452483465,-22.5217833452747,20.1,2026-07-18,2026-10-15
INDIAMART,INR,2026-Q1,2026-06-30,16113320000.0,12.752310911139256,2.4833736882588187,6215930000.0,5239810000.0,4933790000.0,5518600000.0,81.8536,-16.63380373496724,242.40146720368236,28.6,2026-07-21,2026-10-15
ZENSARTECH,INR,2026-Q1,2026-06-30,58107000000.0,8.055788005578801,3.992002206287921,11969000000.0,8297000000.0,7764000000.0,9264000000.0,33.74,14.761904761904773,-12.677595628415302,8.0,2026-07-29,2026-11-14
IRCON,INR,2026-Q1,2026-06-30,92406000000.0,-9.92452282105095,-38.66910422768409,6796700000.0,6005400000.0,5236500000.0,7710000000.0,5.5677,-21.603773584905657,-51.60023561751424,1.7,2026-08-12,2026-11-06
LLOYDSENT,INR,2026-Q1,2026-06-30,19884200000.0,32.91487804794901,-21.76227002390084,4259899999.9999995,1551600000.0,1122900000.0,1818500000.0,0.7359,-63.518738845925036,53.88621794871795,,,
RATEGAIN,INR,2026-Q1,2026-06-30,23356510000.0,114.36408057475779,9.707497729019634,3497870000.0,3497870000.0,2423650000.0,4593180000.0,20.4807,15.31990608055226,35.70219966159052,8.0,2026-08-06,2026-11-17
AAVAS,INR,2026-Q1,2026-06-30,27659956000.0,13.184445764431613,-0.8025237803994336,15944365000.0,9195990000.0,6869161000.0,9644194000.0,86.16,16.70052824055262,-5.575065847234414,21.555,2026-07-21,2026-10-22
JUBLINGREA,INR,2026-Q1,2026-06-30,46506400000.0,10.961486154389414,10.318584821617954,11700200000.0,4381300000.0,3086300000.0,6237800000.0,19.4352,10.745666518513453,23.933209647495364,6.7,2026-07-22,2026-10-21
HCG,INR,2026-Q1,2026-06-30,26200190000.0,13.654440950005423,6.6279761767460315,12443060000.0,2162430000.0,227750000.0,4729240000.0,1.5605,-40.31363549435839,514.8666666666667,0.95,2026-08-06,2026-11-05
ABLBL,INR,2026-Q1,2026-06-30,86009700000.0,,-5.906649004673069,33106800000.000004,5619600000.0,1759900000.0,13889600000.0,1.4399,,-46.78102027177545,0.24,2026-08-01,2026-12-02
IEX,INR,2026-Q1,2026-06-30,6317723000.0,13.74027660730897,-9.42383566060652,5118021000.0,5118021000.0,5069812000.0,5356815000.0,5.697,11.96053769357755,4.115707022124506,1.4,2026-07-23,2026-11-14
JKTYRE,INR,2026-Q1,2026-06-30,164039500000.0,9.925563467396826,-6.563370143769061,39725800000.0,13679400000.0,6511800000.0,18522100000.0,23.0713,40.8882727961113,-75.25753158406219,1.2,2026-08-07,2026-11-03
BBTC,INR,2026-Q1,2026-06-30,199154000000.0,6.63353381498561,5.618525567715998,72391000000.0,32395400000.0,12901300000.0,35889300000.0,184.9068,13.066496431106891,-35.09324188828575,,,
RITES,INR,2026-Q1,2026-06-30,24577900000.0,10.622065991835413,-30.726576940098404,6438200000.0,4875400000.0,4173800000.0,5546200000.0,8.6845,8.142604537643516,-32.89945642125504,2.0,2026-08-04,2026-11-05
JWL,INR,2026-Q1,2026-06-30,31270957000.0,-11.732811683722854,-14.024892882875065,6688415000.0,2981722000.0,1666361000.0,3677064000.0,3.9065,-48.70667016806723,-1.986656782802071,0.7,2026-08-14,2026-11-09
KWIL,INR,2026-Q1,2026-06-30,19091900000.0,,80.79456566488267,5302300000.0,-2476600000.0,-3349400000.0,-955500000.0,-1.4297,,,,,
OLECTRA,INR,2026-Q1,2026-06-30,25404507000.0,38.430329259699135,-10.735589503056362,3529021000.0,3010357000.0,1774162000.0,3502660000.0,21.6148,25.900210854952764,-53.26128736583778,3.2,2025-08-09,2026-11-05
SUDARSCHEM,INR,2026-Q1,2026-06-30,99224000000.0,90.12588577807635,-5.297680920463099,29386000000.0,3909000000.0,724000000.0,7322000000.0,9.2076,-6.800008097657763,23.60955729582867,12.2,2026-08-12,2026-10-23
SUVEN,INR,2026-Q1,2026-06-30,88138000.0,17.25936273531564,134.57667258732977,-421268000.0,-3726575000.0,-3524375000.0,-3662573000.0,-14.2057,-68.16056441398251,-161.21811556480998,,,
AFCONS,INR,2026-Q1,2026-06-30,112490000000.0,-11.872357894275034,2.1868209224742143,19225800000.0,6346700000.0,1447000000.0,10333000000.0,3.9145,-73.50448755262552,,0.85,2026-08-07,2026-11-23
JAINREC,INR,2026-Q1,2026-06-30,107183210000.0,,-12.255300592628043,7719840000.0000105,5625000000.0,3609400000.0,5783870000.0,10.4594,,5.11654646179575,2.0,2026-08-03,2026-12-02
YATHARTH,INR,2026-Q1,2026-06-30,13341090000.0,43.998380960090664,14.958001891305559,7172630000.0,2092389999.9999998,1811740000.0,3103640000.0,18.8029,24.10417862965237,-0.9651648485340055,4.8,2026-08-10,2026-11-11
KRN,INR,2026-Q1,2026-06-30,7370926000.0,64.03642709007228,40.582394230437075,1638465000.0,1208964000.0,969422000.0,1439439000.0,15.3295,78.68007879430722,33.7075961154716,4.8,2026-08-12,2026-12-02
SAREGAMA,INR,2026-Q1,2026-06-30,10414500000.0,-11.203478705716844,-8.293904814917896,5179400000.0,2870800000.0,2214700000.0,3747800000.0,11.5524,8.994159881499378,-31.7080002036971,2.69,2026-08-04,2026-11-04
FINPIPE,INR,2026-Q1,2026-06-30,39538600000.0,-2.2442102244210225,-32.75032727494139,13738800000.0,5842300000.0,6154100000.0,6918400000.0,9.953,54.84784367415519,-56.16538862065701,1.85,2026-08-06,2026-10-23
WEWORK,INR,2026-Q1,2026-06-30,25887020000.0,,-1.7571685321587271,7442880000.0,6490220000.0,842310000.0,16757710000.0,6.1387,,-106.52731092436973,-0.3,2026-07-16,2026-12-02
MAXESTATES,INR,2026-Q1,2026-06-30,2967484000.0,5.192141971695983,13.443031698246857,2330904000.0,826252000.0,77227000.0,1147958000.0,0.4785,-84.8013213480291,,0.4,2026-08-14,2026-11-04
BLS,INR,2026-Q1,2026-06-30,31781764000.0,31.809006824905563,9.325526459424562,11145129000.0,7651459000.0,7057654000.0,8677146000.0,17.1125,24.630387601415812,6.728538283062646,4.81,2026-08-07,2026-11-09
ALKYLAMINE,INR,2026-Q1,2026-06-30,16583300000.0,5.112602762301369,36.468429350494944,6000400000.0,2700600000.0,2252000000.0,3416700000.0,43.96,20.57048820625343,108.46501128668172,19.0,2026-08-04,2026-11-10
MAHSEAMLES,INR,2026-Q1,2026-06-30,46202700000.0,-12.211569155000229,-14.757325542336206,14754900000.0,5797600000.0,7373500000.0,6955900000.0,55.0264,-16.068138277751338,159.06905224201518,18.1,2026-01-28,2026-11-03
WHIRLPOOL,INR,2026-Q1,2026-06-30,83286300000.0,6.031957407098562,25.03611109837351,15970900000.0,1988900000.0,2509000000.0,4091200000.0,19.7759,-30.481108595694415,28.280575198139623,8.1,2026-08-05,2026-11-11
INTELLECT,INR,2026-Q1,2026-06-30,31816610000.0,22.59082590016761,-0.21841304622446484,3849460000.0,3849460000.0,3530210000.0,6033010000.0,24.85,-0.12057877813503853,-15.212264150943398,7.25,2026-07-31,2026-10-23
HMT,INR,2026-Q1,2026-06-30,1470300000.0,8.822440974021168,-59.50447928331467,-118500000.0,-1206800000.0,-1329800000.0,-1143000000.0,-3.7396,6.278038144407412,22.001709239388465,,,
SANOFICONR,INR,2026-Q2,2026-06-30,9498000000.0,31.169727938130094,2.8359511343804535,5624000000.0,3397000000.0,2660000000.0,3529000000.0,115.5382,33.006012646934565,1.609763885444869,29.9,2026-07-28,2026-11-18
PGINVIT,INR,2026-Q1,2026-06-30,12561220000.0,-0.6384309990642252,-0.0038536883008446,9142220000.0,8518570000.0,9062280000.0,11689000000.0,9.9585,-22.775386762824233,-24.122496176657098,,,
SWANCORP,INR,2026-Q1,2026-06-30,41717592000.0,-16.72001491460544,16.56922743102968,-1750082000.0,-3587417000.0,2235808000.0,-2343713000.0,7.1328,-64.8174728835881,-111.69223589803418,,2024-01-31,
GENUSPOWER,INR,2026-Q1,2026-06-30,51733713000.0,74.17131227637822,-11.20594874864195,14534974000.0,9198563000.0,6516134000.0,9836584000.0,23.42,64.87616687551922,14.401294498381887,5.4,2026-08-13,2026-11-14
TEJASNET,INR,2026-Q1,2026-06-30,13034600000.0,-82.04941760381635,20.881300910757762,-2378800000.0,-10372900000.0,-9172600000.0,-6366700000.0,-51.3713,-619.8629790420676,4.500327571435771,15.75,2024-10-17,2026-10-16
ELECON,INR,2026-Q1,2026-06-30,23707500000.0,3.0814651199193,-30.183339815721354,6639500000.0,3675700000.0,2360600000.0,4770300000.0,10.5196,-54.35627755215384,1072.4008975317875,3.1,2026-07-10,2026-10-16
JLHL,INR,2026-Q1,2026-06-30,15578170000.0,18.233020791115848,5.967697853227379,8992900000.0,2512460000.0,1876600000.0,3441070000.0,5.7243,-2.624774606198742,-25.422291788951938,1.14,2026-07-31,2026-11-06
KENNAMET,INR,2026-Q4,2026-06-30,15107000000.0,29.07552973342447,18.48176631108906,4826000000.0,2558000000.0,1960000000.0,3037000000.0,89.1655,90.4472543198274,72.70426052303009,,2026-08-13,2026-11-05
PRICOLLTD,INR,2026-Q1,2026-06-30,42509000000.0,43.25667937764006,0.566770680761638,6934200000.0,3716600000.0,2679300000.0,4948100000.0,21.9828,56.35215294669912,-8.479936088411032,5.5,2026-07-30,2026-11-14
PGHL,INR,2025-Q4,2026-03-31,14079700000.0,13.03939753474741,-0.9121061359867331,7967400000.0,4330700000.0,3269100000.0,4566600000.0,196.9411,4.595839239631694,21.922995462393054,57.0,2026-05-26,2026-12-02
KIRLPNU,INR,2026-Q1,2026-06-30,18082000000.0,9.81416251670108,-57.417813992694576,6439000000.0,3363000000.0,2629000000.0,3695000000.0,20.1705,25.033318662790332,-76.75260063319764,2.55,2026-07-21,2026-10-15
KRBL,INR,2026-Q1,2026-06-30,60093700000.0,0.5082806766371522,-1.9429695181907574,14805400000.0,8993200000.0,7582000000.0,9919800000.0,33.1251,40.389146945141405,67.80832007542278,6.78,2026-05-14,2026-11-06
SHIPROCKET,INR,2026-Q1,2026-06-30,,,33.80587890991351,,,,,,,23.952095808383234,,,
MMTC,INR,2026-Q1,2026-06-30,27300000.0,-19.705882352941178,11.475409836065573,-787000000.0,-1835700000.0,4473600000.0,-1787400000.0,2.9824,355.5368871238736,-17.303344043793892,,,
PNGJL,INR,2026-Q1,2026-06-30,114375160000.0,47.77444567056687,-31.919506950020683,11578400000.0,6052490000.0,4458140000.0,6689890000.0,32.8509,76.70704549611096,16.708015697595748,,2026-07-27,2026-11-18
FIRSTCRY,INR,2026-Q1,2026-06-30,87916090000.0,11.708916208868878,-2.609693212272989,19732100000.0,-1405290000.0,-1250020000.0,2599450000.0,-2.5814,29.541174222780253,-2.881844380403443,-0.6,2026-08-13,2026-11-12
SGMART,INR,2026-Q1,2026-06-30,64800900000.0,9.839108281550338,-28.212569397204362,2155500000.00001,1457200000.0,1243300000.0,1595700000.0,9.86,5.907626208378076,9.68310394069212,3.81,2026-07-20,2026-12-02
SANDUMA,INR,2026-Q1,2026-06-30,53278200000.0,45.220877841892516,-9.038699475317422,25367000000.0,10417000000.0,7171000000.0,12534100000.0,14.752,45.66136103321618,-3.686293913904005,,,
ESABINDIA,INR,2026-Q1,2026-06-30,15772500000.0,12.993237241023584,6.4106127605811745,4924800000.0,2724500000.0,2218900000.0,2898600000.0,144.1498,29.073383446528272,28.90958574862151,27.2,2023-05-25,2026-11-06
CLEAN,INR,2026-Q1,2026-06-30,9819550000.0,-0.3598169864870761,7.69459143922039,4744120000.0,2715070000.0,2329400000.0,3514750000.0,21.9118,-13.291677713715892,25.86904979026081,6.9,2026-08-01,2026-11-05
SMLMAH,INR,2026-Q1,2026-06-30,29495700000.0,18.040403717013902,6.671865426391133,3900300000.00001,2206200000.0,1564100000.0,2734900000.0,108.0803,9.961969217245505,17.379834777825838,,2024-02-09,
RPOWER,INR,2026-Q1,2026-06-30,76904500000.0,2.865210319625908,3.6592732320930876,27251400000.0,15308000000.0,-3168600000.0,23606900000.0,-0.773,-110.10721757322175,,,,
WESTLIFE,INR,2026-Q1,2026-06-30,27025944000.0,6.764129595788335,12.239240585736699,12217354000.0,1123409000.0,316913000.0,3434712000.0,2.0366,212.74570024570022,-74.8,0.0,2026-07-30,2026-11-11
THYROCARE,INR,2026-Q1,2026-06-30,8760300000.0,21.08726001078137,7.175708863585621,4456000000.0,2218800000.0,1763000000.0,2815400000.0,11.0091,65.28939268823663,8.769085258748827,3.3,2026-07-23,2026-11-04
TIMETECHNO,INR,2026-Q1,2026-06-30,64452600000.0,15.513697095695967,0.9566581378565734,13004200000.0,7319300000.0,4898400000.0,9216200000.0,10.3185,15.990332733812943,-11.846637711547094,,2026-08-05,2026-11-14
ICIL,INR,2026-Q1,2026-06-30,43896048000.0,5.2999148001415985,14.114476401810952,16769149000.000002,2665823000.0,1508811000.0,4331246000.0,7.6182,-26.757232269043303,161.23567921440264,3.195,2026-08-12,2026-11-14
JAYNECOIND,INR,2026-Q1,2026-06-30,75890300000.0,22.176697491113288,6.702325958343463,39669000000.0,11054200000.0,5640100000.0,14085600000.0,5.8086,137.59970548533562,1.5973953299079258,,,
NCC,INR,2026-Q1,2026-06-30,214558400000.0,-1.8055987152620296,-6.752760837581084,20642600000.0,16756900000.000002,6995800000.0,19250800000.0,11.1425,-12.781595879581065,5.037484000731388,3.0,2026-08-06,2026-11-05
BANCOINDIA,INR,2026-Q1,2026-06-30,41101900000.0,21.648962775954264,7.750696252070553,13019100000.0,5671900000.0,4945400000.0,7123800000.0,34.5742,14.30545637282128,-16.991200240610844,,2023-05-20,
EQUITASBNK,INR,2026-Q1,2026-06-30,81427344000.0,9.238229465155644,5.509656908106394,,6696857000.0,5104529000.0,,4.4632,,-14.158484897258427,1.6,2026-07-28,2026-11-04
SETL,INR,2026-Q1,2026-06-30,8487180000.0,,9.271764501910882,2227735000.0,1116922000.0,855216000.0,1290097000.0,4.287,,33.09149536477227,,,
TIPSMUSIC,INR,2026-Q1,2026-06-30,3939587000.0,21.277804850943497,2.481598722253783,3086694000.0,2699739000.0,2146061000.0000002,2728205000.0,16.7882,27.15347153320054,-26.004891880776647,3.42,2026-07-22,2026-10-21
WAAREERTL,INR,2026-Q1,2026-06-30,36524870000.0,85.91705255090811,-16.159875326164403,7295579999.9999895,6848683000.0,5081516000.0,6970394000.0,48.6663,77.03273917788287,-25.696138075201674,11.1,2026-07-22,2026-12-02
TARIL,INR,2026-Q1,2026-06-30,25518000000.0,14.59956617610735,-26.873394917398137,6748100000.0,3591400000.0,2585600000.0,3883200000.0,8.6139,-1.122628189675967,-31.09534696073158,2.05,2026-07-20,2026-11-06
RELIGARE,INR,2026-Q1,2026-06-30,89069065000.0,17.923304456714934,-1.7994372441259332,71717908000.0,-1121461000.0,495524000.0,-599311000.0,1.4783,-58.09332123823563,-131.57894736842104,,,
DYNAMATECH,INR,2026-Q1,2026-06-30,16752200000.0,17.275368406314538,-1.9276941545849,4287700000.0,1222000000.0,424300000.0,2000100000.0,62.4757,0.023534685643849473,65.52484873390685,,2026-08-07,
IRBINVIT,INR,2026-Q1,2026-06-30,16739890000.0,52.235207669649256,-7.864893720275648,9764140000.0,8776020000.0,3184610000.0,13146190000.0,3.2646,-48.69884970771261,-17.763332448925446,,2026-07-23,2026-11-04
LEMONTREE,INR,2026-Q1,2026-06-30,14733389000.0,10.459279702756701,-17.242345712900374,9141041000.0,5597102000.0,2347968000.0,7003661000.0,2.9652,9.163199941096341,-49.68841959494547,0.6,2026-08-07,2026-11-06
BATAINDIA,INR,2026-Q1,2026-06-30,35525880000.0,1.9099795008958678,18.28374169008707,11091430000.0,3166910000.0,1461890000.0,7340630000.0,11.3741,-29.91669439412423,2797.6717112922,5.0,2026-08-11,2026-11-11
RAILTEL,INR,2026-Q1,2026-06-30,44269400000.0,20.8489844944311,-46.47423990029121,5127900000.0,4566300000.0,3460000000.0,6521800000.0,10.7809,9.065433797345426,-53.59431249575475,2.3,2026-07-30,2026-11-05
PRECWIRE,INR,2026-Q1,2026-06-30,61271022000.0,46.02235727774062,0.929959796928883,4475260999.99999,3052992000.0,1746351000.0,3348858000.0,9.5849,80.45901268968633,-15.344638038444877,,2026-08-10,
INDUSINVIT,INR,2026-Q1,2026-06-30,7752470000.0,-3.558610840539253,51.52203640542942,6035930000.0,5463460000.0,3914820000.0,5463750000.0,8.6881,-21.96294000880242,15.487205134616985,,,
VESUVIUS,INR,2026-Q2,2026-06-30,21338300000.0,8.90666149480432,7.266179853956187,7319100000.0,2871900000.0,2561300000.0,3562500000.0,12.6197,2.1656061268438016,4.760520386656015,,2025-05-08,2026-11-17
AVL,INR,2026-Q1,2026-06-30,29240700000.0,26.51629875130883,90.81964065724846,3351500000.0,2190000000.0,1389800000.0,2626500000.0,10.74,28.93931208355845,255.3571428571429,6.0,2026-07-31,2026-11-06
KINGFA,INR,2026-Q1,2026-06-30,22221915000.0,24.131739236326016,19.034018274115187,4645023000.0,3000872000.0,2256750000.0,3300839000.0,166.5328,31.325176741490196,35.60169720629945,,,
GNFC,INR,2026-Q1,2026-06-30,84100000000.0,12.55353319057816,1.358695652173913,17051200000.0,9351200000.0,10370000000.0,12441200000.0,70.5727,84.51971019721964,-21.211817615103747,,2022-08-08,
ORKLAINDIA,INR,2026-Q1,2026-06-30,25712400000.0,,5.321188878235858,8320299999.999999,3654900000.0,2944500000.0,4196800000.0,21.4944,,19.433613790272943,6.3,2026-08-04,2026-12-02
GRINFRA,INR,2026-Q1,2026-06-30,91949399000.0,25.063955771982066,11.346059446348974,19111181000.0,14987860000.0,10160768000.0,16913225999.999998,104.9948,-7.858885476086007,72.63410848364146,21.1,2026-08-06,2026-11-05
MEDPLUS,INR,2026-Q1,2026-06-30,72294320000.0,16.79473900948664,0.8160868061049622,6441080000.00001,3147080000.0,2104670000.0,6098790000.0,17.5246,17.845711057912155,-48.182602498218245,2.8,2026-07-21,2026-11-05
BSOFT,INR,2026-Q1,2026-06-30,54044560000.0,1.3454707609982626,2.2816572434887386,20835390000.0,8511320000.0,5729200000.0,9300020000.0,20.33,21.08397855866587,-8.653846153846153,5.7,2026-07-28,2026-11-05
CORDELIA,INR,2026-Q1,2026-06-30,,,7.825199217309928,,,,,,,-34.5952023988006,,,
GPPL,INR,2026-Q1,2026-06-30,12405820000.0,25.040518311857955,4.587754638824264,8162250000.0,6496220000.0,5587400000.0,7754340000.0,11.5576,42.70051363097591,4.008295369551918,2.5,2026-08-12,2026-11-11
GARFIBRES,INR,2026-Q1,2026-06-30,16439315999.999998,4.63665319869862,13.122905941094432,7281476000.0,2692122000.0,2100601999.9999998,3055790000.0,21.2133,-11.476990101654174,13.732901055843541,6.5,2026-08-05,2026-11-05
RELAXO,INR,2026-Q1,2026-06-30,27527200000.0,2.107266192120657,-6.1310078551457865,10768100000.0,2250000000.0,1853100000.0,3827600000.0,7.4444,5.982175906153006,-18.798513776992976,2.2,2026-08-13,2026-11-04
KIRLFER,INR,2026-Q1,2026-06-30,69619900000.0,3.7761639433210092,-2.5121618349512422,24545300000.0,5685300000.0,3450400000.0,8406000000.0,20.87,8.134715025906738,-33.15436241610738,6.8,2026-08-05,2026-10-30
SONATSOFTW,INR,2026-Q1,2026-06-30,110151700000.0,3.9657385559226053,29.29236374246409,12288500000.0,5487900000.0,4631600000.0,6554000000.0,16.712,8.358350245414282,-17.07430997876857,3.9,2026-08-06,2026-11-05
UNIMECH,INR,2026-Q1,2026-06-30,2851223000.0,,31.56190366750976,1102245000.0,662436000.0,720228000.0,945766000.0,14.1405,,6.835937499999993,,2026-08-03,2026-11-18
PAISALO,INR,2026-Q1,2026-06-30,9847851000.0,22.59856367783329,-0.1344768275899642,5747707000.0,3781334000.0,2513492000.0,3925000000.0,2.7672,21.002230093139172,-15.122135482246282,,2023-10-26,
AUGMONT,INR,,,,,,,,,,,,,,,
SKFINDIA,INR,2026-Q1,2026-06-30,30680300000.0,-38.60071845262515,-1.1353315168029063,10064900000.0,2975300000.0,2096500000.0,3694900000.0,42.4067,-60.080335046281604,,12.5,2026-08-12,2026-11-04
GALAXYSURF,INR,2026-Q1,2026-06-30,57522600000.0,27.050731856000954,35.53662432494105,10426000000.0,4709700000.0,3538100000.0,6006600000.0,99.6135,15.91739793727578,165.26435474701532,46.8,2026-08-13,2026-11-18
ZEEL,INR,2026-Q1,2026-06-30,81814000000.0,2.4160032046467377,-5.803042275780324,22248000000.0,-44000000.0,2057000000.0,1972000000.0,2.1415,-70.82743025283347,,0.6,2026-08-10,2026-11-05
NESCO,INR,2026-Q1,2026-06-30,9505200000.0,21.240708316554933,-15.825451077020904,7110500000.0,4325400000.0,4165600000.0000005,4824000000.0,59.1201,3.733668817838238,7.42611368988574,,2026-07-27,
EUREKAFORB,INR,2026-Q1,2026-06-30,28015952000.0,12.450417031771913,2.4405426340262517,8851857000.0,2489341000.0,1809312000.0,3211907000.0,9.3506,6.0122671564459305,11.635577797998186,2.2,2026-08-12,2026-11-18
V2RETAIL,INR,2026-Q1,2026-06-30,34320313000.000004,63.299515606285816,25.115351313521327,5405456000.0,3045837000.0,1786534000.0,5185593000.0,5.0629,117.93723903404931,129.55999999999997,0.5,2026-05-28,2026-11-14
JKPAPER,INR,2026-Q1,2026-06-30,73646500000.0,10.272692698148408,-4.007222971082683,12113000000.0,5807200000.0,3242500000.0,9675100000.0,18.2763,-10.21267397359876,41.54437869822485,7.35,2026-07-27,2026-10-29
STARCEMENT,INR,2026-Q1,2026-06-30,38073837000.0,14.529077692853368,-19.655062314713014,20582764000.0,5307055000.0,3696858000.0,9022226000.0,9.1466,56.36817451362531,-49.549697068937284,1.8,2026-08-07,2026-11-05
ENTERO,INR,2026-Q1,2026-06-30,71278880000.0,31.93530552073155,1.6004800183462509,4580830000.0,2661430000.0,1254050000.0,3128720000.0,28.78,22.259983007646568,36.236391912908246,8.8,2026-08-07,2026-11-18
RHIM,INR,2026-Q1,2026-06-30,40735968000.0,8.454226016111546,8.764560063244227,10439943000.0,2832386000.0,-3535979000.0,4829084000.0,-17.1233,-314.4325894757933,,3.1,2026-08-11,2026-11-11
EPL,INR,2026-Q1,2026-06-30,50431000000.0,16.906207983680282,6.720492118415994,16008000000.0,5952000000.0,3875000000.0,10000000000.0,12.08,-2.02757502027575,-4.3613707165109075,3.1,2026-08-11,2026-11-18
MIDHANI,INR,2026-Q1,2026-06-30,12776217000.0,18.17319515616522,-56.67251685540023,4879910000.0,1730991000.0,1349662000.0,2400236000.0,7.2043,13.883970913689542,-78.86104564475012,,2026-08-12,2026-11-14
EMBDL,INR,2026-Q1,2026-06-30,14494140000.0,-48.92172455000347,-40.7474804031355,1753020000.0,-4658710000.0,-9440280000.0,-4117279999.9999995,-6.8098,-478.32222222222225,27.639204911346756,,2024-10-23,2026-11-05
SAFARI,INR,2026-Q1,2026-06-30,21078000000.0,13.972715327756719,24.35664483414325,7627900000.0,1947300000.0,1650500000.0,2669500000.0,33.6692,10.753947368421047,27.35522169484434,9.75,2026-08-04,2026-11-17
TTKPRESTIG,INR,2026-Q1,2026-06-30,31781200000.0,16.152988688485646,11.613204053924326,9575800000.0,2332500000.0,1932900000.0,3169700000.0,14.1139,98.62786213884628,61.132187755709296,3.9,2026-07-28,2026-11-15
NEPHROPLUS,INR,2026-Q1,2026-06-30,,,6.07608757035559,,,,,,,5.067567567567564,3.2,2026-08-11,2026-12-02
EBGNG,INR,2026-Q1,2026-06-30,19912570000.0,,-36.705618770668536,2901140000.0,2016360000.0,1424260000.0,2132280000.0000002,12.4924,,-31.35955420904566,,2026-07-30,2026-12-02
AARTIPHARM,INR,2026-Q1,2026-06-30,19690484000.0,1.196260466090604,-8.040432923019889,7732676000.0,3282216000.0,2131455000.0,4397927000.0,23.5033,-20.019260741436458,24.43824807558252,,,
HNDFDS,INR,2026-Q1,2026-06-30,43546600000.0,17.980809539424122,7.55137676292814,3650600000.0,2824400000.0,1556600000.0,3772400000.0,12.9772,33.091296945828965,1.4521926671459378,3.515,2026-08-04,2026-11-17
SJS,INR,2026-Q1,2026-06-30,10064080000.0,28.775719111475073,0.33676505639661386,4142520000.0000005,2352210000.0,2103080000.0,2890930000.0,64.65,65.57393843159353,52.75908479138627,16.6,2026-08-06,2026-11-11
MAHLIFE,INR,2026-Q1,2026-06-30,21084700000.0,875.6918093475242,43.68298437920014,1421900000.0,50900000.0000001,3324200000.0,279100000.0,15.5738,195.3835065624763,-5.296304188270947,4.0,2026-07-23,2026-10-30
CELLO,INR,2026-Q1,2026-06-30,23214135000.0,7.237569979567976,-19.41218086751953,8160002000.0,3803688000.0,3128279000.0,4613116000.0,14.1625,-4.987924325774862,-18.553466826793453,3.3,2026-08-07,2026-11-17
GMRP&UI,INR,2026-Q1,2026-06-30,73885900000.0,15.782850838841512,-14.914998827397971,17963700000.0,9776000000.0,5666600000.0,16462000000.0,8.0692,205.26992774183785,63.87074829931972,,2026-08-14,2026-11-06
CERA,INR,2026-Q1,2026-06-30,21166852000.0,8.680125153224798,-24.515428170604075,7009839000.0,2263453000.0,2029620000.0,2653327000.0,157.4112,-17.47657765011614,-41.42006901955554,35.1,2026-08-07,2026-11-17
POWERMECH,INR,2026-Q1,2026-06-30,63918400000.0,15.791056402452833,-23.074955110317283,7275299999.99998,6198500000.0,3912400000.0,7009300000.0,123.7463,22.691885932297843,-44.03371222622678,25.0,2026-08-08,2026-11-16
SFL,INR,2026-Q1,2026-06-30,40313700000.0,16.822860520916645,-1.7256156791040513,9028800000.0,2607000000.0,2145100000.0,4270399999.9999995,19.6046,271.58778597016624,-32.613908872901675,,2026-08-04,2026-10-29
BLISSGVS,INR,2026-Q1,2026-06-30,10052192000.0,20.594558688370874,11.121850694882198,3739100000.0,1521683000.0,1361887000.0,1873879000.0,12.61,25.610120529933255,41.76829268292685,,,
INDIASHLTR,INR,2026-Q1,2026-06-30,15997144000.0,25.318063107969664,5.9218077422180295,11275699000.0,7267075000.0,5267151000.0,7393801000.0,47.31,27.58899676375406,6.092607636068237,13.1,2026-08-06,2026-10-23
KAMAHOLD,INR,2025-Q4,2026-03-31,157990525000.0,7.475698049243992,24.5103690257286,45881522000.0,26982458000.0,9307400000.0,35486083000.0,290.0353,47.334335084874574,34.722777281489485,,,
GAEL,INR,2026-Q1,2026-06-30,60315900000.0,25.309086980639346,8.70843021868245,13721500000.0,4665500000.0,4160300000.0,6021100000.0,9.0704,75.07720815318098,30.630783310171854,3.9,2026-08-01,2026-10-22
BENGALASM,INR,2026-Q1,2026-06-30,24274643000.0,11.973886244759465,0.3509036664777247,8580088000.0,3070490000.0,7624628000.0,3715914000.0,668.5983,3.311604258995403,-8.098555556429226,,,
KSHINTL,INR,2026-Q1,2026-06-30,37124940000.0,,14.326522916662576,2813810000.0,1992170000.0,1296640000.0,2262120000.0,20.5,,22.200392927308446,6.0,2026-08-10,2026-12-02
JYOTHYLAB,INR,2026-Q1,2026-06-30,29664800000.0,3.8545291592855295,7.804463277623674,9142400000.0,3277200000.0,2840400000.0,3903900000.0,7.735,-22.286299883454568,-29.44471637570023,1.3,2026-08-12,2026-11-17
SAPPHIRE,INR,2026-Q1,2026-06-30,32394490000.0,10.170238569338965,12.463283696635923,13810910000.0,1029859999.9999999,-161240000.0,5005440000.0,-0.5017,-283.436928702011,,0.4,2026-07-24,2026-11-14
AXISCADES,INR,2026-Q1,2026-06-30,10985975000.0,4.536560189349959,-32.84082263864271,2847092000.0,1083624000.0,363365000.0,1521350000.0,8.4651,-53.76788640087384,-3578.1437125748503,-1.7,2026-08-13,2026-11-14
SANOFI,INR,2026-Q2,2026-06-30,18052000000.0,-8.878905658472567,-7.325852212576751,6930000000.0,4519000000.0,3238000000.0,4884000000.0,140.5954,-10.675855198663774,-18.615963402425162,36.3,2026-08-04,2026-10-29
RPEL,INR,2026-Q1,2026-06-30,2855443000.0,33.89950045181139,23.180701102931796,1854216000.0,776423000.0,626986000.0,847621000.0,13.6553,55.302694280482676,29.072795542635667,,,
DCBBANK,INR,2026-Q1,2026-06-30,83905600000.0,9.845075105975749,2.919604678163849,,10521900000.0,7875000000.0,,24.46,20.61143984220907,3.622047244094495,6.6,2026-07-24,2026-11-02
SUPRIYA,INR,2026-Q1,2026-06-30,8725480000.0,28.140066643854826,-31.382355493837878,4605260000.0,2589060000.0,1983740000.0,2898040000.0,24.648,11.380736121466818,-67.6092377751274,3.0,2026-08-13,2026-11-11
IXIGO,INR,2026-Q1,2026-06-30,12651040000.0,20.849795575255055,15.80949783962941,552899999.9999981,552900000.0,855480000.0,716500000.0,1.9086,17.81481481481481,1.4084507042253533,0.71,2026-08-06,2026-10-28
TIIL,INR,2026-Q1,2026-06-30,29310963000.0,12.387433649593936,13.103881330507441,11638169000.0,4101124000.0,3395993000.0,5337354000.0,149.7827,33.507947670962054,75.72759403739444,60.8,2026-08-13,2026-11-18
NEWGEN,INR,2026-Q1,2026-06-30,16104230000.0,7.878183529894706,-21.20417974927778,3799410000.0,3799410000.0,3136769000.0,4166853000.0,21.98,-0.3626473254759669,-41.27829560585885,4.4,2026-07-16,2026-10-20
MBAPL,INR,2026-Q1,2026-06-30,18735948000.0,47.70130922091206,5.468838869613354,4399182000.0,1955458000.0,1549383000.0,2354458000.0,3.5363,108.82839258296919,-44.841997213871984,,,
EMIL,INR,2026-Q1,2026-06-30,78628220000.0,16.844974578992648,26.431795196119683,8735640000.0,4072360000.0,2061580000.0,5681580000.0,5.3583,88.83211164364249,203.62157451341147,3.1,2026-08-07,2026-11-16
ETHOSLTD,INR,2026-Q1,2026-06-30,17276272000.0,30.416791946897437,11.520247568779707,2764387000.0,1266512000.0,1038760000.0,2231787000.0,38.8873,5.7723221207068836,27.844730089625564,11.115,2026-08-03,2026-11-09
BALAMINES,INR,2026-Q1,2026-06-30,15225651000.0,11.08099548537985,15.486653035666881,5340898000.0,2704226000.0,2041367000.0,3266122000.0,63.0032,34.09900686637181,18.555977035062547,8.4,2026-07-27,2026-10-22
INOXGREEN,INR,2026-Q1,2026-06-30,2796200000.0,16.077877869567022,-36.959370904325034,399900000.0,59000000.0,1210800000.0,275600000.0,3.1438,202.60852825103478,42.91549295774647,,,
CYIENTDLM,INR,2026-Q1,2026-06-30,13568580000.0,-11.901948358880329,1.2796787662195153,2624070000.0,975940000.0,821040000.0,1409240000.0,10.3394,26.485124290467795,-27.4508417032112,2.1,2026-07-21,2026-10-20
TTML,INR,2026-Q1,2026-06-30,11775500000.0,-7.191103334673192,2.0403329498545038,4971300000.0,4971300000.0,375300000.0,6352800000.0,0.192,,-112.42091802396016,,,
KMEW,INR,2026-Q1,2026-06-30,3232193000.0,56.87325427043973,70.68664380269546,1524635000.0,1290552000.0,1309902000.0,1505208000.0,54.8762,100.78005232058247,134.02814694608432,,2026-08-14,2026-12-02
POWERICA,INR,2026-Q1,2026-06-30,,,-2.626224801847344,,,,,,,48.364145157929194,,,
RBA,INR,2026-Q1,2026-06-30,29475270000.0,13.289865271814394,16.378859087938114,10914730000.0,-438350000.0,-1734880000.0,3556760000.0,-2.9413,24.69404475395566,39.01612684645615,-0.6,2026-08-03,2026-11-14
BECTORFOOD,INR,2026-Q1,2026-06-30,21193460000.0,11.109445120161054,12.943234676655827,5694080000.0,1772120000.0,1487650000.0,2715200000.0,4.8503,6.298625873895984,9.485446985446979,1.3,2026-08-07,2026-11-06
CEIGALL,INR,2026-Q1,2026-06-30,41538650000.0,20.314107070291037,-30.065993032866693,6841580000.0,5590970000.0,3200040000.0,6196820000.0,18.3694,18.144865643611475,-51.58511750784302,4.2,2026-08-08,2026-11-10
SHARDACROP,INR,2026-Q1,2026-06-30,53565387000.0,18.519135508001227,-47.999039178885376,15190758000.0,7515142000.0,6261174000.0,10982186000.0,69.3986,49.10898066700758,-72.3710289370859,9.8,2026-07-29,2026-10-29
IMFA,INR,2026-Q1,2026-06-30,31452200000.0,23.641123817236213,25.83028730888653,11837700000.0,7115800000.0,5243300000.0,7832000000.0,97.1807,46.4813380080008,86.33952046667468,40.0,2026-08-04,2026-11-05
RAIN,INR,2026-Q2,2026-06-30,184643140000.0,17.01527402332344,14.299195041508783,58108020000.0,17609560000.0,5371600000.0,27438780000.0,15.9705,,143.92311101263016,4.69,2026-05-08,2026-11-11
SUPRAJIT,INR,2026-Q1,2026-06-30,40314850000.0,18.398624379957766,2.6535397325537535,7090020000.0,2877800000.0,1868170000.0,4436020000.0,13.6193,71.29255807518648,-26.559546313799615,3.8,2026-08-06,2026-11-16
SYMBIOTEC,INR,2025-Q4,2026-03-31,,,,,,,,,,,,,
OMNI,INR,2026-Q1,2026-06-30,,,12.059331777868925,,,,,,,1.4474406042959025,2.4,2026-08-05,2026-12-02
KOVAI,INR,2026-Q1,2026-06-30,16439166000.000002,14.964404333538742,4.276646233183465,5350870000.0,3426933000.0,2526531000.0,4578835000.0,230.8966,14.624493763323002,15.748822559916977,,,
RAYMOND,INR,2026-Q1,2026-06-30,22934200000.0,-25.54773908498599,0.44782803403493054,4061000000.0,1047599999.9999999,370700000.0,2559600000.0,5.571,-99.33651352685875,1757.4793875147232,4.6,2026-08-07,2026-11-14
DBL,INR,2026-Q1,2026-06-30,87413689000.0,-18.816937328298938,3.3902894269457264,17611008000.0,13802878000.0,11863509000.0,16742108000.0,73.031,46.79302928584352,82.02356020942409,2.7,2026-08-10,2026-11-06
BAJAJCON,INR,2026-Q1,2026-06-30,12395873000.0,25.77189537529892,4.5640574923873185,6040118000.0,2470799000.0,2229988000.0,2638128000.0,16.9206,85.02772036873012,11.243016759776529,5.2,2026-07-13,2026-11-05
REDTAPE,INR,2026-Q1,2026-06-30,24357400000.0,18.821222291601625,-28.753090257731195,8469799999.999999,3477700000.0,2464300000.0,4383400000.0,4.4578,38.28209821013121,-36.349972312317064,,,
AJAXENGG,INR,2026-Q1,2026-06-30,21106190000.0,,-37.36049224986274,4085870000.0,2533330000.0,2278720000.0,2635580000.0,19.79,,-41.45454545454545,4.85,2026-08-05,2026-11-12
INNOVACAP,INR,2026-Q1,2026-06-30,17493280000.0,34.46563582864188,5.147364236872547,3946420000.0,2136210000.0,1562940000.0,2594660000.0,27.3122,20.4151364315726,9.3603744149766,,2026-08-11,2026-11-06
TANLA,INR,2026-Q1,2026-06-30,46034421000.0,13.213158724238024,4.148642147460871,8021139000.0000105,6330331000.0,5329071000.0,7609720000.0,40.18,11.652050196183037,6.0157790927021635,10.7,2026-07-22,2026-10-15
CAMPUS,INR,2026-Q1,2026-06-30,18160500000.0,13.711358926033299,-15.45771788512609,7262100000.0,2065000000.0,1540300000.0,2972900000.0,5.0222,30.21000777806584,-40.61111111111111,0.9,2026-08-06,2026-11-05
TFCILTD,INR,2026-Q1,2026-06-30,3261677000.0,23.52899961899914,55.73727923007949,2278898000.0,1959424000.0,1541137000.0,1965042000.0,3.3288,41.42238083099669,91.13777649269916,,,
GOKULAGRO,INR,2026-Q1,2026-06-30,244345819000.0,21.039966936675036,-14.809838561162131,11606675000.0,6886307000.0,4204046000.0000005,7467162000.0,14.2468,59.07370395596298,3.12406947890818,,,
DODLA,INR,2026-Q1,2026-06-30,43162750000.0,13.129676196107601,11.491039319777528,7767350000.0,2034440000.0,2447680000.0,2908410000.0,40.573,-5.12369019808671,-41.714686185952345,6.7,2026-07-25,2026-10-19
IBULLSLTD,INR,2026-Q1,2026-06-30,,,-8.119218910585808,,,,,,,-29.390804597701152,,,
TCI,INR,2026-Q1,2026-06-30,50260000000.0,9.594417793283908,-5.688170418492219,5899000000.0,3967000000.0,4566000000.0,5313000000.0,59.42,7.450271247739611,-14.54319453076445,13.75,2026-07-30,2026-10-22
AEROFLEX,INR,2026-Q1,2026-06-30,5029781000.0,35.64157889357497,15.526641814588451,1466119000.0,897588000.0,671531000.0,1177524000.0,5.1287,40.3201094391245,6.573615488518677,,2026-07-27,
CENTUM,INR,2026-Q1,2026-06-30,11666420000.0,-1.408507836921717,-40.03219448287612,1806310000.0,904820000.0,496210000.0,1216160000.0,33.5674,605.3308398646803,6325.3303370786525,71.47,2026-08-13,2026-11-17
SENORES,INR,2026-Q1,2026-06-30,6917100000.0,51.740704179006244,2.8654603573263313,2799600000.0,1695600000.0,1263700000.0,2047500000.0,27.3693,77.07307605214633,-3.8419511342278954,6.7,2026-07-27,2026-11-05
BORORENEW,INR,2026-Q1,2026-06-30,16149487000.0,11.06764777933988,-7.781073569295235,6996045000.0,4177509000.0,3824937000.0,5052029000.0,27.3609,,-48.66832504145937,1.7,2023-02-13,2026-11-14
NEOGEN,INR,2026-Q1,2026-06-30,9255300000.0,18.00112196241426,1.5128163530175212,3013900000.0,1241600000.0,355600000.0,1541000000.0,13.2422,3.848174724542214,44.73294112197156,6.2,2026-07-24,2026-11-09
JKLAKSHMI,INR,2026-Q1,2026-06-30,69264800000.0,8.74158315893916,0.17091500002629462,31556100000.0,6289000000.0,3699000000.0,9582000000.0,29.7959,-7.520430554736501,-12.928791578273223,8.7,2026-08-05,2026-11-11
MOREPENLAB,INR,2026-Q1,2026-06-30,19505808000.0,9.484845326296508,17.621084845782857,4479750000.0,1482338000.0,1405279000.0,1839922000.0,2.5646,50.50469483568075,258.26662025757054,,,
VMART,INR,2026-Q1,2026-06-30,39929500000.0,19.085893229943334,12.145557169195275,6417100000.0,2348500000.0,1376100000.0,5479300000.0,17.2423,106.86622675464905,316.3144547759932,5.91,2026-07-24,2026-11-09
IONEXCHANG,INR,2026-Q1,2026-06-30,30321113000.0,10.149244568119649,-18.85980687647093,5760995000.0,1072646999.9999999,980735000.0,1793572000.0,8.2726,-53.637239956958396,-82.96900329125117,,2025-01-23,2026-11-17
BIRLACORPN,INR,2026-Q1,2026-06-30,98478400000.0,3.898361949455284,-6.687657785989309,50750400000.0,8707400000.0,5537500000.0,14142900000.0,71.9106,44.892535406797876,-60.74032470840245,15.0,2026-07-25,2026-11-11
FCL,INR,2026-Q1,2026-06-30,10117812000.0,91.44241427031233,20.046746577198153,2661955000.0,1535735000.0,1223388000.0,1686973000.0,1.088,19.665640123185224,21.481208548268246,0.33,2026-07-23,2026-11-02
JSLL,INR,2026-Q1,2026-06-30,8514827999.999999,162.472083842336,4.106457245821449,5365687000.0,3093067000.0,2364877000.0,3627360000.0,18.98,240.89480395854662,46.13259668508287,5.15,2026-08-07,2026-11-02
GANESHHOU,INR,2026-Q1,2026-06-30,6405026000.0,-28.549744180118612,194.4798428793392,4332405000.0,3980858000.0,2651502000.0,4044485000.0,31.7975,-54.06976744186047,-31.623792245912995,,,
SHREMINVIT,INR,2026-Q1,2026-06-30,21746580000.0,-16.04044545019572,-3.0124641090646076,10621240000.0,8024050000.0,7751010000.0,8604560000.0,12.686,-26.850223439527177,-44.26143790849674,,,
SUNFLAG,INR,2026-Q1,2026-06-30,39951000000.0,9.345149795000083,7.820603783389461,12471900000.0,3602700000.0,2057900000.0,4763500000.0,11.4189,4.579215855076976,92.73243584350021,,,
TIMEX,INR,2026-Q1,2026-06-30,8485500000.0,41.81025118237879,-6.930272108843536,3027500000.0,1241900000.0,857900000.0,1276900000.0,8.527,112.52679328049446,-15.86206896551724,,,
SBCL,INR,2026-Q1,2026-06-30,6164603000.0,18.786717383094008,12.031167662074855,2021798000.0,1274845000.0,1060847000.0,1419852000.0,18.4161,29.348345226723605,26.71723649873944,5.7,2026-08-06,2026-11-18
KISSHT,INR,2026-Q1,2026-06-30,,,8.213998378121596,,,,,,,-15.100060642813826,,2026-07-29,
ABFRL,INR,2026-Q1,2026-06-30,83710100000.0,-27.205380412522643,1.780285709978745,21191500000.0,-6817400000.0,-7792000000.0,6918800000.0,-6.406,-53.21693374790719,-44.99180327868852,-1.8,2026-08-08,2026-11-05
SPARC,INR,2026-Q1,2026-06-30,19094500000.0,2855.8049535603714,-97.84591144062766,17572700000.0,16071100000.0,15842900000.0,16168400000.0,48.8199,,-101.17862736066327,,,
RCF,INR,2026-Q1,2026-06-30,186953000000.0,17.520190895741557,-35.746527684448004,23687100000.0,6951700000.0,4465500000.0,10030500000.0,8.0942,56.09295149937326,-60.62047569803517,,,
GMMPFAUDLR,INR,2026-Q1,2026-06-30,36541500000.0,13.905998678320719,-1.991415399289916,8424799999.999999,2390800000.0,745200000.0,3953600000.0,16.5758,73.54496246584236,39.11655414246088,,2026-08-05,2026-11-05
LEAPIND,INR,2026-Q1,2026-06-30,,,,,,,,,,,,,
KANOHAR,INR,,,,,,,,,,,,,,,
GSFC,INR,2026-Q1,2026-06-30,123442400000.0,29.180061616770477,36.10327158360144,17065599999.999998,6217700000.0,6927600000.0,8301100000.0,17.3852,7.854656897717624,204.2753346080306,4.0,2026-08-12,2026-11-10
SMARTWORKS,INR,2026-Q1,2026-06-30,20215830000.0,,5.061347389920106,5622880000.0,4177399999.9999995,278730000.0,13187940000.0,2.4394,,-20.90865351570555,1.175,2026-07-22,2026-12-02
VIKRAMSOLR,INR,2026-Q1,2026-06-30,52317660000.0,,7.5905001046243985,10334330000.0,6079240000.0,3568340000.0,8004400000.0,10.09,,-82.17821782178217,0.5,2026-08-06,2026-12-02
MANINDS,INR,2026-Q1,2026-06-30,38749000000.0,10.749716330502832,-9.001123304242634,13490000000.0,4356800000.0,2043000000.0,5318600000.0,26.9865,18.216663746276502,20.806596745880736,8.2,2026-08-11,2026-11-18
GREENLAM,INR,2026-Q1,2026-06-30,31689900000.0,20.109838880234687,-7.107711680619359,9237600000.0,2189000000.0,929300000.0,3606900000.0,3.6422,172.92618958411387,-45.997672313461784,0.8,2026-08-07,2026-11-09
SKIPPER,INR,2026-Q1,2026-06-30,56087920000.0,17.17700128567304,-21.406087429241406,9672850000.0,5013320000.0,2246860000.0,5856090000.0,19.8553,38.215168285127554,-27.2130293913446,5.0,2026-08-11,2026-11-10
SIS,INR,2026-Q1,2026-06-30,170366200000.0,25.1986931484062,2.5456084467511637,22975200000.0,5352900000.0,1465200000.0,7716400000.0,10.2266,280.17100371747216,-0.832177531206652,7.2,2026-08-05,2026-11-02
STYL,INR,2026-Q1,2026-06-30,15067320000.0,,-6.854934483987174,5619020000.0,3514340000.0,2638520000.0,3954090000.0,16.3066,,-26.22759466624461,,,
JAIBALAJI,INR,2026-Q1,2026-06-30,61096900000.0,2.003953479830241,-3.5858970759295548,14002900000.0,2437100000.0,1446300000.0,3698200000.0,1.5854,-65.57070882557332,298.76227059325646,,2025-08-08,
PICCADIL,INR,2026-Q1,2026-06-30,10751794000.0,28.557061620928497,-25.123724228963006,4010587000.0,2110676000.0,1405406000.0,2391869000.0,14.2704,25.258057720665693,-52.04322417025031,,,
PRSMJOHNSN,INR,2026-Q1,2026-06-30,76446800000.0,1.013213530655391,-13.038348362151073,18873100000.0,1979000000.0,1745900000.0,7211600000.0,3.4685,93.61951546276654,1521.5348472983555,,2026-08-07,2026-11-11
PRAJIND,INR,2026-Q1,2026-06-30,32435020000.0,2.347645596969767,-15.243179662941131,10789855000.0,508672000.0,301100000.0,1564728000.0,1.6381,-78.50347099195571,0.0,0.5,2026-08-13,2026-11-14
KUSUMGAR,INR,2026-Q1,2026-06-30,,,,,,,,,,,,2026-08-11,
JUSTDIAL,INR,2026-Q1,2026-06-30,12434700000.0,7.267818015562188,6.584429110792865,3146900000.0,3146900000.0,5035900000.0,3584800000.0,59.2138,-16.43916227204286,66.21167665943786,19.5,2026-07-10,2026-10-21
SHAKTIPUMP,INR,2026-Q1,2026-06-30,29337800000.0,14.102474350298309,0.10492323116919453,6664700000.0,3311400000.0,2123300000.0000002,3609900000.0,17.1897,-49.88951596916942,34.86451612903224,4.2,2026-07-24,2026-11-14
CSBBANK,INR,2026-Q1,2026-06-30,59122100000.0,21.87635925862556,0.5971852667759294,,8933800000.0,6646200000.0,,38.3098,10.948351260085607,-25.567585245365514,8.625,2026-07-22,2026-10-26
FDC,INR,2026-Q1,2026-06-30,21902173000.0,3.397151686370053,14.17659520875204,9300472000.0,2892876000.0,2925604000.0,3487537000.0,17.9694,8.7163539782318,28.136612710209757,6.62,2023-08-08,2026-10-27
ACI,INR,2026-Q1,2026-06-30,11158897000.0,-0.4278900850818919,8.724132179007746,8789106000.0,1348022000.0,968255000.0,2279533000.0,7.8434,-38.45320861909321,128.61348790137086,2.5,2026-07-30,2026-11-03
BALUFORGE,INR,2026-Q1,2026-06-30,11748856000.0,30.78799928310066,14.099453282788518,3677478000.0,3004522000.0,2679519000.0,3120355000.0,22.747,26.890357850110163,0.5355296203279806,4.89,2025-08-07,2026-11-03
IOLCP,INR,2026-Q1,2026-06-30,25236300000.0,18.56266325897807,22.08572120429413,5791600000.0,2285200000.0,1681100000.0,3103200000.0,5.7272,60.058129785925885,21.14184749599691,2.2,2026-08-10,2026-11-06
FEDFINA,INR,2026-Q1,2026-06-30,23796100000.0,12.247872601369837,8.54426792336718,13894500000.0,6108500000.0,3829700000.0,6951000000.0,10.15,64.61506025073389,13.909774436090212,3.1,2026-07-15,2026-12-14
ITDC,INR,2026-Q1,2026-06-30,5353790000.0,-9.374058940318768,-36.55090923430529,2498756000.0,838072000.0,823472000.0,907544000.0,9.601,3.2509920741609113,-66.35140050927609,,,
TVSSCS,INR,2026-Q1,2026-06-30,117458800000.0,16.890245844213744,9.992678631497702,14204300000.0,2751300000.0,647600000.0,8764700000.0,1.4679,29.29622126310226,18.80341880341881,,2026-05-25,2026-11-18
ISGEC,INR,2026-Q1,2026-06-30,74579300000.0,19.787823545001164,-3.3335286191341025,16993900000.000002,4335800000.0,1959100000.0,6205100000.0,26.6437,-16.987475074775666,-87.7782575080578,,2025-02-10,2026-11-18
ARVINDFASN,INR,2026-Q1,2026-06-30,54373800000.0,13.936018406180656,-6.322584426908169,23375400000.0,4364400000.0,1195700000.0,7364200000.0,8.9396,,-79.6011396011396,0.73,2026-07-21,2026-11-11
KRISHANA,INR,2026-Q1,2026-06-30,25547708000.0,73.43808892775095,-29.5419174191779,6162377000.0,2812620000.0,1966612000.0,3217313000.0,6.2822,92.84157534456826,-41.58742331288344,,,
LCL,INR,2026-Q1,2026-06-30,,,,,,,,,,,,,
HCC,INR,2026-Q1,2026-06-30,38716800000.0,-20.64196771714066,0.12295908083047773,10158500000.0,4684400000.0,1658700000.0,4903300000.0,0.681,-12.456613960663322,-13.333333333333334,,2026-08-06,2026-11-05
SSWL,INR,2026-Q1,2026-06-30,55058362000.0,19.940043878536375,2.3859544285626906,13031154000.0,4097868999.9999995,2124273000.0000002,5516596000.0,13.48,5.144925275342431,14.248704663212441,4.6,2026-07-15,2026-10-16
KPIGREEN,INR,2026-Q1,2026-06-30,27868072000.0,40.01350995247401,-12.813214328213721,11222578000.0,8435073000.0,4577967000.0,9978054000.0,23.1,28.047360894003408,-41.144414168937324,6.9,2026-08-11,2026-11-05
TRANSRAILL,INR,2026-Q1,2026-06-30,69562900000.0,14.945421377370774,-6.8383544589097705,17897500000.0,7518800000.0,4051000000.0,8231200000.000001,30.0,5.964756122113788,11.748251748251745,8.0,2026-08-06,2026-11-10
SENCO,INR,2026-Q1,2026-06-30,96597810000.0,41.90908181420329,53.057031771574415,15325910000.0,9137540000.0,5708080000.0,9985610000.0,34.8304,166.00071788057218,-35.541030165707774,6.2,2026-08-11,2026-11-12
LGBBROSLTD,INR,2026-Q1,2026-06-30,32173448000.0,20.769342513872722,-1.9920637939433055,11282191000.0,3708019000.0,3188042000.0,4927554000.0,100.4299,4.951965330181538,-3.885031605331281,19.6,2026-07-31,2026-11-02
STYLAMIND,INR,2026-Q1,2026-06-30,11727768000.0,10.069885623788931,15.380379771888059,4325845000.0,2163979000.0,1697597000.0,2365573000.0,100.1647,43.015608758723886,25.926385479167962,28.4,2026-07-22,2026-10-16
LUMAXIND,INR,2026-Q1,2026-06-30,44848678000.0,26.51964302862142,1.9088100366694338,8399534000.0,2709167000.0,1873621000.0,4330232000.0,200.4359,32.02163080743377,-5.581714412099617,54.65,2026-08-08,2026-11-06
GUJTHEM,INR,2026-Q1,2026-06-30,1737400000.0,17.514726541865045,-1.001514706214817,821508000.0,675442000.0,486865000.0,824026000.0,4.4681,9.167094236360516,1.610805402701351,,,
JSFB,INR,2026-Q1,2026-06-30,66327475000.00001,17.48240517548738,1.8273305936443236,,3797348000.0,3797348000.0,,35.93,-12.573332068043394,11.035525321239598,14.8,2026-07-15,2026-10-26
SHARDAMOTR,INR,2026-Q1,2026-06-30,36515897000.0,25.596947472392138,4.044533469306061,5907747000.0,3587905000.0,3319982000.0,4235660000.0,57.8316,-1.7850743936674067,-3.2349599080678177,14.9,2026-08-10,2026-11-17
NIRLON,INR,2026-Q1,2026-06-30,6744806000.0,4.967020421146957,-1.539399356955319,5499345000.0,4668628000.0,3569531000.0,5226155000.0,39.6095,57.432322324987965,-1.712031457460935,,2021-06-24,
EMUDHRA,INR,2026-Q1,2026-06-30,7449960000.0,29.73554703417723,-1.3862747936875635,2131510000.0000002,1344570000.0,1150540000.0,1739590000.0,13.9,25.678119349005424,10.857142857142854,3.9,2026-07-29,2026-11-11
CCAVENUE,INR,2026-Q1,2026-06-30,95160400000.0,110.17242635934564,7.666476537834299,3856200000.0,2916000000.0,2939300000.0,3842100000.0,0.8649,23.73390557939915,-4.1228070175438685,,2026-08-11,2026-11-12
GOKEX,INR,2026-Q1,2026-06-30,41853657000.0,7.6512296888752624,7.921311469274836,5773773000.0,1717742000.0,1029566000.0,3451060000.0,13.34,-42.450388265746334,23.922413793103456,6.0,2026-08-11,2026-10-22
SHANTIGEAR,INR,2026-Q1,2026-06-30,4993200000.0,-16.875593067971835,-14.51517394522576,1596300000.0,711200000.0,638200000.0,885800000.0,8.319,-34.24703009034215,-39.456808751414556,2.82,2024-07-28,2026-10-28
ELLEN,INR,2026-Q1,2026-06-30,3566680000.0,262.6233634987398,12.904738485468872,1860510000.0,1007910000.0,1206500000.0,1234710000.0,8.5607,,52.78068608733142,2.5,2026-08-07,2026-12-02
KALPATARU,INR,2026-Q1,2026-06-30,35749700000.0,56.87880955410938,-71.36328665058512,7611100000.0,1671100000.0,1166100000.0,2139500000.0,5.663,,-113.22876864291878,,,
OPTIEMUS,INR,2026-Q1,2026-06-30,22162570000.0,20.929134414224944,82.0688831814088,1895142000.0,761094000.0,726640000.0,1013558000.0,8.12,7.452890112216802,-7.114624505928843,,,
RPTECH,INR,2026-Q1,2026-06-30,177770460000.0,40.44346586431523,13.642812195461506,7010880000.0,4869080000.0,3190290000.0,5104980000.0,47.46,46.03076923076923,22.09767814251401,,,
TRIVENI,INR,2026-Q1,2026-06-30,62727900000.0,4.777359448651863,4.8104086261090995,10718300000.0,4071900000.0,2811200000.0,5472100000.0,12.8414,29.938174790290105,-97.83520922389113,0.185,2026-07-29,2026-10-29
SAATVIKGL,INR,2026-Q1,2026-06-30,41437180000.0,,-68.2139909197049,6680190000.0,3380430000.0,2480770000.0,4031520000.0,19.5175,,-90.90890026004529,,2026-08-14,
GULFOILLUB,INR,2026-Q1,2026-06-30,43668015000.0,16.33734269168201,25.770877206714804,15464285000.0,4797369000.0,3749103000.0,5522591000.0,75.13,1.0083355740790536,36.97339246119735,25.35,2026-08-03,2026-11-14
LATENTVIEW,INR,2026-Q1,2026-06-30,11110450000.0,22.769302508547092,-0.6035659591570866,1999650000.0,1999650000.0,1954120000.0,2425050000.0,9.4293,5.1204013377926305,-8.994625975758062,2.3,2026-08-01,2026-10-23
MASFIN,INR,2026-Q1,2026-06-30,20974600000.0,23.253121786396356,3.0270805449111675,10198100000.0,7404200000.0,3941200000.0,7482000000.0,21.7202,21.563294043901173,5.178602850607071,5.8,2026-07-29,2026-10-28
FOSECOIND,INR,2026-Q2,2026-06-30,7709378000.0,32.239958558039326,14.625994899930452,2866829000.0,1391545000.0,966150000.0,1639871000.0,132.1241,3.0546503410868975,-0.271745188170717,,,
ARTEMISMED,INR,2026-Q1,2026-06-30,11136050000.0,14.961816867556447,2.899833253589202,2313470000.0,1535882000.0,1136509000.0,2032260000.0,7.3711,29.281254384734112,4.100000000000004,2.0,2026-08-03,2026-11-14
DBREALTY,INR,2026-Q1,2026-06-30,8637314000.0,-54.39536027015636,27.46981159211851,5261769000.0,1071205999.9999999,117177000.0,1138310000.0,0.2239,,97.89454412303186,,,
WHEELS,INR,2026-Q1,2026-06-30,56904400000.0,17.473503412454942,-4.6687382514290094,10910900000.0,3092600000.0,1634600000.0,4309900000.0,66.9013,39.5186803332534,-34.050607355563784,,,
INDIGOPNTS,INR,2026-Q1,2026-06-30,14658237000.0,9.506362741245535,-13.083628289246299,4833269000.0,2114817000.0,1609012000.0,2724810000.0,33.64,13.610266801756168,-27.694859038142617,8.75,2026-08-13,2026-10-30
MARINE,INR,2026-Q1,2026-06-30,9691198000.0,21.807235033513585,-6.60184077003997,1873934000.0,898310000.0,640246000.0,1057713000.0,4.5959,47.45572381930186,-7.225563909774441,,,
JAMNAAUTO,INR,2026-Q1,2026-06-30,26497184000.0,15.894123272316103,-27.17285185037407,7715737000.0,3391525000.0,2337511000.0,4048356000.0,5.8488,30.291824459790597,-44.3394495412844,1.2,2026-08-07,2026-11-11
VADILALIND,INR,2026-Q1,2026-06-30,16752099999.999998,30.90237079406753,63.54279393021186,6030300000.0,2607000000.0,2190300000.0,3131500000.0,304.7234,56.57304519665443,138.62576876816283,,,
QUESS,INR,2026-Q1,2026-06-30,158354540000.0,-12.055894304823026,7.430584261389926,2860830000.00001,2860830000.0,2526140000.0,3272350000.0,16.87,99.17355371900825,27.03962703962704,5.5,2026-07-29,2026-11-04
GUJALKALI,INR,2026-Q1,2026-06-30,44978700000.0,7.073532457453824,10.628182456389796,7201200000.00001,945300000.0,663500000.0,5102700000.0,9.035,,267.0310814785763,,,
GOODLUCK,INR,2026-Q1,2026-06-30,44044314000.0,9.943151927677073,18.28033678383273,10615313000.0,3674552000.0,2041716000.0,4408896000.0,21.0714,22.90615539858728,5.14777391333014,7.6,2026-08-06,2026-11-06
FIEMIND,INR,2026-Q1,2026-06-30,29321016000.0,17.10581957414259,3.212941055104642,6509363000.0,3357712000.0,2629474000.0,4103218000.0,99.9053,23.132375687883997,-8.652684625930993,24.8,2026-08-12,2026-11-18
ROSSTECH,INR,2026-Q1,2026-06-30,5516279000.0,,8.727459325071411,1013630000.0,560641000.0,257326000.00000003,705267000.0,6.8263,,-5.137072119480782,,,
MASTEK,INR,2026-Q1,2026-06-30,37872400000.0,6.639260020554985,4.110529930786707,5386200000.0,5386200000.0,4178300000.0,6111500000.0,133.89,5.358829084041539,-0.23522493384298235,33.9,2026-07-21,2026-10-31
IFBIND,INR,2026-Q1,2026-06-30,58659100000.0,13.66148277612646,5.776264851154719,16782099999.999998,2194800000.0,1604500000.0,3437600000.0,39.5989,49.2141546368833,0.8907120948826773,9.81,2026-08-06,2026-10-29
MANINFRA,INR,2026-Q1,2026-06-30,6658793000.0,-29.85909656466373,50.02515156221439,2648646000.0,1466584000.0,2166500000.0,1597987000.0,5.3793,-21.696410375847915,67.29192195305872,2.09,2024-08-06,2026-11-14
VRLLOG,INR,2026-Q1,2026-06-30,33556122000.000004,5.5861928650852235,3.0474292079498153,4875521000.0,4264671999.9999995,2673118000.0,6851806000.0,15.2805,21.76182318020638,11.63004995392598,4.6,2026-08-04,2026-11-05
PURVA,INR,2026-Q1,2026-06-30,41849300000.0,113.92941489198556,-43.078799992212794,19096000000.0,8925100000.0,1603200000.0,9364300000.0,6.7528,,-74.45235602094242,,2026-02-12,2026-11-06
HAPPSTMNDS,INR,2026-Q1,2026-06-30,23937200000.0,11.495537793676522,4.044166335584691,3385000000.0,3385000000.0,2230900000.0,4269500000.0,14.8174,16.476174006005632,10.049374831118438,5.34,2026-07-28,2026-10-21
CARERATING,INR,2026-Q1,2026-06-30,4908449000.0,17.623282870339875,-14.533240580668416,1900605000.0,1900605000.0,1776570000.0,2048949000.0,58.93,24.50876822311431,-38.89206167904056,,2026-08-07,2026-11-10
MSTCLTD,INR,2026-Q1,2026-06-30,3864703000.0,21.021234674293208,-20.671615155912765,2242201000.0,2251251000.0,2343106000.0,2361990000.0,33.2828,-44.88078657509609,-24.609592225575017,,2021-06-25,2026-11-06
JINDWORLD,INR,2026-Q1,2026-06-30,23003585000.0,-1.7166821595427137,-13.349984887074818,3891194000.0,1079268000.0,847673000.0,1241240000.0,0.8455,12.658227848101278,23.983115886415963,,,
NOVARTIND,INR,2026-Q1,2026-06-30,3705900000.0,5.422012346030211,14.643843180563213,1409700000.0,999300000.0,977700000.0,1017700000.0,39.5978,-4.874263695503866,27.563682589351192,,,
ASHAPURMIN,INR,2026-Q1,2026-06-30,54976800000.0,62.636461501460374,-17.906361276623844,38411800000.0,4164399999.9999995,4069000000.0,5543800000.0,42.5946,17.338879629757166,4.163359674246866,,,
RAMRAT,INR,2026-Q1,2026-06-30,60474618000.0,60.50900001345656,5.729498804062912,4453548000.0,2679357000.0,1268083000.0,3103168000.0,13.583,85.38283062645013,-9.740865695212102,,,
RENUKA,INR,2026-Q1,2026-06-30,92801000000.0,-2.6048718029449116,-16.80596429272121,13754000000.0,1503000000.0,-7802000000.0,4385000000.0,-3.6655,-96.3730847530269,-105.48684898101372,,,
UNIVCABLES,INR,2026-Q1,2026-06-30,33675398000.0,33.639012177495275,12.470572050070405,6245285000.0,2512970000.0,2003378000.0,2938605000.0,57.7419,71.65930880713488,26.791347595125657,,,
SPECTRUM,INR,2026-Q1,2026-06-30,6804948000.0,103.57005675474842,-45.37835826223161,1681340000.0,884472000.0,574511000.0,1039548000.0,36.5609,186.00070403254193,-50.91847362939116,,,
VMARCIND,INR,2026-Q1,2026-06-30,17973097000.0,218.26045120386905,404.97823178041114,2904734000.0,1762893000.0,1000518000.0,2008307000.0,6.8284,247.64280623154468,379.14820285573603,,,
ORCHPHARMA,INR,2026-Q1,2026-06-30,9425698000.0,10.832071450291046,28.01429080672185,1756142000.0,32058000.0,86675000.0,409535000.0,1.7103,-89.82067290809859,-86.4456289978678,,2026-08-14,2026-11-16
GOLDIAM,INR,2026-Q1,2026-06-30,10731516000.0,27.014183456189095,38.969898393918896,2974892000.0,2105542000.0,2110206000.0000002,2248582000.0,14.016,55.09915014164307,98.25283460436587,1.2525,2024-05-22,2026-11-06
MAPMYINDIA,INR,2026-Q1,2026-06-30,4922100000.0,1.8288267786581707,-3.667953667953668,2040800000.0,1430700000.0,1378200000.0,1757600000.0,25.0177,-12.66233312852594,-2.2435378117674922,9.095,2026-08-04,2026-10-22
YASHO,INR,2026-Q1,2026-06-30,9391353000.0,35.27209323931429,24.965027326398488,2455648000.0,1282129000.0,576657000.0,1839576000.0,47.8272,364.3372394442772,194.06777994138585,,2023-08-03,2026-11-18
WAKEFIT,INR,2026-Q1,2026-06-30,,,17.84371362048894,,,,,,,-80.97826086956522,,2026-08-06,
MOIL,INR,2026-Q1,2026-06-30,15233353000.0,5.775494233622815,-16.559960296141114,7166631000.0,2948095000.0,3035900000.0,4715553000.0,14.9195,8.119370103847354,-5.394063234680217,4.31,2026-07-29,2026-11-11
THOMASCOOK,INR,2026-Q1,2026-06-30,80821000000.0,-4.258557925698832,18.139821199645336,9290100000.0,2308600000.0,2187000000.0,3961200000.0,4.6867,-13.106274102640167,87.7357342742426,1.5,2026-08-03,2026-11-18
NORTHARC,INR,2026-Q1,2026-06-30,28693042000.0,20.50758680519244,5.003270411817719,15655421000.0,10120686000.0,4392938000.0,10305846000.0,26.97,44.224598930481285,-14.460784313725487,,2026-07-27,
BANSALWIRE,INR,2026-Q1,2026-06-30,43886710000.0,20.92467886015331,2.7750082060479233,7373480000.00001,2346850000.0,1421250000.0,2946680000.0,9.0782,-10.438720243086722,-48.93924594647392,,2026-07-22,2026-11-16
JUNIPER,INR,2026-Q1,2026-06-30,10764716000.0,11.514251203225452,-17.23216856328221,6955608000.0,3197138000.0,1658659000.0,4290479000.0000005,7.4546,141.71070976946274,-33.978181175743124,1.5,2026-08-13,2026-11-16
DEEDEV,INR,2026-Q1,2026-06-30,12127031000.0,40.01050624515457,-18.560856125161894,3746077000.0,1493168000.0,803050000.0,2050851999.9999998,11.534,49.12791073529603,-41.85463659147871,,2025-11-04,2026-11-16
LXCHEM,INR,2026-Q1,2026-06-30,31220750000.0,5.468202371119568,31.69112347173301,5765830000.0,1737640000.0,1256870000.0,2549640000.0,4.5317,26.038103184536226,213.78600823045267,2.4,2026-07-29,2026-11-03
SOTL,INR,2026-Q1,2026-06-30,48532201000.0,26.14438018613003,20.89987748737597,9976243000.0,4939503000.0,4139380000.0,5206265000.0,60.3749,223.4883758311589,508.44279032047837,,,
PDSL,INR,2026-Q1,2026-06-30,135543779000.00002,4.615680460722218,-2.140113447223103,13291478000.0,2935328000.0,1175323000.0,4305741000.0,8.2957,-22.542483660130724,-61.39595375722543,1.3,2026-08-07,2026-11-04
BAJAJHIND,INR,2026-Q1,2026-06-30,53323100000.0,-1.9345287356321839,-32.52452493243283,3615000000.0,546200000.0,1157300000.0,2727100000.0,0.6711,,-135.6221198156682,0.27,2022-08-07,2026-11-05
DEEPINDS,INR,2026-Q1,2026-06-30,9701300000.0,48.75406795524605,12.146515221392013,3832678000.0,1114814000.0,2064735999.9999998,1735468000.0,32.2615,,,13.3,2026-07-28,2026-12-02
KDDL,INR,2026-Q1,2026-06-30,23222300000.0,32.475541230497164,10.228003965286353,5285700000.0,2052400000.0,970400000.0,3355100000.0,78.8989,0.053007275185106915,16.0017299692882,23.9,2026-08-04,2026-11-16
WSTCSTPAPR,INR,2026-Q1,2026-06-30,43893671000.0,8.20297821969195,-15.582013728224076,6579756000.0,2557490000.0,2296941000.0,5052797000.0,34.7764,-8.739408030608775,157.46168838613517,20.2,2026-08-12,2026-11-12
EPIGRAL,INR,2026-Q1,2026-06-30,26260000000.0,4.810674244752482,-4.183873071071506,6606500000.0,4132300000.0,2710200000.0,5828800000.0,62.8214,-37.926461985992766,23.21212541102862,,2026-07-27,2026-11-05
VISHNU,INR,2026-Q1,2026-06-30,16961893000.0,16.60808039559826,-3.7531745023615013,4153207999.9999995,2197392000.0,1496889000.0,2621168000.0,22.237,15.178825784062354,-8.665105386416862,,2026-05-30,2026-11-18
UFLEX,INR,2026-Q1,2026-06-30,168659900000.0,10.358570690117713,32.301179510443994,39189500000.0,14889100000.0,6824100000.0,23023100000.0,94.5016,128.39106655613855,115.96224760824158,,,
AGI,INR,2026-Q1,2026-06-30,27629300000.0,4.255608173122276,5.775939869879712,9879100000.0,4524800000.0,3621600000.0,6275700000.0,55.9775,4.0568750685471375,-13.89328129731185,15.36,2026-07-28,2026-11-03
CMRGREEN,INR,2026-Q1,2026-06-30,,,,,,,,,,,,,
ELECTCAST,INR,2026-Q1,2026-06-30,57859011000.0,-15.692369164917185,-4.499511433841524,18566224000.0,1134404000.0,1207021000.0,2887302000.0,1.9525,-78.92379101899827,202.35976789168274,0.8,2026-08-07,2026-11-06
SHILCTECH,INR,2026-Q1,2026-06-30,6277982000.0,-6.9801810024477415,-11.238136310193822,1900728000.0,1559623000.0,1375317000.0,1600553000.0,120.2179,-16.326093114774174,-26.51083513986155,,,
SURYAROSNI,INR,2026-Q1,2026-06-30,79823800000.0,11.68541526751735,-5.39789668323125,11785000000.0,3974200000.0,3117800000.0,5299400000.0,14.3201,8.269886513991063,-39.27937915742793,,2026-08-11,2026-10-29
BOSCH_HCIL,INR,2026-Q1,2026-06-30,29415800000.0,12.569217758014336,13.484228518154037,6040400000.0,169500000.0,46700000.0,719800000.0,1.7175,-87.68773074303739,-44.23783165234052,8.4,2026-08-06,2026-10-22
NRBBEARING,INR,2026-Q1,2026-06-30,13946300000.0,14.372995891320928,-0.6586375611592021,5646900000.0,1823400000.0,1475000000.0,2446900000.0,15.2183,70.30898530613156,-11.035693387946163,3.3,2026-08-07,2026-11-16
CRAMC,INR,2026-Q1,2026-06-30,,,40.44142500156484,,,,,,,82.78771515356057,,2026-07-21,
TEMPSENS,INR,2026-Q1,2026-06-30,,,,,,,,,,,,,
RPGLIFE,INR,2026-Q1,2026-06-30,7342900000.0,11.775988309256693,10.628073944259144,3062900000.0,1326700000.0,1196400000.0,1549100000.0,72.338,-34.540722696193235,2.875791686257175,,,
PTC,INR,2026-Q1,2026-06-30,175354200000.0,15.241403105232893,22.48301484020608,8196600000.00001,7354300000.0,5085700000.0,7458300000.0,17.1809,-44.80475463818167,-6.97726697951499,,2026-08-04,2026-11-17
PILANIINVS,INR,2026-Q1,2026-06-30,2370858000.0,-19.634683693880312,-70.19474952358895,651217000.0,506529000.0,-121794000.0,509479000.0,-10.9999,-119.65865122554933,-1094.1694425679611,,,
MPSLTD,INR,2026-Q1,2026-06-30,8063300000.0,10.086695337565704,9.300058490933905,2328500000.0,2328500000.0,1883700000.0,2625200000.0,110.95,18.981233243967832,7.1454348610609895,,2026-07-21,2026-11-18
DATAMATICS,INR,2026-Q1,2026-06-30,20335000000.0,13.165231812034971,-1.0303123676000463,7037000000.0,3095500000.0,2161500000.0,3967300000.0,36.5696,1.9461132096511262,63.5841009666163,12.6,2026-08-05,2026-11-11
ICRA,INR,2026-Q1,2026-06-30,6383874000.0,25.74250405066672,-6.56877031722901,1956627000.0,1956627000.0,1952378000.0,2303754000.0,202.54,10.285869861148916,7.054932941392621,,2026-07-30,2026-10-28
AYE,INR,2026-Q1,2026-06-30,18820900000.0,20.949167791273055,-4.872362746240821,13163600000.0,6339900000.0,2375400000.0,6613700000.0,10.4737,41.34547908232118,-14.619916327518002,,2026-07-22,
DECNGOLD,INR,2026-Q1,2026-06-30,144150000.0,158.8668402621891,-93.54182285530685,-290200000.0,-486870000.0,-345090000.0,-322900000.0,-1.9112,68.30934536048285,-186.31879543094496,,,
ROLEXRINGS,INR,2026-Q1,2026-06-30,11562490000.0,1.8161821166160632,-0.4432566112296037,4991090000.0,2002310000.0,1520820000.0,2373920000.0,5.5844,-12.215672404307172,,2.1,2026-08-05,2026-11-11
SUBROS,INR,2026-Q1,2026-06-30,39093800000.0,13.777066356228174,-1.6813366864807193,5423000000.0,2001900000.0,1663400000.0,3230700000.0,25.4983,6.491841345812508,-15.83220926234494,6.3,2026-08-07,2026-11-05
TEXRAIL,INR,2026-Q1,2026-06-30,42233466000.0,-14.315922248172175,-35.15853416195267,5056635000.0,3279737000.0,2151932000.0,3764930000.0,5.3276,-2.315774033260596,-13.253861888975097,1.215,2026-08-03,2026-10-28
HAWKINCOOK,INR,2026-Q1,2026-06-30,13319800000.0,18.15770564805862,-12.943655419642614,5307800000.0,1740100000.0,1356300000.0,1885000000.0,256.4954,17.3473085122931,-23.630060508097877,,,
SHOPERSTOP,INR,2026-Q1,2026-06-30,51736400000.0,9.62448775485123,6.746625447391697,10301400000.0,2105000000.0,-345900000.0,7598900000.0,-3.142,-296.55927431967467,12.85021551724137,-1.5,2026-07-22,2026-10-21
PERNIASPOP,INR,,,,,,,,,,,,,,,
SEAMECLTD,INR,2026-Q1,2026-06-30,10384600000.0,60.31802392898494,-9.218210169076956,3294700000.0,2537900000.0,2568400000.0,4267200000.0,101.0187,122.29515772332675,-21.5114950577517,32.0,2026-08-13,2026-11-06
RESPONIND,INR,2026-Q1,2026-06-30,12482812000.0,-13.115642851261386,-55.18156694278174,2402250000.0,1213582000.0,1013013000.0,1925099000.0,3.7996,-49.43776864013201,-87.99065420560748,,2023-11-01,2026-11-17
GREAVESCOT,INR,2026-Q1,2026-06-30,36653100000.0,21.200527748109398,-2.6133205366604684,6763800000.0000105,1280600000.0,998200000.0,2385000000.0,4.26,22.259212489955225,14.583333333333348,1.11,2026-08-04,2026-11-14
ANZEN,INR,2026-Q1,2026-06-30,6562290000.0,109.00943080730386,80.69870741626943,1126130000.0,415320000.0,331810000.0,2754700000.0,0.7494,,1741.9400855920112,,,
SHAREINDIA,INR,2026-Q1,2026-06-30,15957976000.0,14.540820391426148,7.2784062062488815,9483201000.0,5079865000.0,3634352000.0,5248242000.0,16.5791,19.385756462878952,114.17489688576077,,,
SWARAJENG,INR,2026-Q1,2026-06-30,21114200000.0,20.790617848970253,7.805199802121695,3787400000.0,2590800000.0,2018700000.0,2817800000.0,166.1342,16.83777309866503,1.791091314031184,45.7,2026-07-20,2026-10-26
INDIQUBE,INR,2026-Q1,2026-06-30,16522080000.000002,,5.426425784507403,3833350000.0,-1161930000.0,-934680000.0,5741450000.0,-4.485,,-5.428170332241465,-1.1,2026-08-12,2026-12-02
RUSTOMJEE,INR,2026-Q1,2026-06-30,28317100000.0,52.64789279052968,-70.53265412257123,4374300000.0,1715400000.0,1174900000.0,1905800000.0,9.2378,-27.380924305670195,1.456310679611641,4.2,2026-08-04,2026-11-17
DHANUKA,INR,2026-Q1,2026-06-30,19534296000.0,-5.625119512809985,-4.429334664634405,5349906000.0,3144783000.0,2680359000.0,3778003000.0,59.4664,-11.380018985823222,-62.83847646974748,8.1,2026-08-03,2026-10-30
WPIL,INR,2026-Q1,2026-06-30,19765197000.0,8.424478838100526,-2.0948281527753436,5977182000.0,3065461000.0,1696149000.0,3486890000.0,17.3707,46.624068337399024,-16.19082125603864,,2026-07-24,2026-11-04
VIPIND,INR,2026-Q1,2026-06-30,18750600000.0,-10.752652346297186,32.58143639823029,3060900000.0,-4036700000.0,-3784700000.0,-2765400000.0,-26.6436,-340.3100262762143,58.44922968415948,-3.8,2026-08-12,2026-11-14
GUFICBIO,INR,2026-Q1,2026-06-30,9811021000.0,16.698342033056555,3.573310586900072,3573848000.0,1338207000.0,734565000.0,1646405000.0,7.3249,18.733385203916235,1.9052853347989513,,,
HIRECT,INR,2026-Q1,2026-06-30,10427990000.0,41.95233103293561,-7.636116719975698,1303660000.0,572500000.0,416650000.0,730630000.0,12.0958,-3.2335999999999956,107.50686603600856,,,
HEG,INR,2026-Q1,2026-06-30,26395500000.0,19.698797366177512,12.86119261948575,8750400000.0,2640300000.0,3588700000.0,4738600000.0,18.5965,82.31505264602653,,2.304506,2026-07-22,2026-11-18
PITTIENG,INR,2026-Q1,2026-06-30,19853340000.0,12.185842076141085,5.589072588973805,5051227000.0,2191758000.0,1244270000.0,3265684000.0,33.626,-1.61910390469114,10.854971149578347,7.8,2026-08-10,2026-11-14
SWSOLAR,INR,2026-Q1,2026-06-30,73765500000.0,3.191190233379917,-18.2708764860378,4718300000.0000105,2835500000.0,-2871800000.0,2953300000.0,-12.3005,-363.22490905200084,-59.70949604331529,2.3,2026-07-16,2026-10-16
KSL,INR,2026-Q1,2026-06-30,18674190000.0,-4.879159456949777,-4.090471806009158,4122870000.0,3115810000.0,2644270000.0,3673050000.0,60.5749,-0.4839862328423966,-4.790787462472061,14.0,2026-02-03,2026-11-02
GVPIL,INR,2026-Q1,2026-06-30,12912300000.0,18.728334329456118,-2.436788874841972,3545300000.0,2920800000.0,2716200000.0,3042000000.0,40.4031,,-52.53922255608736,,2022-05-30,2026-11-18
SUNTECK,INR,2026-Q1,2026-06-30,11691249000.0,50.62306064539403,-42.09334107602378,6387127000.0,3501232000.0,2132130999.9999998,3650461000.0,14.5375,32.299809797693904,-33.688041275105945,2.9,2026-07-21,2026-11-12
ANTELOPUS,INR,2026-Q1,2026-06-30,3592900000.0,46.49949031600408,28.457994314282914,2109300000.0000002,1806400000.0,1327100000.0,2237300000.0,37.53,-4.818665990362665,42.618384401114206,,,
SGFIN,INR,2026-Q1,2026-06-30,4027634000.0,103.7956595878177,28.84216763241036,2383157000.0,2115100000.0,1568187000.0,2122444000.0,24.63,82.57968865826537,8.49056603773586,,2024-10-15,
RAYMONDLSL,INR,2026-Q1,2026-06-30,69730800000.0,9.175284364456203,-14.688845731655832,16857200000.0,2051900000.0,434000000.0,5965900000.0,7.1188,4.23145626519079,56.63274853801169,-3.7,2026-07-31,2026-11-14
BANARISUG,INR,2026-Q1,2026-06-30,16705021000.0,-7.586648126854799,-38.91089522778509,3188649000.0,952276000.0,1217527000.0,1561409000.0,97.089,7.277699511063232,-126.25852187028659,,,
NETWORK18,INR,2026-Q1,2026-06-30,21692200000.0,-48.53399638422154,-16.161616161616163,7515600000.0000105,-824700000.0,-345300000.0,470000000.0,-0.2256,97.6343522256593,-26.83049147442328,,,
VENUSPIPES,INR,2026-Q1,2026-06-30,12109710000.0,21.72985176949785,6.069590827114943,3383570000.0,1717080000.0,1036060000.0,1972900000.0,50.0857,13.612690145765189,3.577551534455166,12.85,2026-08-10,2026-11-17
SEITINVIT,INR,2026-Q1,2026-06-30,7473460000.0,4.304948632311748,6.42028650052721,4130569999.9999995,3333650000.0,1475880000.0,6114840000.0,4.5552,6.879399343031454,23.10028511218545,,,
KIRLOSIND,INR,2026-Q1,2026-06-30,70076200000.0,3.8238218068517362,-2.6625047916324407,24759000000.0,5663200000.0,1487900000.0,8432900000.0,141.2209,-8.954354973889506,-22.362103733397706,,,
PRASOLCHEM,INR,2025-Q4,2026-03-31,,,,,,,,,,,,,
VSSL,INR,2026-Q1,2026-06-30,18067416000.0,1.312978568315209,6.134670290625736,6015255000.0,1822900000.0,1433145000.0,2157328000.0,14.83,39.71849032428256,21.08262108262109,4.1,2026-01-20,2026-11-03
RALLIS,INR,2026-Q1,2026-06-30,29620000000.0,4.406062742333451,124.12280701754386,8570000000.0,3130000000.0,2140000000.0,4310000000.0,11.0043,24.418289125568155,,6.4,2026-07-20,2026-10-20
63MOONS,INR,2026-Q1,2026-06-30,3183105000.0,237.50330017081365,2.5585523344668455,-708986000.0,-3325549000.0,-651951000.0,-2985274000.0,-14.1487,-203.17776634953285,-276.3809523809524,,,
SYMPHONY,INR,2026-Q1,2026-06-30,10580000000.0,-18.3641975308642,11.834319526627219,3820000000.0,1360000000.0,-1390000000.0,1530000000.0,-20.2413,-183.23347876325627,,5.7,2026-08-04,2026-11-14
HARSHA,INR,2026-Q1,2026-06-30,17189300000.0,20.223391011204523,-3.4774535249308944,5552400000.0,2137100000.0,1546500000.0,2636200000.0,16.9863,69.59165335463258,-20.855501580692422,4.1,2026-08-11,2026-11-11
MHRIL,INR,2026-Q1,2026-06-30,30231481000.0,6.847681971278856,-10.663642681829492,15823819000.0,1838975000.0,529768000.0,6069492000.0,2.627,-59.089918086398605,-120.84930842028632,2.7,2026-07-22,2026-10-29
COCKERILL,INR,2026-Q2,2026-06-30,8421296000.0,174.38305081984572,-13.33981970141421,2440351000.0,-108670000.0,-146653000.0,-8605000.0,-29.7,-83.34804644817177,-526.1347018179379,,,
MOSCHIP,INR,2026-Q1,2026-06-30,5657746000.0,8.369849303982646,-24.156614082580422,535905000.0,326106000.0,268807000.0,526081000.0,1.3403,-34.299019607843135,-70.75310748233001,,,
FILATEX,INR,2026-Q1,2026-06-30,42564200000.0,0.21684823684253898,16.216298491105945,6412799999.99999,2678100000.0,1911100000.0,3459700000.0,4.3042,34.32994195118905,21.050299135829835,0.78,2024-04-29,2026-11-10
AARTIDRUGS,INR,2026-Q1,2026-06-30,26775800000.0,10.543307736768227,-2.432319866722199,7989000000.0,2626200000.0,1911820000.0,3333300000.0,20.9466,1.2730076921961244,-9.09556963071987,,2026-07-31,2026-10-22
RAYMONDREL,INR,2026-Q1,2026-06-30,31842700000.0,,-54.47739632902787,9102200000.0,4986400000.0,3015200000.0,5244800000.0,45.2911,,-91.66463512893723,,2026-08-07,
GHCL,INR,2026-Q1,2026-06-30,30426000000.0,-3.374554600712639,-2.0556349698296037,11429500000.0,5893400000.0,5195300000.0,7003900000.0,55.6958,-13.584943717368873,64.97066446186382,,2026-08-01,2026-11-02
UNIPARTS,INR,2026-Q1,2026-06-30,12441340000.0,27.452243850118375,2.4934720070812126,5214450000.0,2308140000.0,1804610000.0,2768640000.0,39.9176,83.40102549023212,10.521662245800172,,2025-02-06,2026-11-05
MAHLOG,INR,2026-Q1,2026-06-30,73775900000.0,16.930135987574097,11.804667831484696,3039100000.0,1300300000.0,384800000.0,4156399999.9999995,3.7077,,25.615763546798032,2.6,2026-07-20,2026-10-30
TATVA,INR,2026-Q1,2026-06-30,5560490000.0,41.08836529532064,24.534082776717558,2105420000.0,696820000.0,513840000.00000006,1081240000.0,21.9664,618.1613103606106,54.83885589955124,7.0,2026-07-17,2026-10-30
NPST,INR,2026-Q1,2026-06-30,2177599000.0,47.16539557138464,-8.873830267828332,563209000.0,428501000.0,446875000.0,546658000.0,21.4971,14.40591372098222,-9.910032483545638,,,
SANATHAN,INR,2026-Q1,2026-06-30,44005800000.0,48.52674141527329,14.160351699481687,10680000000.0,2067600000.0,607400000.0,3228700000.0,7.1963,-59.72430544673038,10.428079511660657,2.8,2026-08-03,2026-11-04
AHLUCONT,INR,2026-Q1,2026-06-30,46861322000.0,11.997114638025785,-14.859350614199348,3803511000.00001,2872759000.0,2250412000.0,3966954000.0,33.5945,1.0385212275783917,-87.33441139478283,1.7,2026-08-14,2026-11-13
LASERPOWER,INR,2026-Q1,2026-06-30,,,14.843810038444422,,,,,,,-58.08740068104426,,,
KOLTEPATIL,INR,2026-Q1,2026-06-30,15721400000.0,7.755365012782815,269.8724910502393,3362600000.0,1379800000.0,1245800000.0,1543300000.0,14.0444,28.020856121928094,,19.2,2026-08-10,2026-11-05
AURIONPRO,INR,2026-Q1,2026-06-30,14323332000.0,14.755061347628873,3.6178501946510533,3417644000.0,2326873000.0,2038614000.0,2760654000.0,37.1784,4.610016882386056,-25.426774483378257,8.3,2026-07-27,2026-11-10
HERITGFOOD,INR,2026-Q1,2026-06-30,47273300000.0,11.528379478606423,15.595981550864273,6463190000.0,1659060000.0,1348940000.0,2546830000.0,14.5366,-20.834535978608347,5.324962213696081,2.7,2026-07-16,2026-10-21
SMSPHARMA,INR,2026-Q1,2026-06-30,8977889000.0,10.246899375067462,-13.020771388646654,1745007000.0,1327033000.0,1024076000.0,1728608000.0,11.2691,33.78327041337226,-39.49921413473524,,,
CAPINVIT,INR,2026-Q1,2026-06-30,8987250000.0,,-8.35468718521477,5060910000.0,4925220000.0,4098470000.0000005,4925220000.0,9.7641,,-35.62468513853905,,,
TARC,INR,2026-Q1,2026-06-30,5951285000.0,82.83663709756208,-27.100436576424876,1881622000.0,103350000.0,-125090000.0,201259000.0,-0.4239,91.4501815248084,1298.1785063752277,0.0,2026-08-11,2026-11-09
SAMBHV,INR,2026-Q1,2026-06-30,25867870000.0,,6.838219200070041,5443700000.0,2497870000.0,1648030000.0,2986670000.0,5.5928,,6.0247623258898955,,2026-08-03,
TURTLEMINT,INR,2026-Q1,2026-06-30,,,-17.975480036954732,,,,,,,-1276.0,,2026-08-14,
RTNPOWER,INR,2026-Q1,2026-06-30,29679500000.0,-6.4906300016383325,1.3787149767040332,3786900000.0,1869300000.0,1114000000.0,4337800000.0,0.2074,-3.847936949466853,7.017543859649134,,,
AVANTEL,INR,2026-Q1,2026-06-30,2413812000.0,-3.166781131857481,10.334584139568042,963904000.0,320968000.0,171791000.0,548724000.0,0.6471,-67.982781653555,12.96605453533668,,,
ALOKINDS,INR,2026-Q1,2026-06-30,37754100000.0,3.863580717309909,1.0315675961626498,4027100000.00001,-1958700000.0,-7108000000.0,659900000.0,-1.4316,9.00076277650648,28.21041774110366,,,
BAJAJELEC,INR,2026-Q1,2026-06-30,44869300000.0,-5.301269915641469,-12.114366851684522,8624800000.0,601900000.0,-433900000.0,1950800000.0,-3.7727,-140.96441795063902,,3.6,2026-08-06,2026-11-05
CMSINFO,INR,2026-Q1,2026-06-30,24944740000.0,1.7113121935784812,0.27854405040651947,11930120000.0,3711890000.0,2934990000.0,6070690000.0,17.8382,-20.294012511170685,9.836134453781522,,2026-08-10,2026-10-22
RTNINDIA,INR,2026-Q1,2026-06-30,76974640000.0,2.0904670997259096,10.246742507339562,15795990000.0,1144750000.0,-6530410000.0,1281560000.0,-4.7291,-146.821503131524,,,2023-08-09,
UNICHEMLAB,INR,2026-Q1,2026-06-30,23078700000.0,9.428030895719832,9.997913478926138,7249500000.0,1053099999.9999999,3047800000.0,2285800000.0,43.2209,133.3376523114631,280.10454310789885,,,
INDOSTAR,INR,2026-Q1,2026-06-30,14168600000.0,-1.9032782912728907,5.7500432550896825,8088100000.0,193300000.0,-3936700000.0,3734400000.0,-24.2135,-153.2984811798371,,,2026-07-29,2026-11-11
TBZ,INR,2026-Q1,2026-06-30,34199203000.0,29.138979020808435,1.3593783935646744,4699623000.0,3495200000.0,2137242000.0000002,3800106000.0,32.0279,189.45232715770453,-49.86139746865413,,,
SINDHUTRAD,INR,2026-Q1,2026-06-30,4879538000.0,-63.66993963501659,12.107209353575351,630028000.0,99799000.0,566075000.0,274153000.0,0.3671,348.22954822954824,87.6243093922652,,,
JKIL,INR,2026-Q1,2026-06-30,57503515000.0,-2.4682372459107307,-4.679339177850212,7190865000.0,6182453000.0,3807665000.0,8209218999.999999,50.3223,-6.600753173331954,-11.040260582722592,12.85,2026-08-06,2026-11-10
TRUALT,INR,2026-Q1,2026-06-30,20504980000.0,,5.266559611713936,6249766000.0,2906348000.0,1484317000.0,3809756000.0,16.6226,,-4.55795171406478,,2026-07-28,2026-12-02
STYRENIX,INR,2026-Q1,2026-06-30,35053800000.0,8.619183073976984,22.365331073719886,7844400000.0,3471700000.0,2728400000.0,4634700000.0,155.1494,20.789780592280966,88.21465581405366,,2026-08-04,2026-11-18
TVSSRICHAK,INR,2026-Q1,2026-06-30,38915500000.0,18.563124188821117,8.835402776928253,10612200000.0,1657000000.0,923700000.0,3115300000.0,120.6339,244.53539349108198,-5.735684127893411,39.5,2026-08-13,2026-11-12
ORIENTELEC,INR,2026-Q1,2026-06-30,35070700000.0,12.843720840438882,0.1592407065647245,6761299999.99999,1731700000.0,1098100000.0,2495800000.0,5.1466,27.11106720343799,-21.81904862803263,1.6,2026-07-22,2026-10-29
CAPILLARY,INR,2026-Q1,2026-06-30,,,34.1256153773792,,,,,,,-122.25925925925927,1.0,2026-08-04,2026-12-02
PREMEXPLN,INR,2026-Q1,2026-06-30,3487570000.0,-26.845772588575667,14.970288772283421,708077000.0000011,119893000.0,335358000.0,236285000.0,6.2379,-8.689160506477354,-53.394885203039465,,,
REFEX,INR,2026-Q1,2026-06-30,28533368000.0,26.48955903842754,-1.9119726138638513,4593685000.0,4053637000.0,2459782000.0,4267120000.0,17.68,54.275741710296664,-29.816513761467895,,,
INDOTECH,INR,2026-Q1,2026-06-30,8460400000.0,21.98512024914932,-4.644545796895268,1947500000.0,1226600000.0,993000000.0,1280900000.0,93.5028,28.727017408603107,7.441561036251035,,,
SAMHI,INR,2026-Q1,2026-06-30,12807910000.0,11.148417330180289,-11.498579133561446,8538440000.000001,3106050000.0,5039600000.0,4390870000.0,22.7121,412.1797762944253,-94.83968219074835,1.1,2026-08-03,2026-11-05
KSCL,INR,2026-Q1,2026-06-30,12787339000.0,1.4643825579518688,593.1866494514759,4153434000.0,2326304000.0,2496030000.0,2924904000.0,48.7947,-22.35398018856666,,54.4,2026-08-13,2026-11-17
NACLIND,INR,2026-Q1,2026-06-30,15194300000.0,11.898046204717684,6.200304751350603,3155500000.0,726800000.0,123700000.0,1060900000.0000001,0.499,,,,,
SANGHVIMOV,INR,2026-Q1,2026-06-30,11767614000.0,30.048254701363252,8.041305526924914,2869048000.0,2869048000.0,1992824000.0,4257863000.0000005,23.0182,19.84214170801422,-5.133981951139693,,2024-02-07,2026-11-14
MIDWESTLTD,INR,2026-Q1,2026-06-30,6951920000.0,,-11.105396075160446,3248670000.0,1485670000.0,1110360000.0,1818600000.0,31.2398,,-17.320111873887612,,2026-08-12,
VAIBHAVGBL,INR,2026-Q1,2026-06-30,37951220000.0,10.409821974758305,-1.886579693281555,16093078000.0,2892007000.0,2848798000.0,3934209000.0,16.87,73.9175257731959,-38.333333333333336,5.39,2026-01-27,2026-11-04
NITINSPIN,INR,2026-Q1,2026-06-30,32955841000.0,-0.012639560422411883,1.7723829821086878,6017360000.0,3481878000.0,2118299000.0,4970813000.0,37.6787,21.53439238771066,31.21018484034733,13.4,2026-08-08,2026-11-10
TCPLPACK,INR,2026-Q1,2026-06-30,18785065000.0,4.982889273362203,8.62356098074756,5134294000.0,2191289000.0,1154900000.0,3056894000.0,126.9121,-13.559863452589822,84.22519159135,44.0,2026-08-11,2026-11-18
SANDHAR,INR,2026-Q1,2026-06-30,51438877000.0,26.63362106922222,5.73101602281401,10314519000.0,2673938000.0,2079266999.9999998,4604108000.0,34.5447,47.89363724323351,-41.58964879852125,6.2,2026-08-11,2026-11-06
GREENPLY,INR,2026-Q1,2026-06-30,28631101000.0,14.318018821540344,-6.616455805785379,7273566000.0,2205189000.0,986104000.0,2872237000.0,7.8842,13.352023578463088,22.114720110573582,3.0,2026-07-24,2026-11-14
RML,INR,2026-Q1,2026-06-30,40239500000.0,42.05953582952644,-0.596448032675809,9476300000.0,2013300000.0,1190500000.0,3520000000.0,43.0761,323.9773622047244,-18.560863810727348,,,
IDEAFORGE,INR,2026-Q1,2026-06-30,2819370000.0,221.10178467706115,-51.37085853250427,483250000.0,-212710000.0,39320000.0,262290000.00000003,0.7201,,-104.3611111111111,,2026-08-10,2026-11-03
ASHIANA,INR,2026-Q1,2026-06-30,9579200000.0,37.123879870594635,-66.7182902276599,2057600000.0,1121200000.0,1182800000.0,1254200000.0,11.7663,224.94614747307372,-37.50838524197413,,,
KPL,INR,2026-Q1,2026-06-30,5539565000.0,37.938405914386806,3.3342753268972256,1894586000.0,1150463000.0,810510000.0,1350868000.0,78.1124,86.69088562517177,1.2787230814027324,,,
WELSPLSOL,INR,2026-Q1,2026-06-30,8785500000.0,15.153223058169713,-11.868031854379977,931999999.9999989,359600000.0,285800000.0,531200000.00000006,0.4313,,21.150855365474342,,2024-04-26,2026-11-02
POCL,INR,2026-Q1,2026-06-30,32904184000.0,48.56504192545791,-0.03585233116604762,2999406000.0,1989210000.0,1425852000.0,2254869000.0,15.8705,62.88127591444639,-61.756575470547595,4.7,2026-08-04,2026-11-11
VSTTILLERS,INR,2026-Q1,2026-06-30,12713100000.0,17.019357332866967,-4.585033185167144,2579800000.0,1441800000.0,1089300000.0,1687100000.0,125.6884,-5.054842121166335,855.433447098976,56.4,2026-08-13,2026-11-10
PNCINFRA,INR,2026-Q1,2026-06-30,56337604000.0,-6.477644757937864,4.420374513546197,16725840000.0,11624339000.0,7323072000.0,12927753000.0,28.5456,9.017582988344206,207.7901998097051,4.25,2026-08-08,2026-11-17
VSTIND,INR,2026-Q1,2026-06-30,14230900000.0,3.5486640665929334,-43.889204918391464,5183500000.0,3220500000.0,2785500000.0,4226300000.0,16.3987,-4.915228685406807,-63.64761197723335,,2025-02-07,2026-10-22
EIEL,INR,2026-Q1,2026-06-30,12638629000.0,15.494669169200773,-15.943837045243333,3016170000.0,2580232000.0,1809794000.0,2882840000.0,10.3046,-12.316947609363432,-23.298739055474798,,2026-08-11,
ASHIKAG,INR,2026-Q1,2026-06-30,2208854000.0,4100.0608469129775,531.8132759671367,1889280000.0,1325574000.0,772588000.0,1416091000.0,8.6245,,,,,
KNRCON,INR,2026-Q1,2026-06-30,26732350000.0,-37.509971402747425,-15.47544359439118,9818952000.0,6651952000.0,3944769000.0,7199400000.0,14.0266,-58.593918354454665,-23.916324639216207,-0.1,2026-08-13,2026-11-17
DIVGIITTS,INR,2026-Q1,2026-06-30,4183540000.0,76.99565077592189,27.42933600936611,1799930000.0,629240000.0,632370000.0,930370000.0,20.6772,131.138634890116,63.03832477281707,,2026-08-11,2026-11-12
SOLARA,INR,2026-Q1,2026-06-30,14314300000.0,15.491923641703378,-1.4691832993364147,3725400000.0,888900000.0,-16200000.0,1917000000.0,-0.676,-112.7800359202193,76.62702594209445,1.7,2024-10-21,2026-11-11
POLYPLEX,INR,2026-Q1,2026-06-30,76008100000.0,9.549382048787518,20.46805508039685,12424600000.0,2922600000.0,1552900000.0,6641600000.0,49.4673,13.865563627323695,267.05569620253164,54.9,2022-02-14,2026-11-16
ZOTA,INR,2026-Q1,2026-06-30,6086772000.0,78.88759313553763,6.390060260345775,719942000.0,-925374000.0,-1031753999.9999999,29857000.0,-31.3119,-50.10498561840845,-207.41383524810556,-13.2,2026-08-13,2026-11-18
PARAGMILK,INR,2026-Q1,2026-06-30,39105500000.0,10.912417040104373,-0.08145217593670002,7786400000.0,1942500000.0,1295100000.0,2671400000.0,10.11,6.197478991596637,-31.349206349206348,1.9,2026-08-06,2026-11-16
HEMIPROP,INR,2026-Q1,2026-06-30,42464000.0,-42.840220756494816,-11.409320606400899,-52020000.0,-56350000.0,-117796000.0,-54950000.0,-0.4133,-46.09402615765289,-85.78512396694215,,,
AIMTRON,INR,2025-H2,2026-03-31,3011592000.0,89.18960346467418,,689999999.9999989,592333000.0,459730000.0,657705000.0,,,,,,
KIRIINDUS,INR,2026-Q1,2026-06-30,9498821000.0,10.709475914378565,24.69442796611861,1375664000.0,-2360718000.0,58466070000.0,-1887959000.0,928.2385,3159.7451169062856,-44.332837301587304,,,
GRAUWEIL,INR,2026-Q1,2026-06-30,12358600000.0,10.063587624458972,-15.952387652306047,4635300000.0,1645400000.0,1602200000.0,1892800000.0,3.5336,6.755287009063437,-19.589706017034533,,,
DBCORP,INR,2026-Q1,2026-06-30,23998100000.0,3.945926513074401,4.744695874848844,11711020000.0,4398330000.0,3518810000.0,5397980000.0,19.7414,5.365015317940664,61.95007308474963,5.7,2026-07-16,2026-10-22
JTLIND,INR,2026-Q1,2026-06-30,22557114000.0,16.016066372149083,4.175885666405556,2795556000.0,1597351000.0,1131896000.0,1845271000.0,2.8796,59.093922651933696,-5.414049114791548,1.0,2026-08-05,2026-10-14
PRABHA,INR,2026-Q1,2026-06-30,66671000.00000001,61.19680851063831,17.239229810223023,3254000.0,-3080000.0,10969000.0,-707000.0,0.0772,,187.14285714285714,,,
PACEDIGITK,INR,2026-Q1,2026-06-30,28295550000.0,,-49.36409249265349,5911950000.0,4469070000.0,3004050000.0,4612620000.0,13.917,,-38.16064431867654,,2026-02-07,2026-12-02
WONDERLA,INR,2026-Q1,2026-06-30,5931570000.0,30.67466457113815,78.60587416458526,3358890000.0,1054137999.9999999,1019570000.0,2003984000.0,15.9946,-0.09618988132418121,342.63565891472865,11.5,2026-08-04,2026-11-14
AGIIL,INR,2026-Q1,2026-06-30,3573665000.0,3.927030220474497,9.441261346524183,1286444000.0,1102575000.0,1023574000.0,1327425000.0,8.278,39.93981810190351,3.1339298262050854,,,
ANUP,INR,2026-Q1,2026-06-30,7723045000.0,1.3952764754613833,-39.74339422216043,3199944000.0,1145319000.0,847016000.0,1432761000.0,42.2061,-29.739992309139307,-97.85230239823717,11.32,2026-08-06,2026-10-29
INDRAMEDCO,INR,2026-Q1,2026-06-30,15236000000.0,10.923439820612133,11.331926208163154,5164500000.0,2283700000.0,1880100000.0,2735800000.0,20.5088,12.124475837975849,33.93202602884277,6.09,2026-08-06,2026-10-30
JTEKTINDIA,INR,2026-Q1,2026-06-30,28175405000.0,16.79216272224338,-7.989498263615011,3694802000.0,1011359000.0,722967000.0,2078187000.0,2.6292,-4.026282168278885,-77.36629667003027,1.1,2026-05-14,2026-11-12
NFL,INR,2026-Q1,2026-06-30,224804000000.0,23.26882489284083,3.524115578109077,20862100000.0,5989400000.0,3643100000.0,10118100000.0,7.4261,137.74931967344327,-25.18290708967303,,,
JINDALPOLY,INR,2026-Q1,2026-06-30,21524758000.0,-58.48859608647105,3.1375295625228365,1660685000.0,-7490750000.0,-9895652000.0,-6116876000.0,-225.9983,-4440.8539280691175,,,,
PSPPROJECT,INR,2026-Q1,2026-06-30,34843726000.0,44.7704343907522,-23.471811411406136,2151334000.0,1263071000.0,734351000.0,2190507000.0,18.5247,231.4314851591434,-13.040781807930827,4.21,2026-07-30,2026-10-22
ADVENZYMES,INR,2026-Q1,2026-06-30,7496320000.0,12.169983540326202,-6.677091170150516,3495620000.0,1832440000.0,1658820000.0,2235970000.0,14.8136,21.11618932376194,-13.700664322000772,,2026-05-09,2026-11-06
MAYURUNIQ,INR,2026-Q1,2026-06-30,10203751000.0,15.58017817271027,-1.505007362423289,3741333000.0,2209923000.0,2071302000.0000002,2506358000.0,47.6681,36.003777557768956,-5.5775698201491455,,2026-08-05,2026-11-06
HEIDELBERG,INR,2026-Q1,2026-06-30,23601600000.0,6.590552923589691,-2.8024511776175296,9627800000.0,1542500000.0,1162900000.0,2651900000.0,5.1316,1.049563830415693,-32.42606516290727,1.3,2026-07-29,2026-10-20
MUTHOOTMF,INR,2026-Q1,2026-06-30,24922500000.0,5.185123284687983,4.963225799383001,15173920000.0,7155320000.0,2454240000.0,7585300000.0,14.3924,,14.363793268769792,,2026-05-06,
JUBLCPL,INR,2026-Q1,2026-06-30,19723200000.0,19.909535273947604,7.827699917559769,5722500000.0,1849000000.0,1298400000.0,2036500000.0,84.4746,22.12606621367644,132.2480620155039,,,
GOPAL,INR,2026-Q1,2026-06-30,16083720000.0,12.014463795590242,3.0969411420062007,2724620000.0,764660000.0,839770000.0,1175090000.0,6.7376,,-57.107180020811654,1.0,2026-08-07,2026-10-19
CARYSIL,INR,2026-Q1,2026-06-30,9591000000.0,13.994009698583247,12.159849392435392,3870300000.0,1460300000.0,1068000000.0,1867200000.0,37.5493,53.003903607781155,15.97712006717044,11.1,2026-08-10,2026-11-14
DALMIASUG,INR,2026-Q1,2026-06-30,35253900000.0,-5.444709378578957,-14.387370928507263,5679400000.0,2403800000.0,2051699999.9999998,3790600000.0,25.3486,-44.6055742763362,-92.61032601958597,,2026-08-07,2026-11-10
INDSWFTLAB,INR,2026-Q1,2026-06-30,6647383000.0,113.33660471264761,12.761357184421875,2005213000.0,279073000.0,573247000.0,594195000.0,6.6926,-78.63222757894064,61.51136363636363,,,
BHAGCHEM,INR,2026-Q1,2026-06-30,6071844000.0,34.077935464723815,23.354343707798716,1563214000.0,532730000.0,275233000.0,786770000.0,2.1226,131.04386633286165,227.1483131763208,,,
WEBELSOLAR,INR,2026-Q1,2026-06-30,12032900000.0,76.28039847641371,-7.186449121932993,5575800000.0,3853400000.0,3135900000.0,4581300000.0,7.2582,55.21245429078545,-37.52266703863858,,2026-08-10,2026-11-03
ARSSBL,INR,2026-Q1,2026-06-30,9799817000.0,,-3.674445316986838,6686569000.0,1943775000.0,1298110000.0,2195128000.0,23.5949,,-45.2067201014355,,,
BEPL,INR,2026-Q1,2026-06-30,14402480000.0,5.46660865049273,38.21507912740741,4007733000.0,2380636000.0,1998674000.0,2462694000.0,8.0314,15.828033285741059,27.135484493319815,,,
CMLL,INR,2026-Q1,2026-06-30,,,80.84548234952175,,,,,,,-29.16407319805801,,,
LUXIND,INR,2026-Q1,2026-06-30,29334400000.0,10.60819727762905,-30.237912509593244,6605300000.0,1555100000.0,1023700000.0,1867700000.0,34.042,-33.91211837655454,-49.56688002850916,,2026-08-14,2026-11-17
JASH,INR,2026-Q1,2026-06-30,7584537000.0,1.3637700696813213,-48.413234091984684,2634999000.0,933909000.0,861306000.0,1142063000.0,13.5496,4.804114939861548,-91.42984409799554,0.8,2026-08-11,2026-11-18
NIITMTS,INR,2026-Q1,2026-06-30,20657110000.0,21.699327614353574,7.589595959018999,5012950000.0,2900000000.0,2558310000.0,3697360000.0,18.21,18.477553675992205,-25.18248175182483,4.2,2026-07-22,2026-11-02
BUILDPRO,INR,2026-Q1,2026-06-30,71473600000.0,,-5.3353704353053155,3209200000.00001,2242500000.0,1312800000.0,2353900000.0,54.1376,,-13.902357514320391,,,
CRIZAC,INR,2026-Q1,2026-06-30,10338349000.0,,-48.635273611545784,2801767000.0,2533218000.0,2204488000.0,2775170000.0,12.5983,,-37.1986195961386,2.7,2026-08-03,2026-12-02
OSWALPUMPS,INR,2026-Q1,2026-06-30,20240030000.0,,-7.097189334892306,6532340000.0,4291390000.0000005,3357350000.0,4474740000.0,29.4553,,-41.50469292735202,4.7,2026-08-08,2026-12-02
VINDHYATEL,INR,2026-Q1,2026-06-30,34045874000.000004,-17.534993985017106,-28.772252995576032,3745274000.0,2246127000.0,2372270000.0,2476440000.0,200.177,2.246567169973039,-26.866999880885846,,,
LUMINO,INR,,,,,,,,,,,,,,,
ASHOKA,INR,2026-Q1,2026-06-30,71324217000.0,-24.590889587120834,-23.266503542874183,16984971000.000002,13831248000.0,24603908000.0,15415703000.0,87.6447,39.70221624309814,-10.73718891569101,1.1,2026-08-11,2026-11-12
SEIL,INR,2026-Q1,2026-06-30,567138000.0,-11.8263822165838,-29.664648487228508,201049000.0,47796000.0,58123000.0,64349000.00000001,0.361,-15.516030891645219,186.90671031096565,,,
NOCIL,INR,2026-Q1,2026-06-30,13697700000.0,0.9603903474505064,21.997881035265625,4172100000.0000005,605000000.0,661300000.0,1154100000.0,3.9515,-28.90556125294615,64.55445544554455,1.7,2026-08-03,2026-11-04
STEELCAS,INR,2026-Q1,2026-06-30,4413005000.0,8.910862988660746,11.020812227439338,1237579000.0,1059034000.0000001,906883000.0,1188859000.0,8.9613,14.577047000460281,2.314309418802689,,,
ROUTE,INR,2026-Q1,2026-06-30,45088900000.0,-0.31262229080947945,1.8224423025908567,6319799999.99999,4033200000.0,2484200000.0,4961400000.0,39.4286,-15.4616540773029,-42.72507737439988,9.94,2026-07-23,2026-10-21
MONOLITH,INR,2026-Q1,2026-06-30,1536863000.0,,16.085963000587878,883017000.0,358958000.0,287790000.0,384749000.0,13.2402,,24.14726293507677,,2026-07-25,2026-12-02
DPABHUSHAN,INR,2026-Q1,2026-06-30,43771568000.0,30.799275068671655,-36.13674204217,4072705000.0,3323113000.0,2398662000.0,3429415000.0,104.9964,92.00921675840755,27.039122275155194,,2022-01-20,
APCOTEXIND,INR,2026-Q1,2026-06-30,15913682000.0,11.168998137319718,32.206971209591536,3868054000.0,2044997000.0,1611913000.0,2559086000.0,31.091,175.90337924180037,127.22320882269548,,2026-07-29,2026-10-22
HGINFRA,INR,2026-Q1,2026-06-30,48530570000.0,-3.139264861002586,-22.86388717761102,9846080000.0,8793030000.0,1864160000.0,10562500000.0,28.6041,-57.79680747627148,-153.046282042445,0.77,2026-08-12,2026-11-16
IMAGICAA,INR,2026-Q1,2026-06-30,4033603000.0,7.753168065271615,93.33395744365862,2108172999.9999998,363126000.0,138988000.0,1334974000.0,0.2456,-75.41295424967464,14435.71428571429,1.0,2026-08-07,2026-11-12
WINDMACHIN,INR,2026-Q1,2026-06-30,6059911000.0,51.03639656758517,-19.376435525703663,726550000.0,83668000.0,67222000.0,297369000.0,0.5729,-10.34428794992176,-114.28571428571428,,,
KKCL,INR,2026-Q1,2026-06-30,12580100000.0,15.916776470371428,-13.835701050030883,3115000000.0,2029100000.0,1480500000.0,2497200000.0,24.0243,-3.0195016207619036,22.580709287531793,,2026-08-06,2026-10-22
ADFFOODS,INR,2026-Q1,2026-06-30,7176419000.0,19.440642332112144,-14.96570699802929,3594690000.0,1139720000.0,919645000.0,1367859000.0,8.3708,31.162644938890622,-33.29517510387519,,2026-07-29,2026-11-14
BOROLTD,INR,2026-Q1,2026-06-30,12168121000.0,9.14414903302367,-10.746980675053269,5282042000.0,791826000.0,700535000.0,1658383000.0,5.8527,-15.093354223789007,21.65909090909091,1.085,2026-08-14,2026-11-14
FUSION,INR,2026-Q1,2026-06-30,17452400000.0,-17.200087295638063,6.5490305481936115,11966500000.0,3777200000.0,1685100000.0,3866400000.0,10.4109,,-45.47591734998796,,2026-08-10,2026-11-10
ELPROINTL,INR,2026-Q1,2026-06-30,5671269000.0,53.25111507799466,-25.206679533077626,2399804000.0,1901449000.0,1291877000.0,2055540000.0,7.6226,39.08584983121978,,,,
XPROINDIA,INR,2026-Q1,2026-06-30,5350111000.0,-1.2265196307757749,29.809157152308863,1107389000.0,340329000.0,326612000.0,481309000.0,13.9159,68.45705016463299,-38.74791862738,,,
RISHABH,INR,2026-Q1,2026-06-30,7830980000.0,5.6350529592998475,-3.212878850744156,2192010000.0,937170000.0,808630000.0,1313540000.0,20.9,110.68548387096773,-3.929273084479375,,,
MMFL,INR,2026-Q1,2026-06-30,16487107000.0,9.575691541279403,-2.134587992142478,4763039000.0,1836822000.0,1131014000.0,2916103000.0,23.4254,1.997239481510188,-23.69797000830108,7.3,2026-08-14,2026-11-14
MONARCH,INR,2026-Q1,2026-06-30,3659430000.0,7.261063679615816,-8.516884865413406,3221116000.0,2407043000.0,1811254000.0,2488883000.0,22.8,14.228456913827653,-0.6980802792321122,,,
RELTD,INR,2025-Q4,2026-03-31,5432020000.0,116.91551427396266,4.626841025076471,1939760000.0,1030040000.0,808320000.0,1310310000.0,4.4299,253.4306685814584,-13.830052329927733,,,
MAITHANALL,INR,2026-Q1,2026-06-30,20798100000.0,0.8221635116465086,-3.5140741800493576,4878300000.0,2617300000.0,2905500000.0,2846700000.0,99.8057,-59.065961558652916,,,,
HLEGLAS,INR,2026-Q1,2026-06-30,13697835000.0,26.310004890906235,-23.21724769058852,2723390000.0,850852000.0,357810000.0,1230787000.0,5.1517,-37.51652536719669,-84.74317357265609,28.0,2022-11-09,2026-11-11
CARRARO,INR,2026-Q1,2026-06-30,23072470000.0,,-10.225736908380087,3885339999.99999,1691240000.0,1328270000.0,2150420000.0,23.3638,,-24.710519496460766,,,
CONFIPET,INR,2026-Q1,2026-06-30,60011100000.0,72.4541141377596,98.12040898584343,6136100000.0,2358700000.0,1346300000.0,4074800000.0,4.0522,46.056805074971166,97.44595167443832,,,
NILKAMAL,INR,2026-Q1,2026-06-30,37146464000.0,7.571386345485173,-15.06920591609254,11744845000.0,1982637000.0,1246586000.0,3454484000.0,83.5372,20.578751216076174,-41.43246866676971,16.3,2026-08-01,2026-11-05
GIPCL,INR,2026-Q1,2026-06-30,16188776000.0,23.784510886520096,16.58249297800197,3901202000.0,3435612000.0,5028379000.0,6667161000.0,32.396,147.6341899680482,-51.69107590608616,,2025-11-12,2026-11-17
RSYSTEMS,INR,2026-Q2,2026-06-30,22301950000.0,24.07052597965421,4.685890655012109,2973490000.0,2973490000.0,1927330000.0,3768490000.0,15.57,-1.142857142857141,-15.122873345935725,4.6,2026-08-04,2026-11-06
BLSE,INR,2026-Q1,2026-06-30,11778947000.0,71.20788952295736,-5.962651786838044,1030173000.0,832875000.0,581151000.0,896123000.0,6.4,5.235464351486459,3.573405498493145,,,
PRINCEPIPE,INR,2026-Q1,2026-06-30,26273350000.0,5.099285559991359,-28.309921618496293,4332570000.0,1344260000.0,1021120000.0,2697800000.0,9.421,347.36217294268477,-39.84747566310645,3.1,2026-08-04,2026-11-10
STYLEBAAZA,INR,2026-Q1,2026-06-30,19502607000.0,34.893491961630076,4.43997954937771,2948507000.0,906812000.0,470416000.0,2786301000.0,6.2956,174.09116635465193,,,2026-08-13,2026-11-09
SANGAMIND,INR,2026-Q1,2026-06-30,33051100000.0,11.8984179004425,-2.6665309077744594,6471100000.0000105,2833300000.0,1214900000.0,3684700000.0,24.1788,518.2887536439421,24.794778115780314,,,
MARATHON,INR,2026-Q1,2026-06-30,5528032000.0,-1.062143996701136,73.93988179271363,1720407000.0,1395658000.0,1933044000.0,1410833000.0,28.6651,-29.928572126995928,12.372362407806827,,,
INDNIPPON,INR,2026-Q1,2026-06-30,11482600000.0,30.043715599447324,1.6763507647098113,1623300000.0,1088900000.0,1149900000.0,1278300000.0,50.8323,31.64283235527195,-32.13685310554772,,,
INTERARCH,INR,2026-Q1,2026-06-30,19768723000.0,29.107943629541676,-8.73107243713184,3371435000.0,1687869000.0,1343920000.0,1841284000.0,79.67,13.716814159292035,-22.82157676348549,16.75,2026-08-06,2026-11-06
SUNCLAY,INR,2026-Q1,2026-06-30,21056200000.0,-3.875353228243651,14.193897048889232,4444800000.0,-1061800000.0,2508100000.0,1015900000.0,113.7658,,-113.91383069421546,,2026-01-29,2026-12-02
RAMCOIND,INR,2026-Q1,2026-06-30,18697500000.0,13.846706528489824,22.31432955383297,6643000000.0,2395300000.0,3272200000.0,2771300000.0,37.7517,57.8875389473244,-1.4148564874778817,,,
BALMLAWRIE,INR,2026-Q1,2026-06-30,27850777000.0,8.871595184718279,0.6477905422580831,6290039000.0,2861888000.0,2790784000.0,3674593000.0,16.32,2.95685527369995,-15.511764824893278,,,
DREDGECORP,INR,2026-Q1,2026-06-30,13215274000.0,7.128827790109024,-25.67719479029137,5827874000.0,1029849999.9999999,393359000.0,2626588000.0,14.0485,,-87.07180967600588,,,
EUROPRATIK,INR,2026-Q1,2026-06-30,3737650000.0,,10.52476768264508,1432247000.0,1111952000.0,861788000.0,1176198000.0,8.4324,,-11.462450592885386,,,
HIKAL,INR,2026-Q1,2026-06-30,17350000000.0,-5.36707756081597,-22.448979591836736,5286000000.0,652000000.0,-338000000.0,2323000000.0,-2.7413,-153.39709377069616,-151.3913862488227,-1.3,2026-08-06,2026-11-11
KERNEX,INR,2026-Q1,2026-06-30,8778736000.0,304.49990300741524,97.81146679058469,3563952000.0,2920824000.0,1907172000.0,2990111000.0,113.5112,252.43825953041846,60.92150674747556,,,
NAVNETEDUL,INR,2026-Q1,2026-06-30,17150000000.0,-3.754959565859106,83.25581395348837,4210000000.0,1630000000.0,3360000000.0,2440000000.0,15.2012,56.70693992000329,268.43352601156073,,2026-01-30,2026-11-05
UFBL,INR,2026-Q1,2026-06-30,14676200000.0,19.870199560416584,18.17528496431703,4402120000.0,260170000.00000003,-396290000.0,2167990000.0,-10.1389,-0.6512265096840151,,0.8,2026-08-04,2026-11-10
NSIL,INR,2026-Q1,2026-06-30,954471000.0,18.111227156631752,25.550369591258367,796487000.0,762381000.0,553842000.0,762562000.0,107.8319,27.78365682581177,384.6497820181293,,,
UEL,INR,2026-Q1,2026-06-30,170225000.0,-26.9279474576635,-46.26614460606275,80916000.0,-39724000.0,39273000.0,-34730000.0,0.1146,1.0582010582010517,800.0,,,
STOVEKRAFT,INR,2026-Q1,2026-06-30,17479000000.0,18.46386679236664,15.936389536889402,3966910000.0,985900000.0,486140000.0,1842650000.0,14.6818,19.2207750024361,181.87339278875086,5.2,2026-08-03,2026-11-10
PANAMAPET,INR,2026-Q1,2026-06-30,41061900000.0,45.85110804062046,110.89125758109799,8676800000.0,5944000000.0,4787900000.0,6085700000.0,79.1472,166.76553462850362,334.5948936170213,7.8,2023-11-08,2026-11-06
RPSGVENT,INR,2026-Q1,2026-06-30,119281300000.0,18.529232022815236,22.186653365356694,49450300000.0,12357200000.0,-1299800000.0,17406500000.0,-39.285,-91.5696667950787,,30.8,2024-08-09,2026-11-14
MANGLMCEM,INR,2026-Q1,2026-06-30,17618808000.0,0.5549387286781426,-7.174475582227606,7689598000.0,1122900000.0,1147621000.0,1950614000.0,41.7358,90.44659520778289,-72.29809475636486,,2026-08-08,2026-11-09
TECHNVISN,INR,2026-Q1,2026-06-30,2863008000.0,23.400198267316064,9.641363854459408,47782999.9999999,47783000.0,30061000.0,81330000.0,4.7906,,,,,
ADOR,INR,2026-Q1,2026-06-30,11976400000.0,8.377825638426872,-2.9814716117503215,3072400000.0,1332400000.0,1135300000.0,1529400000.0,65.1412,212.65124717423961,-19.367991845056068,,2026-07-21,2026-11-14
GANECOS,INR,2026-Q1,2026-06-30,15682054000.0,6.963350138976166,-0.06477311835386282,2429296000.0,985207000.0,564947000.0,1651716000.0,21.1269,-41.299165342254135,25.10310822331283,11.15,2026-08-03,2026-11-14
VIMTALABS,INR,2026-Q1,2026-06-30,4188000000.0,14.217143480513814,-0.15652890292461896,1716790000.0,986830000.0,796610000.0,1451410000.0,17.66,7.617306520414381,0.8658008658008665,4.66,2026-07-20,2026-11-14
DIAMONDYD,INR,2026-Q1,2026-06-30,18061532000.0,6.415340373236349,17.210451987485502,3657167000.0,197074000.0,114963000.0,858212000.0,4.8095,,117.32184149674165,1.0,2026-08-01,2026-11-05
GLOBUSSPR,INR,2026-Q1,2026-06-30,27991921000.0,7.881042238946469,24.74614564912162,7462970000.0,1820546000.0,1005355000.0,2786106000.0,34.5321,305.7253971237898,24.35134362103486,,2026-07-17,2026-11-16
EFCIL,INR,2026-Q1,2026-06-30,10999377000.0,42.05366213128207,-3.414533714103095,4754225000.0,3742652000.0,2462691000.0,4890259000.0,18.5951,42.315610625971004,-6.305998633934676,4.8,2026-07-29,2026-11-17
MUFIN,INR,2026-Q1,2026-06-30,2515012000.0,29.627298811918646,19.102702268719952,1103767000.0,595240000.0,378569000.0,622649000.0,2.067,87.60210564530772,11.111111111111104,,,
CHEMPLASTS,INR,2026-Q1,2026-06-30,42485500000.0,-1.221321156546728,-10.424913384572498,9673100000.0,-1907500000.0,-3912000000.0,301400000.0,-24.7423,-97.07756519522724,-286.9068357605742,-11.1,2026-08-06,2026-11-14
GATEWAY,INR,2026-Q1,2026-06-30,22106835000.0,17.72249288544952,2.93197733870939,4884787000.0,3227702000.0,2442462000.0,4775640000.0,4.8884,-36.13607859531773,-19.379844961240302,0.9,2026-08-05,2026-11-10
DDEVPLSTIK,INR,2026-Q1,2026-06-30,31681097000.0,15.325340704871888,29.228232062469274,4868582100.0,2865789100.0,2134589000.0,3050323100.0,20.6287,9.355435514395207,17.014007516228215,6.16,2026-08-10,2026-12-02
KLBRENG_B,INR,2026-Q1,2026-06-30,6165443000.0,31.677631895092613,-38.1583357032379,2318099000.0,1224369000.0,879836000.0,1342655000.0,16.9431,9.089328714732744,-50.19816748348603,2.4,2026-08-14,2026-11-18
TALBROAUTO,INR,2026-Q1,2026-06-30,9016908000.0,8.707922570042083,0.7855508029257561,3004273000.0,1110948000.0,1119286000.0,1445616000.0,18.1325,16.57473126575118,-5.070186056500256,,2023-08-08,
SPORTKING,INR,2026-Q1,2026-06-30,26137349000.0,5.56347249711852,10.506466634127772,4625887000.0,2542620000.0,1616015000.0,3486959000.0,12.7173,43.549078923604846,131.89822356682956,,,
SASKEN,INR,2026-Q1,2026-06-30,11788761000.0,68.14980684274758,1.5610849636298698,2249528000.0,652991000.0,693498000.0,1059108000.0,45.54,66.43094431470578,-7.900677200902926,,,
TASTYBITE,INR,2026-Q1,2026-06-30,5832980000.0,-1.1741225424751114,32.341195663256634,1318710000.0,296170000.0,359520000.0,609360000.0,140.1091,-4.105010855073125,47.12030033441671,,,
DRAGARWQ,INR,2026-Q1,2026-06-30,4969200000.0,20.01449100350199,19.13173902174819,1822100000.0,1048900000.0000001,762200000.0,1514400000.0,158.7765,29.10894325602726,43.96565833916111,,,
ORIANA,INR,2025-H2,2026-03-31,18136723000.0,83.72515868658361,,4269953999.9999995,3822591000.0,2523388000.0,3980225000.0,124.1584,57.2534998093834,,,,
ALEMBICLTD,INR,2026-Q1,2026-06-30,2389800000.0,8.209191759112521,-18.82078614257162,1130872000.0,747072000.0,3206400000.0,877872000.0,12.4869,1.308658402025059,-3.3393260146119395,,,
DCAL,INR,2026-Q1,2026-06-30,22916140000.0,-20.863397300199946,-92.04087385482734,5691430000.0,1632310000.0,682520000.0,4296390000.0,4.3533,-34.511237476306526,-126.62628010962065,,2023-05-23,2026-11-05
DOLPHIN,INR,2026-Q1,2026-06-30,1428239000.0,73.91927501923995,-5.532270475375753,903882000.0,638688000.0,720195000.0,820638000.0,18.0028,43.29218303525235,-47.702975610444994,,,
GANDHAR,INR,2026-Q1,2026-06-30,50522730000.0,32.777434522212346,58.402919414287936,6481870000.0,4393820000.0,3014250000.0,4698280000.0,30.7945,299.5912541361189,372.69314982796374,,,
ARVSMART,INR,2026-Q1,2026-06-30,7799229000.0,5.309785177856781,104.41339534572423,4417961000.0,2773048000.0,1842673000.0,2868484000.0,40.2879,58.177856301531214,135.41142807595594,21.7,2026-08-07,2026-10-30
AUTOAXLES,INR,2026-Q1,2026-06-30,22051740000.0,6.301775846767837,-22.2005452364071,5298290000.0,2131600000.0,1742500000.0,2490940000.0,115.3059,10.844625512377814,-15.396866789482685,30.2,2026-08-05,2026-11-09
HUBTOWN,INR,2026-Q1,2026-06-30,6117200000.0,28.631508116746573,-2.7375,2915300000.0,1368200000.0,941300000.0,1403500000.0,6.6242,-25.466104078762296,9.251183653127342,,,
ORIENTCEM,INR,2026-Q1,2026-06-30,25306478000.0,-12.10102474042314,-6.678656296255095,5747295000.0,2699880000.0,2093157000.0000002,5067891000.0,10.1877,-19.522079153171664,38.92204470474848,3.8,2026-07-23,2026-10-22
FMGOETZE,INR,2026-Q1,2026-06-30,20010008000.0,8.796873436827156,7.71325064472553,7313306000.0,2129652999.9999998,1708684000.0,2996888000.0,30.714,0.6333406507714343,-11.541640717884848,,,
ORIENTHOT,INR,2026-Q1,2026-06-30,4976700000.0,6.938415918174395,-18.305730617030633,3055300000.0,951300000.0,666100000.0,1301800000.0,3.7296,41.155098024373636,-83.64467956136001,,,
BBL,INR,2026-Q1,2026-06-30,23560700000.0,18.286701174297004,-28.669386903753146,2993700000.0,1304900000.0,1118400000.0,1531600000.0,98.9461,-18.725496557915804,-50.050907124696565,,,
UTKARSHBNK,INR,2026-Q1,2026-06-30,37934677000.0,-12.042582464751753,5.2834339316575605,,-12331588000.0,-9454176000.0,,-6.0402,-121.44742630884294,81.96100700359644,,2026-08-01,2026-11-02
SPAL,INR,2026-Q1,2026-06-30,15762740000.0,1.4816579323487375,9.911539346903878,4572450000.0,1764420000.0,1051650000.0000001,2262440000.0,41.72,7.225651912430668,33.604336043360426,9.9,2026-08-11,2026-11-18
STALLION,INR,2026-Q1,2026-06-30,4416521000.0,,10.411175851839594,805699000.000001,657151000.0,520436000.00000006,672906000.0,5.3458,,20.248120300751868,,,
VINCOFE,INR,2026-Q1,2026-06-30,6124380000.0,67.12493096018285,-2.6061969922446857,1439663000.0,1027406999.9999999,787501000.0,1131929000.0,5.4273,36.11466405838538,-1.0538722873188573,,2026-07-29,
SUNDROP,INR,2026-Q1,2026-06-30,16054000000.0,47.23712569358463,10.74375889276937,3710400000.0,378000000.0,279500000.0,704600000.0,7.4144,,23.145809414466132,,2026-08-06,2026-10-15
FLAIR,INR,2026-Q1,2026-06-30,12808107000.0,14.228673048126723,-1.1459978324818083,3778128000.0,1736764000.0,1397082000.0,2283404000.0,13.2556,14.771074322920269,-20.251898063680777,2.7,2026-08-11,2026-11-06
PATELENG,INR,2026-Q1,2026-06-30,51500360000.0,-1.437452931928205,-9.90070173587295,8330690000.000001,5936270000.0,2799070000.0,6983020000.0,2.9113,-2.1345972838510114,124.66539196940725,0.94,2026-08-10,2026-11-12
GKENERGY,INR,2026-Q1,2026-06-30,18956860000.0,,5.96292078034579,4195250000.0,3299370000.0,2266320000.0,3344010000.0,11.1743,,0.6674653431456392,,,
EVEREADY,INR,2026-Q1,2026-06-30,14889600000.0,8.739565760357557,24.594322036488098,4298800000.0,1408600000.0,1782700000.0,1713100000.0,24.5256,113.98433001204043,-73.92053407989663,1.1,2024-04-26,2026-11-14
SAKAR,INR,2026-Q1,2026-06-30,2719723000.0,43.76893767193239,2.637945342278859,759087000.0,528967000.0,360981000.0,774313000.0,16.2292,81.13755078351711,-6.806451612903228,,,
ROSSARI,INR,2026-Q1,2026-06-30,25498490000.0,19.46667853595457,1.8015308193475472,5133280000.0,2116780000.0000002,1507120000.0,2986680000.0,27.18,11.530570373409924,-23.642943305186964,6.4,2026-07-18,2026-10-19
KMCSHIL,INR,2026-Q1,2026-06-30,3309925000.0,35.053502392051655,11.579016474759007,1913817000.0,775184000.0,557724000.0,999590000.0,3.4198,137.7833402864692,13.276111916174338,,,
ASIANENE,INR,2026-Q1,2026-06-30,9468658000.0,82.01453093186194,-19.822909007373323,1259984000.0,864900000.0,575626000.0,1050405000.0,12.5887,22.57740993184031,-65.25988700564972,5.42,2021-08-14,2026-11-12
SHUKRAPHAR,INR,2026-Q1,2026-06-30,748586000.0,115.10844702934449,271.94699641055644,479762000.0,428227000.0,339850000.0,465606000.0,0.775,235.35266118563393,,,,
VEEDOL,INR,2025-Q3,2025-12-31,20935600000.0,8.79422967994055,5.596685191367358,6021500000.0,1993900000.0,1938600000.0,2321800000.0,114.0698,27.514266710635887,6.37536530286928,,,
ZAGGLE,INR,2026-Q1,2026-06-30,19989460000.0,44.48304175737758,-31.50120728383794,7663470000.0,1428130000.0,1295110000.0,1853600000.0,9.6303,28.316744613662713,-56.818332339890055,1.3,2026-08-14,2026-11-18
SATIN,INR,2026-Q1,2026-06-30,32327672000.0,20.58849333578432,-17.10537226609995,19657316000.0,10235605000.0,4097577000.0,10555801000.0,37.2548,225.3467006672023,-24.28823569343561,,2026-05-11,
HINDOILEXP,INR,2026-Q1,2026-06-30,2986799000.0,-17.802682339239354,,481934000.0,-17097000.0,251073000.0,821328000.0,1.8986,-83.16694742441706,-19.731018045624797,,,
KITEX,INR,2026-Q1,2026-06-30,6286825000.0,-36.4362995534139,-4.658064003620485,1016511000.0,-371091000.0,-238474000.0,218768000.0,-1.1954,-118.03288580479712,-129.8165137614679,,,
VENKEYS,INR,2026-Q1,2026-06-30,39798700000.0,18.279892653033325,1.62748643761302,7038000000.0,2003300000.0,1734100000.0,2376700000.0,123.0964,202.79410136888583,-50.68560541313511,11.7,2023-02-10,2026-11-05
SIYSIL,INR,2026-Q1,2026-06-30,26286717000.0,14.077745469313225,-47.77150024030537,7746408000.0,2531680000.0,2372706000.0,3301207000.0,52.2967,24.71222566944644,-88.73958937478251,,2023-05-16,2026-11-14
RAJRATAN,INR,2026-Q1,2026-06-30,12283400000.0,27.736527942430484,1.2918005663559133,3955900000.0,1218000000.0,796300000.0,1507200000.0,15.6842,39.48206250111165,48.803922213813316,3.6,2026-07-24,2026-10-16
PIXTRANS,INR,2026-Q1,2026-06-30,6100271000.0,4.810484431437831,-12.603969278264069,2746819000.0,1534965000.0,1317748000.0,1768659000.0,96.714,16.317444128803814,160.86777806229026,,,
INDOCO,INR,2026-Q1,2026-06-30,18731400000.0,12.07615582985803,-1.7051786127289166,7569600000.0,340100000.0,56300000.0,1652900000.0,0.6112,,,7.1,2026-07-28,2026-11-05
JAYKAY,INR,2026-Q1,2026-06-30,2587688000.0,117.54472688876054,21.93767179173568,731648000.0,109425000.0,2167330000.0,276246000.0,15.4231,795.494397027231,-97.76167448781045,,,
THEJO,INR,2026-Q1,2026-06-30,6741401000.0,20.865363169757952,-1.9633158173628897,3122652000.0,724944000.0,560017000.0,890108000.0,51.6281,12.657957156542066,2.04239527845866,,,
MEDIASSIST,INR,2026-Q1,2026-06-30,9507280000.0,27.413883911639793,-2.259221607861612,957509999.9999989,957510000.0,932440000.0,1806110000.0,12.5532,-5.968539325842691,-48.20750502568684,,2026-08-08,2026-11-12
RANEHOLDIN,INR,2026-Q1,2026-06-30,61293700000.0,25.819450032433146,-1.3533086749759116,11175300000.0,2279300000.0,844600000.0,4420400000.0,59.1547,-64.96745163345898,-49.60888089686893,,,
POKARNA,INR,2026-Q1,2026-06-30,5900720000.0,-35.051806924437706,28.640429872673582,2911239000.0,1289531000.0,949147000.0,1775250000.0,30.6137,-48.063076818675356,66.31643930132061,,,
ANANTAM,INR,2026-Q1,2026-06-30,,,63.25781358078556,,,,,,,,,,
EASEMYTRIP,INR,2026-Q1,2026-06-30,5566110000.0,1.4763551638703185,-11.323959238486452,2747940000.0,-962150000.0,-518419999.99999994,-796910000.0,-0.1412,-165.7049790600279,19.786096256684502,,2025-02-14,2026-11-05
ORISSAMINE,INR,2025-Q4,2026-03-31,940985000.0,45.62724402624737,40.71349189787291,844547000.0,81492000.0,-29078000.0,91171000.0,-4.8482,92.76811179131016,-275.13328361095,,,
RATNAVEER,INR,2026-Q1,2026-06-30,11187480000.0,17.480746249535326,26.37973971722365,1476860000.0,905230000.0,675960000.0,1173670000.0,11.0243,17.78979197162182,1.6475587268499836,,2024-11-09,
SIRCA,INR,2026-Q1,2026-06-30,5082537000.0,24.099555320285617,-3.191785636629543,1670167000.0,893591000.0,670194000.0,1003171000.0,11.8537,22.45810863860823,-8.356617528984815,,2026-07-28,2026-11-06
BETA,INR,2026-Q1,2026-06-30,4101684544.7599998,22.5303114032907,33.613197829505594,1440629076.55,655678108.39,455859503.31,833401310.0,44.2125,8.853544741669017,65.57070361947864,8.0,2026-02-14,2026-10-28
OBSCP,INR,2026-Q1,2026-06-30,2550054000.0,,8.095580987269384,536554000.0,378684000.0,314568000.0,460378000.0,12.4644,,9.423880597014927,,2026-05-20,
JGCHEM,INR,2026-Q1,2026-06-30,10705670000.0,23.99102178190759,10.30195443950952,1654360000.0,906170000.0,751890000.0,957350000.0,19.1871,16.40326876292976,37.722695584817984,6.4,2026-08-08,2026-12-02
COSMOFIRST,INR,2026-Q1,2026-06-30,40042300000.0,33.23185136385112,14.192499118234903,8887600000.0,2827700000.0,1668500000.0,4275899999.9999995,63.56,15.144927536231883,45.13839602555003,,,
ALPEXSOLAR,INR,2026-Q1,2026-06-30,23463746000.0,404.63608234363244,-25.08060807643369,3929176000.0,3018428000.0,2000540000.0,3317149000.0,79.1533,297.4596782292566,-25.143523114775334,,2025-08-11,2026-12-02
JNKINDIA,INR,2026-Q1,2026-06-30,8994170000.0,84.51055571625217,-46.825729819170306,1348610000.0,946780000.0,753200000.0,1044990000.0,13.4609,200.6678579405852,-64.88218661639962,5.87,2026-05-20,2026-11-13
SOMANYCERA,INR,2026-Q1,2026-06-30,29349600000.0,9.324969641886002,-8.358906018852469,4804400000.0,1840200000.0,1063599999.9999999,2940600000.0,25.8766,82.69661176105113,-5.984766050054396,8.6,2026-08-12,2026-11-05
GNA,INR,2026-Q1,2026-06-30,16046483000.0,8.106110843088427,14.477621238166247,4565274000.0,1882643000.0,1322341000.0,2601110000.0,30.8017,29.231576076695553,24.174339401874885,8.9,2026-07-16,2026-10-16
SAIPARENT,INR,2026-Q1,2026-06-30,,,-9.728790267167858,,,,,,,-39.780396897350656,,,
RAJESHEXPO,INR,2026-Q1,2026-06-30,8875099590000.0,79.55407147165612,1.465611482048917,4272210000.0008206,676700000.0,1692250000.0,1234120000.0,5.7332,130.3785260789199,,10.48,2023-08-14,2026-11-17
SANSTAR,INR,2026-Q1,2026-06-30,8211299999.999999,2.2330207689420063,-4.89897592028785,2271100000.0,414300000.0,440000000.0,539700000.0,2.4092,60.7419268748332,-55.53974746576561,,,
SBC,INR,2026-Q1,2026-06-30,4518294000.0,47.28273217442383,-14.49438813234587,519067000.0,391979000.0,403846000.0,411189000.0,0.8481,145.89736155407365,16.927536231884062,,,
PARKHOTELS,INR,2026-Q1,2026-06-30,7159300000.0,10.036426233035673,-9.210669569951008,3842500000.0,1420600000.0,637600000.0,2194800000.0,2.9919,-35.44983818770226,-3.839285714285727,0.52,2026-08-14,2026-11-17
TIL,INR,2026-Q1,2026-06-30,3774700000.0,21.29108961794287,7.616685042263874,802500000.0,100800000.0,-307000000.0,181900000.0,-4.3135,-1171.6686320754718,47.360993508326274,,,
EXICOM,INR,2026-Q1,2026-06-30,12774778000.0,55.6305491935091,-14.661650549878269,503592000.0,-2169636000.0,-2602466000.0,-866381000.0,-19.1144,-13.551790509231745,-27.515300504468502,,,
GSPCROP,INR,2026-Q1,2026-06-30,,,-4.09228131638776,,,,,,,28.876774559909148,,,
PANACEABIO,INR,2026-Q1,2026-06-30,6726400000.0,10.256200108184307,19.68215892053973,1558800000.0,-303800000.0,-71200000.0,21900000.0,-1.1624,-162.01781998612816,342.2850412249705,,,
PENIND,INR,2026-Q1,2026-06-30,36448400000.0,9.166167485324069,-5.880190311418685,10507100000.0,2727600000.0,1422800000.0,3617900000.0,10.5435,13.99734022424287,-13.718269104300928,3.5,2026-08-12,2026-11-11
APOLLOPIPE,INR,2026-Q1,2026-06-30,11253489000.0,-1.9851905039247335,-14.865264405204998,1557171000.0,-107705000.0,-92193000.0,488591000.0,-2.098,-132.14438928724644,-962.555260831123,-1.9,2026-07-30,2026-10-29
INDORAMA,INR,2026-Q1,2026-06-30,45409900000.0,-1.717406078340555,-22.05449128705291,9189800000.0,3085200000.0,1612000000.0,3563600000.0,6.1736,119.82623557897737,-0.6066775244299639,,,
AJMERA,INR,2026-Q1,2026-06-30,11488900000.0,43.12106036823879,-26.479252197712988,3066500000.0,3066500000.0,1545700000.0,3115100000.0,7.8543,12.305360538770618,-22.553357165610734,,2026-08-04,
MVELECTRO,INR,2026-Q1,2026-06-30,,,,,,,,,,,,,
EPACKPEB,INR,2026-Q1,2026-06-30,15958182000.0,,-22.293717837858733,3444119000.0,1390164000.0,947854000.0,1632613000.0,9.4327,,-40.115392267391734,,2026-08-01,
WINDLAS,INR,2026-Q1,2026-06-30,9420980000.0,18.530475645275946,4.025174109744695,1670680000.0,743960000.0,664450000.0,1048970000.0,31.26,1.3618677042801612,11.08144192256342,,,
SIKA,INR,2026-Q1,2026-06-30,1860771000.0,0.44875511347625696,3.699590359288537,487071000.0,398823000.0,346566000.0,410024000.0,16.3468,9.662963559276566,7.36035108630872,,2026-02-11,2026-11-17
BOMDYEING,INR,2026-Q1,2026-06-30,14932900000.0,-2.5458461136853097,3.779304769603881,3618300000.0,-766500000.0,201900000.0,-423300000.0,0.9776,-95.8661750279084,-66.34926867576323,,,
KABRAEXTRU,INR,2026-Q1,2026-06-30,4895739000.0,3.138866739207604,3.616546672770402,672244000.0,-125732000.0,5067999.99999999,195954000.0,0.1449,-97.75564573588179,-125.21809697707444,,,
KNACK,INR,2026-Q1,2026-06-30,,,,,,,,,,,,,
MOLDTKPAC,INR,2026-Q1,2026-06-30,9465031000.0,14.705889125275009,26.316975509510815,2844389000.0,1195310000.0,760486000.0,1812614000.0,22.8863,14.496763154998332,23.887565200592448,7.7,2026-07-27,2026-11-11
FISCHER,INR,2026-Q1,2026-06-30,3670509000.0,195.95461153482387,-16.17756603881699,1059795000.0000001,465044000.0,298241000.0,500743000.0,0.4458,1475.2650176678446,,,,
RACLGEAR,INR,2026-Q1,2026-06-30,5216400000.0,28.211178292287276,0.524077168464226,2848500000.0,822600000.0,495900000.0,1169100000.0,41.7166,65.75517729143819,-27.935323145647008,,,
ADVAIT,INR,2026-Q1,2026-06-30,7753648000.0,69.39278210673103,-21.43952062430323,1281597000.0,913840000.0,586918000.0,950302000.0,53.6092,70.55178030592248,-21.38871667699938,,,
BODALCHEM,INR,2026-Q1,2026-06-30,22670800000.0,27.566359456598867,20.581512810832322,7692470000.0,1198690000.0,686740000.0,1893940000.0,5.4527,135.05043538236058,-5.244343180389682,,2025-11-12,2026-11-18
REPCOHOME,INR,2026-Q1,2026-06-30,18211000000.0,4.348473822634526,3.023097078186582,7909500000.0,5836600000.0,4819000000.0,6224100000.0,77.0284,3.8532891827467615,-10.031192728484424,18.3,2026-08-11,2026-11-12
ELCIDIN,INR,2026-Q1,2026-06-30,450962000.0,-64.69558532371241,,,1092750000.0,954637000.0,1106381000.0,4773.185,8.886957454064753,,,,
RAMKY,INR,2026-Q1,2026-06-30,19384650000.0,4.51906880643916,-6.996003355207973,3243120000.0,1306410000.0,2359700000.0,1829940000.0,34.1008,15.49374959781346,-8.480092808919968,,,
ARKADE,INR,2026-Q1,2026-06-30,8116101000.0,10.525909396573631,-25.31243689221869,2447533000.0,1789141000.0,-42973000.0,1903853000.0,-0.2298,-102.59426507112217,,,,
GEOJITFSL,INR,2026-Q1,2026-06-30,6916303000.0,-4.1315469352270355,-10.868045756305735,5581093000.0,1081260000.0,725289000.0,1495458000.0,2.5985,-52.901834263756975,12.317922735908798,,2021-07-28,
NELCO,INR,2026-Q1,2026-06-30,3118400000.0,2.0485633876562606,1.073503409952008,604000000.0,89900000.0,38600000.0,291400000.0,1.6917,-42.946274999156856,114.6744818924011,,,
BRIGHOTEL,INR,2026-Q1,2026-06-30,5279100000.0,,-6.855341300681868,3228500000.0,1200300000.0,682000000.0,1746500000.0,1.8176,,-30.68669527896996,0.5,2026-08-05,2026-12-02
GOCLCORP,INR,2026-Q1,2026-06-30,106564000.0,-97.39666699891141,83.68125509023105,-27822000.0,-333430000.0,3398482000.0,-306331000.0,68.5558,-74.70442098318604,-46.24051718451086,,,
PRAKASH,INR,2026-Q1,2026-06-30,34735800000.0,-10.58006420273029,12.189765945187906,9591400000.0,3536000000.0,3130100000.0,5226500000.0,17.4786,-12.164749513801993,-23.628862022644416,,,
JISLDVREQS,INR,2026-Q1,2026-06-30,63622500000.0,8.809792154441581,-17.302916166384318,17095000000.0,5207000000.0,-534700000.00000006,8082600000.0,-0.7374,-253.3056133056133,-24.327628361858192,,,
JISLJALEQS,INR,2026-Q1,2026-06-30,63622500000.0,8.809792154441581,-17.302916166384318,17095000000.0,5207000000.0,-534700000.00000006,8082600000.0,-0.7374,-253.3056133056133,-24.327628361858192,,,
RELINFRA,INR,2026-Q1,2026-06-30,208769800000.0,-6.41008801324435,58.55601207613563,28543400000.0,-7822800000.0,32121600000.0,6504400000.0,73.6717,-30.08583670622399,-74.87962226065616,,,
RAMCOSYS,INR,2026-Q1,2026-06-30,7124050000.0,15.710647448828771,-6.793696692435923,2940610000.0,574960000.0,414980000.0,1498420000.0,11.0699,,-97.61377245508982,,2026-07-23,2026-11-10
DYCL,INR,2026-Q1,2026-06-30,12848831000.0,19.096270890899834,-1.7882306604868374,1887654000.0,1286322000.0,911825000.0,1406082000.0,18.8166,27.65585036736522,3.2316914255929112,,,
VERANDA,INR,2026-Q1,2026-06-30,5254784000.0,6.99024180381357,12.94925393426464,3255384000.0,1284751000.0,1440416000.0,1871002000.0,15.43,,229.67032967032966,,,
OMAXE,INR,2026-Q1,2026-06-30,14806400000.0,-4.460661904669725,16.643193112061862,-2726000000.0,-4507400000.0,-5102100000.0,-4155600000.0000005,-27.8955,29.560197869294154,,,,
KICL,INR,2026-Q1,2026-06-30,782190000.0,-1.2311538752935829,-72.7180992569489,,645030000.0,406300000.0,645030000.0,93.0748,-36.71144982939424,-96.45724570015128,,,
ANONDITA,INR,2025-H2,2026-03-31,1374157000.0,,,679448000.0,495852000.0,342965000.0,506660000.0,18.9575,,,,,
MARSONS,INR,2026-Q1,2026-06-30,2476589000.0,33.49790205869924,-46.83153847980331,489610000.0,409237000.0,442234000.0,417447000.0,2.5696,43.52100089365504,-73.78433909139335,,,
GMBREW,INR,2026-Q1,2026-06-30,7845700000.0,21.25712872664328,-1.3591657193693472,2355100000.0,1907700000.0,1687100000.0,1962600000.0,73.8436,29.816869393086492,-30.20172228748173,,,
NITCO,INR,2026-Q1,2026-06-30,5077943000.0,28.754550705470276,-23.836468449589653,702885999.9999989,-257390000.0,-288978000.0,-328414000.0,-1.224,98.71078234656572,-32.928727046374114,,,
VENUSREM,INR,2026-Q1,2026-06-30,8112700000.0,20.872195238237133,-31.04857363145721,2958800000.0,1398300000.0,1161700000.0,1660900000.0,86.9081,116.29099253131447,-51.631961449906825,,,
TAJGVK,INR,2026-Q1,2026-06-30,5670600000.0,22.406424038337004,4.08781226343679,3504100000.0,1558700000.0,4159500000.0,1731700000.0,66.3381,194.3519545636065,-90.0985575226098,,,
KCP,INR,2026-Q1,2026-06-30,26789900000.0,6.545048162200429,13.980255941499086,8347900000.0,2075500000.0,1704600000.0,2957200000.0,13.2212,-4.483520929358896,-56.721053189716564,,,
MAHASTEEL,INR,2026-Q1,2026-06-30,9434289000.0,18.25610800911775,1.7138600521816132,1545249000.0,155629000.0,99903000.0,245422000.0,6.0789,18.041477338925784,-47.70653315028668,,,
AEROPLANE,INR,2026-Q1,2026-06-30,,,-18.415673403581508,,,,,,,26.590225173809284,,,
FREDUN,INR,2026-Q1,2026-06-30,7475178000.0,104.3307800111033,7.130925286463455,1454851000.0,998917000.0,438220000.0,1102902000.0,27.5255,123.45391372116059,21.790459881777625,,,
SHRINGARMS,INR,2026-Q1,2026-06-30,24617010000.0,,-24.404181069414353,1993970000.0,1623290000.0,1209870000.0,1664700000.0,12.5464,,-0.014179167966428464,3.5,2026-08-12,2026-12-02
EMSLIMITED,INR,2026-Q1,2026-06-30,6505619000.0,-33.85100209501041,30.487487095392847,1428218000.0,1014573000.0,681282000.0,1112564000.0,12.2685,-63.1019227241148,177.06987377000297,8.5,2024-05-29,2026-11-14
SPANDANA,INR,2026-Q1,2026-06-30,10654300000.0,-46.5799923788131,9.398564058159252,5642100000.0,-1297600000.0,-3269500000.0,-1152400000.0,-42.5556,78.01035108533445,149.89066442388562,1.5,2026-07-23,2026-11-02
CANTABIL,INR,2026-Q1,2026-06-30,8726998000.0,16.07858337009976,-29.448352102718196,3458501000.0,1687631000.0,974084000.0,2747581000.0,11.6464,24.68177584601056,-44.14945356754592,2.0,2026-08-05,2026-11-11
ESAFSFB,INR,2026-Q1,2026-06-30,46708800000.0,10.817235832538541,12.5003134272222,,-121800000.0,-51000000.0,,-0.1063,99.17698978011768,244.91111111111113,,,
PARACABLES,INR,2026-Q1,2026-06-30,19916300000.0,16.76560168614586,-7.659032635049101,4317000000.0,697200000.0,609500000.0,859100000.0,1.9972,-24.115657889737445,-3.986315632901985,,,
PROTEAN,INR,2026-Q1,2026-06-30,10378700000.0,21.38830409356725,-18.39760681537361,1855300000.0,582900000.0,826000000.0,1115300000.0,20.26,-13.27426051966953,-80.83109919571045,,2026-08-04,2026-11-26
ARMANFIN,INR,2026-Q1,2026-06-30,6966795000.0,0.008541241997071574,14.940706239883724,4774764000.0,2469269000.0,1163609000.0,2486522000.0,110.05,1824.3884099533109,9.969088098918078,,,
SIMPLEXINF,INR,2026-Q1,2026-06-30,10691500000.0,4.5756428690200215,2.704135737009544,2295500000.0,386200000.0,458100000.0,685600000.0,5.8515,34.38131545103803,-46.045081967213115,,,
QUADFUTURE,INR,2026-Q1,2026-06-30,1648230000.0,,-28.23523171313896,-127580000.0,-504960000.0,-385750000.0,-326090000.0,-9.6438,,-900.4908835904628,,,
BCG,INR,2025-Q4,2026-03-31,69280584000.0,34.61238895300151,-28.46410562927288,19833385000.0,14321612000.0,9623267000.0,17522406000.0,4.7675,35.532749602001374,-33.08637161240007,,,
BFUTILITIE,INR,2026-Q1,2026-06-30,8863768000.0,1.7857645253775756,-97.49731452336408,7236062000.0,6005307000.0,1582235000.0,6698003000.0,42.0052,6.813067215244928,-112.0792437468904,,,
LANDMARK,INR,2026-Q1,2026-06-30,51368670000.0,20.71864823573952,1.8648182736860548,3840170000.0,1260770000.0,449470000.0,2757770000.0,10.8402,128.31086773378263,-3.2435115977604303,3.505,2026-08-11,2026-11-17
GAJA,INR,2026-Q1,2026-06-30,,,25.72763484108233,,,,,,,35.68014837006919,,,
BAJEL,INR,2026-Q1,2026-06-30,27508244000.0,2.1149538836729147,-43.74873358623571,3175191000.0,796650000.0,220543000.0,996964000.0,1.9049,72.65476298377595,-66.5193912616593,0.4,2026-08-07,2026-12-02
BNAGROCHEM,INR,2026-Q1,2026-06-30,9275724000.0,84.51070486340213,-1.4344768794819032,525479000.00000197,-55461000.0,170730000.0,-47548000.0,1.7408,-86.64590317359252,2.7646662171274583,,,
MUKANDLTD,INR,2026-Q1,2026-06-30,51233300000.0,7.616931088009982,7.337541072737158,8107200000.0,650000000.0,6324800000.0,1309600000.0,43.7716,684.8170261596113,-89.6644197447934,,,
SILVERTUC,INR,2026-Q1,2026-06-30,3604216000.0,20.900270633997373,-22.396961127860006,1408088000.0,625237000.0,416858000.0,715316000.0,3.2873,81.93037799546185,-24.388371869903096,,,
AWFIS,INR,2026-Q1,2026-06-30,15837040000.0,23.293805508152616,3.6036123897948156,7826440000.0,1769850000.0,848400000.0,5855120000.0,11.78,11.658767772511833,2.7692307692307647,3.4,2026-08-13,2026-11-17
HONDAPOWER,INR,2026-Q1,2026-06-30,8997900000.0,11.779320968483297,-28.45801988432314,2087300000.0000002,633100000.0,658600000.0,877100000.0,64.931,-10.113308369037826,-58.76685644095959,,,
BHARATRAS,INR,2026-Q1,2026-06-30,12026000000.0,-5.172685696262419,9.785078890981106,3007200000.0,1496900000.0,1432900000.0,1767200000.0,86.2098,4.2411154224247785,-2.411470495974346,,,
INA,INR,2026-Q1,2026-06-30,,,-6.705023455421097,,,,,,,-47.161503381034755,,,
SAGCEM,INR,2026-Q1,2026-06-30,26854300000.0,13.419352113865775,-10.278794347870287,8705799999.99999,-12000000.0,-354000000.0,2429600000.0,-2.7085,80.35183170112441,-126.38167711131005,-1.8,2026-07-27,2026-10-28
MOTISONS,INR,2026-Q1,2026-06-30,5098237000.0,10.72388510270477,-21.926605304373307,1002006000.0,887365000.0,667255000.0,905732000.0,0.6329,46.81048480630945,32.68998793727383,,,
STLNETWORK,INR,2026-Q1,2026-06-30,9451600000.0,,-13.26078392751625,916500000.0000011,229100000.0,-985700000.0,578500000.0,-2.0198,,53.34096586178184,,,
GLASSWALL,INR,,,,,,,,,,,,,,,
MACPOWER,INR,2026-Q1,2026-06-30,3673864000.0,34.94474737327341,-5.038857081321679,946693999.999999,536241000.0,388972000.0,614044000.0,38.881,50.03511534038727,-5.554459936497936,,,
CAMLINFINE,INR,2026-Q1,2026-06-30,18617138000.0,8.398198356926763,22.37883558625573,5035695000.0,159792000.0,58820000.0000001,915048000.0,0.2143,,-136.3546255506608,-0.6,2026-08-11,2026-11-16
MSPL,INR,2026-Q1,2026-06-30,29586194000.0,4.026194486148567,1.2492672896669739,4890269000.0000105,1294726000.0,379115000.0,1853184000.0,0.6511,,-75.38420597431976,,,
GREENPANEL,INR,2026-Q1,2026-06-30,15609861000.0,11.577836884616124,-12.312491696517426,5324754000.0,251641000.0,67250000.0,1257750000.0,0.5484,-69.10944629076776,-10.53571428571429,0.1,2026-08-08,2026-11-04
TCIEXP,INR,2026-Q1,2026-06-30,12640600000.0,5.159562077801072,-4.474518410143867,1790800000.0,1011500000.0,824600000.0,1289300000.0,21.2924,-1.1632548855776754,24.38884095484615,5.3,2026-08-06,2026-11-14
TEAMLEASE,INR,2026-Q1,2026-06-30,120045800000.0,4.684227140891325,3.754696789942801,2413800000.0,1016100000.0,1480200000.0,1577300000.0,88.3005,29.260976873687987,-20.581531636435834,20.8,2026-07-29,2026-11-11
SAKSOFT,INR,2026-Q1,2026-06-30,10067353000.0,8.125809478628906,-0.09098032912053688,2173390000.0,1731971000.0,1302139000.0,1866488000.0,9.96,10.493560089193616,-18.840579710144915,1.832,2023-08-13,2026-11-05
SHANTIGOLD,INR,2026-Q1,2026-06-30,24423120000.0,,8.718528523515397,2675850000.0,2523950000.0,1863590000.0,2592410000.0,26.4935,,-10.940721321489477,7.0,2026-08-13,2026-12-02
TIRUMALCHM,INR,2026-Q1,2026-06-30,18321400000.0,-5.797727389583012,28.855627578078963,2512900000.0,-697100000.0,-1516200000.0,200000000.0,-12.9351,-19.153816393080195,-55.96745027124774,,,
HESTERBIO,INR,2026-Q1,2026-06-30,3257380000.0,4.089601840608424,-22.840875037458797,1651500000.0,648770000.0,1361770000.0,866200000.0,160.0789,262.2301018722592,506.81314937830024,8.74,2024-05-09,2026-10-29
GENESYS,INR,2026-Q1,2026-06-30,3383034000.0,3.728898372150282,-21.93070665471734,836700000.0,400047000.0,307868000.0,1079742000.0,5.03,-48.876918386014836,-56.88877879613574,,2026-05-29,
SHK,INR,2026-Q1,2026-06-30,24500500000.0,9.684741149293554,1.9201772471305043,5157700000.0,1293300000.0,890900000.0,2574500000.0,6.4362,-51.9442702266822,2354.940119760479,1.8,2026-07-28,2026-11-14
BLUSPRING,INR,2026-Q1,2026-06-30,35340930000.0,,9.770027220229464,4097300000.0,384980000.0,-110570000.0,870100000.0,-0.749,,-112.03703703703702,,,
NIBE,INR,2026-Q1,2026-06-30,4549626000.0,-5.168017525557236,-75.7174455885073,306178000.0,-8660000.00000004,-72983000.0,277328000.0,-7.3075,-150.85105494627845,-141.4689265536723,,,
INDIANHUME,INR,2026-Q1,2026-06-30,13009435000.0,-9.311828126390923,-13.803684910937312,1688670000.0,1219221000.0,1427603000.0,1417454000.0,27.0986,-73.98757482558295,2.5512309173428886,4.5,2026-08-12,2026-11-18
HUHTAMAKI,INR,2026-Q1,2026-03-31,24725800000.0,-1.9202773513579983,-1.5132043950395169,5234000000.0,1290600000.0,1176100000.0,1920500000.0,15.573,33.51108520087106,-15.513072954313209,,,2026-10-15
ALGOQUANT,INR,2026-Q1,2026-06-30,1896685000.0,5.2600471501256445,-88.77009291619169,1771017000.0,570474000.0,454384000.0,612077000.0,1.6165,290.45893719806764,-1.8908969210173991,,,
NUCLEUS,INR,2026-Q1,2026-06-30,8687400000.0,1.656954293337089,-6.379854962850903,813200000.0,813200000.0,1054099999.9999999,995500000.0,40.0413,-37.0505921359814,-30.91159842123711,,2026-07-30,2026-11-09
BLUECLOUDS,INR,2026-Q1,2026-06-30,10883695000.0,41.04170851340931,5.402651311783167,1402570000.0,1075103000.0,640574000.0,1638034000.0,1.1776,6.628033321260407,49.0,,,
BLEL,INR,2026-Q1,2026-06-30,,,,,,,,,,,,,
KODYTECH,INR,2025-H2,2026-03-31,802818000.0,11.85702462527065,,370911000.0,211076000.0,167624000.0,238051000.0,11.67,-6.340288924558594,,,,
VIDYAWIRES,INR,2026-Q1,2026-06-30,19775910000.0,,-8.195149812702809,1035270000.0,852560000.0,626720000.0,892550000.0,3.0706,,-12.634204533130902,,2026-05-12,2026-12-02
DANISH,INR,2025-H2,2026-03-31,5214466000.0,22.20169304759347,,1079750000.0,855437000.0,695073000.0,924367000.0,55.8556,90.98086279819604,,,,
TINNARUBR,INR,2026-Q1,2026-06-30,5717153000.0,14.431950739334315,-0.49066175304059284,2075349000.0000002,928801000.0,616728000.0,1066366000.0,34.2269,34.39125808364189,24.356962246054582,,,
HGS,INR,2026-Q1,2026-06-30,43014900000.0,-1.5337107329992743,-3.1631740529377597,11923900000.0,-4643000000.0,-434200000.0,357100000.0,-9.3357,-62.65985991567062,-601.9360269360269,,,
DCXINDIA,INR,2026-Q1,2026-06-30,6243060000.0,-46.537792270961646,-50.24629591211506,-5610000.00000024,-352980000.0,-204260000.0,-198130000.0,-1.8338,-151.0807799442897,-2768.265682656827,-0.8,2026-08-12,2026-11-17
INDIAGLYCO,INR,2026-Q1,2026-06-30,43013400000.0,12.011728922314118,15.777129103292879,8925100000.0,5057600000.0,3163400000.0,6691700000.0,48.7051,23.711515650281054,11.452707915445153,2.974068,2026-08-12,2026-11-06
HPL,INR,2026-Q1,2026-06-30,19433107000.0,14.963826496623142,-0.8582783404066013,3739262000.0,2168585000.0,912539000.0,2866202000.0,14.1918,-4.119824883796346,-39.501208434036165,3.35,2024-11-11,2026-11-12
VINYAS,INR,2025-H2,2026-03-31,5143238000.0,29.671617978819853,,657178000.0,540616000.0,308683000.0,610977000.0,24.36,57.834377571449856,,,,
SCILAL,INR,2026-Q1,2026-06-30,254500000.0,23.96492937165124,35.28399311531842,-1400000.00000001,-441000000.0,285000000.0,-412500000.0,0.6118,,,,,
HATHWAY,INR,2026-Q1,2026-06-30,21841800000.0,5.641486984532343,3.526609874507649,2655200000.0,101700000.0,757900000.0,3096900000.0,0.4282,-27.936721642544587,116.24999999999999,,,
GRANDOAK,INR,2026-Q1,2026-06-30,2730000.0,241.6770963704631,139.81191222570533,,783000.0,-915000.000000006,783000.0,-0.0018,99.98572833084901,-32400.0,,,
KAPSTON,INR,2026-Q1,2026-06-30,8611576000.0,18.515407211023962,2.528364951193643,590205000.000001,450933000.0,304958570.0,491695000.0,10.0208,47.7122641509434,12.913277487758496,,,
PAUSHAKLTD,INR,2026-Q1,2026-06-30,2462700000.0,14.64550067501513,51.523394994559304,1198507000.0,428700000.0,423900000.0,686100000.0,17.1919,-17.029111407115696,20.70324818669189,,,
EIHAHOTELS,INR,2026-Q1,2026-06-30,3809639000.0,-7.645540541752656,-48.12513513194775,2648962000.0,997601000.0,878930000.0,1170231000.0,14.4238,-6.936020853227342,-81.67937695309337,,,
KRSNAA,INR,2026-Q1,2026-06-30,8153280000.0,10.193457006700852,22.288218313222984,3088320000.0,1216710000.0,974600000.0,2184550000.0,29.65,21.866009042334568,-60.31496062992125,5.15,2026-08-13,2026-11-05
TECHNOCRAF,INR,2026-Q1,2026-06-30,,,,,,,,,,,,,
LAOPALA,INR,2026-Q1,2026-06-30,3151572000.0,-2.8119890537622605,4.332950748963733,1330709000.0,963076000.0,931476000.0,1175264000.0,8.3917,-5.22029839957532,62.07085965394123,2.36,2026-08-12,2026-11-12
WENDT,INR,2026-Q1,2026-06-30,2554300000.0,7.853734746442596,6.738544474393531,849000000.0,209100000.0,169500000.0,357600000.0,84.75,-52.360876897133224,21.41453831041257,,,
INSECTICID,INR,2026-Q1,2026-06-30,20603998000.0,1.2554915530974138,43.46259884821364,4591427000.0,1721778000.0,1251800000.0,2100734000.0,43.0204,-16.432140109868758,274.6788261312526,,2026-08-11,2026-11-16
SYNCOMF,INR,2026-Q1,2026-06-30,4977962000.0,0.43797181541304875,-7.300250052063409,1417993000.0,810978000.0,855304000.0,878304000.0,0.9099,48.603625673689386,-1.3069454817027644,,,
RHETAN,INR,2026-Q1,2026-06-30,234677000.0,2.6857560416384074,-52.16305960483244,74078000.0,47889000.0,126980000.0,53600000.0,0.1594,159.18699186991867,42.44604316546764,,,
DISAQ,INR,2026-Q1,2026-06-30,4102899999.9999995,3.5092587920682052,-4.019381125426715,1177600000.0,594800000.0,511600000.0,645700000.0,351.8073,5.98715587651638,-19.726878633444304,,,
JINDRILL,INR,2026-Q1,2026-06-30,10178700000.0,11.723706451825347,4.762810514703085,2503500000.0,2153901000.0,1916500000.0,3675401000.0,66.1293,-19.52214168536755,3.8784047003224997,,,
OAL,INR,2026-Q1,2026-06-30,10650798000.0,13.546258371410236,-7.990275325852723,1028696999.9999999,386483000.0,53205000.0,697405000.0,1.5809,-77.69453262786597,-36.92164809186085,,,
EPACK,INR,2026-Q1,2026-06-30,21180863000.0,2.840476109669315,49.9075030945096,1760850000.0,552236000.0,-78147000.0,1130955000.0,-0.8088,-114.20966636799663,49156.00000000001,1.2,2026-08-11,2026-11-14
SURAKSHA,INR,2026-Q1,2026-06-30,3254732000.0,23.309824870476138,7.657272007026035,1896130000.0,591328000.0,357977000.0,1023809000.0,6.8735,7.556410978624853,107.12331039057965,2.5,2026-08-12,2026-11-14
RICOAUTO,INR,2026-Q1,2026-06-30,26893500000.0,21.350154995735927,11.452567565572924,6522300000.0,999400000.0,305900000.0,2041300000.0,2.2612,-4.522231136258075,-159.936766034327,,,
INDOKEM,INR,2026-Q1,2026-06-30,1744500000.0,-4.510372762603318,2.4835164835164836,335600000.0,28500000.0,22400000.0,52300000.0,0.8032,-57.33333333333333,205.73705179282865,,,
GRMOVER,INR,2026-Q1,2026-06-30,18689309000.0,43.22435618309915,-28.581145322164346,2694766000.0,982268000.0,759577000.0,1018697000.0,3.7382,15.355181139295185,-4.219004698437044,,2024-05-29,
VIDHIING,INR,2026-Q1,2026-06-30,4384047000.0,13.214910016545625,19.238745017484653,1483326000.0,743244000.0,532419000.0,834813000.0,10.6601,11.72937847185829,30.165603160133696,,,
SMCGLOBAL,INR,2026-Q1,2026-06-30,19734188000.0,12.017468519014777,-1.0818391457326924,6948213000.0,1594689000.0,1088522000.0,1862937000.0,5.2015,-11.02767609729396,72.93069306930691,,,
AURUM,INR,2026-Q1,2026-06-30,4330100000.0,61.963717972694965,-9.697214372224465,4799999.99999995,4800000.0,569200000.0,1099000000.0,7.2962,,168.11627585571475,,2026-07-20,2026-10-26
ALLCARGO,INR,2026-Q1,2026-06-30,21130000000.0,-86.93741395415545,6.22568093385214,1950000000.0,370000000.0,300000000.0,2540000000.0,0.1862,,-30.164670658682635,,2025-11-14,2026-11-06
PFS,INR,2026-Q1,2026-06-30,4793200000.0,-22.400563782601775,-13.265049114264135,2724100000.0,2268800000.0,2229700000.0,2341800000.0,3.4715,-27.906880152846135,-11.561264822134397,,,
BGRENERGY,INR,2026-Q1,2026-06-30,2268700000.0,-38.22800664361369,-68.49561053471668,-3303500000.0,-5891800000.0,-12471600000.0,-5801200000.0,-172.8289,-10.95140973962235,70.8127739746945,,,
MENONBE,INR,2026-Q1,2026-06-30,3183862000.0,27.966929725667043,5.289190596688607,709118000.0,555329000.0,439286000.0,659787000.0,7.8388,61.46161609919876,2.391702257474077,,,
ACCELYA,INR,2026-Q4,2026-06-30,5323053000.0,0.6654862276121754,-6.5646331254001185,1295195000.0,1295195000.0,953805000.0,1737088000.0,63.899,-26.072771446751897,42.45213189391504,,2026-07-29,
GOODYEAR,INR,2026-Q1,2026-06-30,25940000000.0,0.82047813936857,25.64905562406698,4736600000.0,731800000.0,539000000.0,1224800000.0,23.3672,21.945517169397775,-32.81677735723297,,,
NGLFINE,INR,2026-Q1,2026-06-30,5361638000.0,40.45279568920691,-6.747846317967632,1978358000.0,635982000.0,571990000.0,841693000.0,92.5846,174.02676200990325,36.42106806301912,,,
DEEPA,INR,,,,,,,,,,,,,,,
ASIANHOTNR,INR,2026-Q1,2026-06-30,3484253000.0,6.76505457216337,-24.560609078850835,2063498999.9999998,264588000.00000003,-922466000.0,439677000.0,-53.8182,-152.61854968571538,-109.55517241379312,,,
SKYWAYS,INR,,,,,,,,,,,,,,,
SERVOTECH,INR,2026-Q1,2026-06-30,7506830000.0,7.395645964317285,-0.7078737146667071,1285762000.0,555236000.0,374650000.0,772473000.0,1.6262,13.22935524300238,-23.169811320754718,,,
SHREEPUSHK,INR,2026-Q1,2026-06-30,10021865000.0,15.647240930304692,28.368543046205847,2572789000.0,784077000.0,720674000.0,1023646000.0,22.0077,6.583076654849776,79.53367875647668,,,
IGPL,INR,2026-Q1,2026-06-30,20727323000.0,-0.8799060681143895,17.839113837082838,3579480000.0,1370304000.0,816473000.0,2074971000.0,26.5133,34.56751900764367,136.72701338599953,,2026-08-05,2026-11-17
BFINVEST,INR,2026-Q1,2026-06-30,782360000.0,18.631063397473806,-69.91544637379637,,659650000.0,3895650000.0,662580000.0,103.4217,398.6870021409146,27.800548024703982,,,
GARUDA,INR,2026-Q1,2026-06-30,5809404000.0,84.01368366037914,17.667616693637772,1969136000.0,1832353000.0,1360385000.0,1836276000.0,14.6212,96.73834064425846,20.54750141734835,,,
JAICORPLTD,INR,2026-Q1,2026-06-30,5406700000.0,2.393803382383577,30.64168462941469,1222600000.0,578800000.0,932000000.0,699600000.0,5.3104,-40.527706849437806,36.02437166793602,,,
VHLTD,INR,2026-Q1,2026-06-30,1627288000.0,24.445409717718746,-7.163414422349307,992343000.0,291732000.0,227878000.0,457965000.0,3.1799,-68.80493643070162,-75.85712579142277,,,
TARSONS,INR,2026-Q1,2026-06-30,4413910000.0,10.62957885212579,-8.835909267574653,1106250000.0,155940000.0,110950000.0,1192070000.0,2.0895,-59.6255289548432,-134.35443037974682,,2026-02-06,2026-11-06
QLINE,INR,2025-H2,2026-03-31,,,,,,,,,,,,,
VIVIDEL,INR,2025-H2,2026-03-31,,,,,,,,,,,,,
YATRA,INR,2026-Q1,2026-06-30,9845910000.0,9.344449269197924,-0.5909677692421645,2733960000.0,265399999.99999997,311530000.0,697040000.0,1.9853,-35.80274858528698,-95.86761048402526,0.0,2026-08-12,2026-11-14
DIFFNKG,INR,2026-Q1,2026-06-30,4360720000.0,26.47906768993381,-22.225832426858037,832529999.9999989,536140000.0,547380000.0,607140000.0,14.6601,34.254917762555394,3.0588071348940793,,,
RGL,INR,2026-Q1,2026-06-30,30631591000.0,41.389596915642066,0.9102193282450248,6029288000.0,2085567000.0,1091064000.0,2421135000.0,10.1656,54.4712729261955,-21.443518118709935,,2022-08-08,2026-11-12
CNL,INR,2026-Q1,2026-06-30,27828787000.0,49.10153169255563,-35.66670211683448,2087812000.0,977828000.0,666489000.0,995649000.0,44.3832,38.95804633688165,-30.490275526742288,,,
TAALTECH,INR,2026-Q1,2026-06-30,2164726000.0,18.33229289774249,13.617350999414482,621699000.0,621699000.0,624399000.0,661141000.0,200.3628,20.69132102021172,13.264038474810844,,,
GOCOLORS,INR,2026-Q1,2026-06-30,8380227999.999999,-1.5132350035944453,13.624459893146291,2136503000.0000002,923270000.0,534062000.0,2293442000.0,9.979,-38.12815822922156,111.83783783783785,3.1,2026-07-30,2026-11-14
STUDDS,INR,2026-Q1,2026-06-30,6546890000.0,,1.2737104725979158,2918490000.0,900260000.0,747410000.0,1114470000.0,18.992,,-41.7185809676577,3.1,2026-08-08,2026-12-02
NITTAGELA,INR,2026-Q1,2026-06-30,5903845000.0,9.961990967756115,-12.90111163391451,2648587000.0,1278128000.0,1032527000.0,1434388000.0,113.7249,23.727393687911864,-26.112577823836414,,,
AYMSYNTEX,INR,2026-Q1,2026-06-30,13896700000.0,-5.354528056446615,-4.029854826803729,4917500000.0,477200000.0,187700000.0,1075800000.0,3.195,193.44232182218954,-4.477223991162516,,,
ACCENTMIC,INR,2025-H2,2026-03-31,3490328000.0,31.921116318166852,,1100781000.0,520352000.0,438585000.0,566916000.0,18.5309,17.94031351633454,,,,
NDRAUTO,INR,2026-Q1,2026-06-30,8587712000.0,18.175419321448334,-3.324682354841456,1663572000.0,735562000.0,648958000.0,962813000.0,27.284,17.310677232252267,-11.104809291174163,,,
IPL,INR,2026-Q1,2026-06-30,10340000000.0,17.04512010142401,-5.527411910390634,3932000000.0,1418400000.0,1076400000.0,1637800000.0,9.3467,9.101202287848723,-25.783657821544022,,2023-11-06,
CAPACITE,INR,2026-Q1,2026-06-30,26622951000.0,12.374999308814182,-11.639767120362357,4902275000.0,3209922000.0,1852922000.0,4243237000.0,21.9011,-5.172801981312624,-15.585450200068804,4.7,2026-08-07,2026-11-14
PNGSREVA,INR,2026-Q1,2026-06-30,,,-14.590301608676137,,,,,,,27.095054782351202,,,
IKIO,INR,2026-Q1,2026-06-30,6444450000.0,34.54584552943977,2.380981179544245,1373990000.0,569480000.0,465000000.0,881970000.0,6.0034,108.1478399556203,-34.14150943396226,,2024-11-08,
MOBIKWIK,INR,2026-Q1,2026-06-30,11617320000.0,2.965140652517068,-2.3237352718625015,6298850000.0,1353030000.0,-125670000.0,1498230000.0,-1.5993,92.95015340127658,73.70689655172414,,2026-08-03,2026-11-03
VOEPL,INR,2026-Q1,2026-06-30,9963005000.0,87.60442469794158,18.64708626651086,807244000.0000011,640171000.0,176504000.0,977693000.0,5.5732,27.600338851111562,94.73972602739727,,,
SESHAPAPER,INR,2026-Q1,2026-06-30,18171200000.0,5.797211143780385,-16.855907001892405,2552000000.0,734300000.0,990100000.0,1185100000.0,16.4396,13.02578205568923,22.49554944165722,,,
RUBYMILLS,INR,2026-Q1,2026-06-30,3805051000.0,43.41932723856477,-25.855341966585456,1946332000.0,530352000.0,432006000.0,877267000.0,12.9188,-5.192860917043395,5.924199309802022,,,
YUKEN,INR,2026-Q1,2026-06-30,4919474000.0,8.908469911482483,0.9223195932056693,1685301000.0,309238000.0,156363000.0,531176000.00000006,11.5606,-35.819370884825055,-10.147131061261728,,,
SURYODAY,INR,2026-Q1,2026-06-30,26863600000.0,21.195551645575332,11.32116376880718,,2546400000.0,1918700000.0,,18.0505,140.63162385186567,51.20569498482192,7.1,2026-07-23,2026-11-05
GNRL,INR,2026-Q1,2026-06-30,328951000.0,93.57688029988289,-48.89605113966091,261587000.0,152822000.0,193129000.0,222194000.0,1.3468,,979.8540145985401,,,
PVP,INR,2026-Q1,2026-06-30,1181367000.0,181.9922374778009,10.118088196971305,500482000.0,90926000.0,49952000.0,278858000.0,0.1918,,,,,
SUMMITSEC,INR,2026-Q1,2026-06-30,1936900000.0,54.03616259169481,257.05195904722837,1908743000.0,1526475000.0,1197351000.0,1526680000.0,109.8308,39.490709577454055,,,,
DOLLAR,INR,2026-Q1,2026-06-30,18866427000.0,6.238717037447315,-34.870874504160184,4707024000.0,1650454000.0,1121327000.0,2045747000.0,19.7708,15.536284054651064,-20.120815417022094,4.6,2026-08-10,2026-11-10
RSL,INR,2026-Q1,2026-06-30,,,20.25492889067252,,,,,,,54.16161745009247,,,
UTSSAV,INR,2025-H2,2026-03-31,11548962000.0,78.68831913909978,,966464000.0,898408000.0,590589000.0,911416000.0,24.0419,-49.73657692162955,,,,
TTKHLTCARE,INR,2026-Q1,2026-06-30,8884089000.0,8.339761013466617,18.15398053166117,2933920000.0,295236000.0,739603000.0,382355000.0,52.3415,17.246160600684554,-2.219336406726831,,,
JAGSNPHARM,INR,2026-Q1,2026-06-30,2938450000.0,3.8728971434025357,28.0812423095494,1044630000.0000001,518679999.99999994,454760000.0,611010000.0,6.6998,-26.653091609739004,63.63636363636363,,,
INDOBORAX,INR,2026-Q1,2026-06-30,2322388000.0,29.693874188920454,11.657385174264054,887266000.0,491396000.0,563197000.0,517474000.00000006,17.5506,45.538224245590456,11.84692841054631,,,
KRISHNADEF,INR,2026-Q1,2026-06-30,,,-11.175245967368843,,,,,,,-10.794454097041632,,,
MTNL,INR,2026-Q1,2026-06-30,9746800000.0,68.07435636564294,-41.461768913119755,-2038100000.0,-6826100000.0,-30064600000.0,-1220000000.0,-47.7216,14.036819541016682,-174.43044210007798,,,
BLIL,INR,2026-Q1,2026-06-30,28429259000.0,8.652167409263521,-0.5636705444742612,9097792000.0,3271703000.0,1792141000.0,4084408000.0,8.0737,2.3542089249492983,-15.933051647044339,,,
ARDEE,INR,2026-Q1,2026-06-30,,,,,,,,,,,,,
CLSEL,INR,2026-Q1,2026-06-30,14782315000.0,2.6778824106991657,-19.24747747215665,3199040000.0,1659901000.0,1251211000.0,1708549000.0,25.1623,22.78605168644597,-16.405031708077757,,,
HITECH,INR,2026-Q1,2026-06-30,48215151000.0,61.14588789167661,-4.563602785783907,2536267000.0,1531788000.0,752821000.0,1818947000.0,3.7065,-9.114315139031918,13.860357761107903,1.2,2026-08-12,2026-11-14
MOL,INR,2026-Q1,2026-06-30,21031614000.0,35.304762651648886,14.439049338933263,6068435000.0,884191000.0,642499000.0,2074656000.0,2.527,,500.06333122229256,,2025-05-10,
DLINKINDIA,INR,2026-Q1,2026-06-30,16725006000.000002,20.47805675771444,2.9853682810620623,1842491000.0,1299649000.0,1072893000.0,1373195000.0,30.2182,2.1551214136244217,-0.019287891061992014,,,
MODISONLTD,INR,2026-Q1,2026-06-30,8466599000.0,66.699297986893,-5.865329430121026,1861200000.0,1491819000.0,1015702000.0,1588654000.0,31.3005,258.3671086075428,-5.992951589497682,,,
MMWL,INR,2026-Q1,2026-06-30,14517540000.0,-23.162770944762666,42.498980609292985,627317999.9999989,215758000.0,71070000.0,222496000.0,0.0627,100.31948881789138,94.35483870967742,,,
MCLOUD,INR,2026-Q1,2026-06-30,7141965000.0,13.540313049759897,-12.293981739376218,2409924000.0,1551345000.0,1101871000.0,2097518999.9999998,1.8768,-45.700729082282145,-19.996024647187433,,,
ASIANTILES,INR,2026-Q1,2026-06-30,19003032000.0,18.50460326280919,-1.4011643562150067,2426886000.0,309072000.0,126008000.0,894442000.0,0.762,-67.26522897156113,,,2021-08-06,2026-11-12
ONEPOINT,INR,2026-Q1,2026-06-30,4026918000.0,52.405459004481045,64.57053939320862,608240000.0,608240000.0,451275000.0,934164000.0,1.713,20.803949224259533,58.023433520122246,,,
XTRANET,INR,2026-Q1,2026-06-30,,,10.508622313329216,,,,,,,74.2918165467626,,,
TEXINFRA,INR,2026-Q1,2026-06-30,170228000.0,5.507555379256486,-17.262627419539573,-64355000.00000001,-84192000.0,90648000.0,-58119000.0,0.7114,,147.47899159663865,,,
DELTACORP,INR,2026-Q1,2026-06-30,6728400000.0,-10.14423076923077,4.5271317829457365,2841400000.0,772700000.0,-1565900000.0,1222000000.0,-5.8479,-160.99377327200477,-1391.3722936675892,,,
MBEL,INR,2026-Q1,2026-06-30,13131688000.0,,-19.963201117823782,3015734000.0,1275570000.0,965896000.0,1427293000.0,17.0872,,-18.8858551865727,3.8,2026-08-10,2026-12-02
INFOBEAN,INR,2026-Q1,2026-06-30,5544900000.0,35.35040398369419,7.721054858271048,971100000.0,971100000.0,849600000.0,1208700000.0,8.7457,59.73881278538813,0.8230824891461748,,,
ASTEC,INR,2026-Q1,2026-06-30,4406278000.0,9.333369064181785,-47.3187931606215,552592000.0,-387014000.0,-665971000.0,57940000.0,-30.2755,53.29923320998261,-141.2822427758948,-8.4,2026-07-31,2026-10-23
ONIXSOLAR,INR,2026-Q1,2026-06-30,2306754000.0,210.36712529297637,23.258655857604165,785995000.0,709733000.0,626196000.0,714128000.0,59.0499,628.4086002935844,-27.197555275930252,,,
KROSS,INR,2026-Q1,2026-06-30,7181850000.0,17.08742612594253,-18.234360029807316,2755000000.0,842930000.0,578270000.0,943340000.0,8.9641,13.230260083115446,-40.702853366282575,,,
SHALBY,INR,2026-Q1,2026-06-30,11762270000.0,6.4950339070521235,15.230391901059335,2086170000.0,705960000.0,393130000.0,1428040000.0,3.6801,,-40.78134110787172,,2026-08-12,2026-10-20
IFGLEXPOR,INR,2026-Q1,2026-06-30,19526100000.0,15.368389955686853,6.08733461705696,5241900000.0,629700000.0,409500000.0,1370000000.0,5.6813,4.892638886324623,19.467999192408627,1.5,2025-08-09,2026-11-09
AVADHSUGAR,INR,2026-Q1,2026-06-30,27561606000.0,4.233856587562721,16.199693623732188,3987008000.0,1672105000.0,659534000.0,2293380000.0,32.9464,-6.889252517373621,-99.57884278957258,27.6,2024-05-13,2026-11-14
ANDHRAPAP,INR,2026-Q1,2026-06-30,17015845000.000002,5.115591756875861,-25.28735065156342,1937567000.0,-259197000.0,276270000.0,824812000.0,1.3893,-66.52692446693169,292.4324324324324,1.5,2026-08-04,2026-11-14
SPMLINFRA,INR,2026-Q1,2026-06-30,9923110000.0,37.86217769533338,-2.143250051461684,1380202000.0,784334000.0,852338000.0,810970000.0,9.9531,79.01258992805755,-18.37261146496816,,2025-02-13,
MIIL,INR,2026-Q1,2026-06-30,442657000.0,22.341434024006347,-54.506784842064405,124348000.0,83079000.0,45315000.0,88646000.0,2.086,-37.20272141609971,-73.22980017376194,,,
VIKRAN,INR,2026-Q1,2026-06-30,12317400000.0,,-78.12944084028422,2366200000.0,1598900000.0,900400000.0,1637600000.0,3.4912,,-92.87523603371251,,2026-02-13,2026-12-02
HINDWAREAP,INR,2026-Q1,2026-06-30,26043700000.0,6.11716865506226,-5.65539510811341,5377100000.0,817500000.0,-62300000.0,1989400000.0,-0.7448,93.53236423001442,,0.5,2026-08-12,2026-11-17
GCSL,INR,2026-Q1,2026-06-30,1944778000.0,-21.721644202172,11.137420002802822,979887000.0,546765000.0,272510000.0,566160000.0,11.6428,,92.18905472636818,,,
GTLINFRA,INR,2026-Q1,2026-06-30,13647500000.0,1.362893642305407,-0.9232352585058725,2557000000.0,2321800000.0,10810800000.0,4606100000.0,0.844,,-94.14433880726016,,,
RIR,INR,2026-Q1,2026-06-30,970266000.0,12.602707294655044,13.419318741701392,203117000.0,99746000.0,91975000.0,113004000.0,1.16,28.03532008830021,126.14678899082567,,,
AMRUTANJAN,INR,2026-Q1,2026-06-30,5114758000.0,10.678862474736327,-31.247842497834977,1901484000.0,591698000.0,539723000.0,658733000.0,18.6764,-1.0427484475340676,-73.03765839728716,,,
KPEL,INR,2026-Q1,2026-06-30,17969280000.0,74.27977476370421,-17.781516595178932,4036725000.0,2998868000.0,1820600000.0,3318777000.0,26.93,47.319474835886204,-67.12446351931331,,,
BHAGYANGR,INR,2026-Q1,2026-06-30,25973009000.0,49.09866892185046,-4.010071193766468,2029048000.0,1205738000.0,628448000.0,1282378000.0,19.6421,216.36922977804977,9.515732631797574,,,
STEELXIND,INR,2026-Q1,2026-06-30,10291549000.0,-12.746267115456957,-6.130147653809677,1981805000.0,1065759000.0,317878000.0,1339007000.0,0.2544,-9.272467902995709,20.967741935483872,,,
SIGNPOST,INR,2025-Q4,2026-03-31,5759343000.0,27.074950339136866,13.753967551435906,1484275000.0,1061588000.0,701127000.0,1466011000.0,13.1174,107.2488268844896,16.11723771893614,,,
MANALIPETC,INR,2026-Q1,2026-06-30,10624400000.0,19.191805871860172,-6.1299801817809065,1939100000.0,1069400000.0000001,1799800000.0,1420000000.0,10.464,487.7991236939669,121.62402274342571,,,
CEINSYS,INR,2026-Q1,2026-06-30,6618900000.0,32.16075415232441,-7.568390838263722,2138500000.0,1428300000.0,1327300000.0,1542600000.0,66.532,49.208342677730414,-21.66401695813461,20.29,2026-05-14,2026-11-06
BENARAS,INR,2026-Q1,2026-06-30,1480129000.0,7.663911292669018,-30.268561881167745,914988000.0,541776000.0,439061000.0,620970000.0,337.7392,-1.1097147769502638,-46.24927042204126,,,
KOTIC,INR,2026-Q1,2026-06-30,1970572000.0,75.2959595779885,17.79433138718598,191467000.0,-258553999.99999997,-859782000.0,-140675000.0,-7.9691,-229.99710132924758,9.618243243243242,,,
GPTINFRA,INR,2026-Q1,2026-06-30,12793503000.0,1.6182666446487848,-27.156743210681565,3658626000.0,1557440000.0,984666000.0,1846906000.0,7.7923,12.268038266482245,-22.739704308533824,,,
FRONTSP,INR,2026-Q1,2026-06-30,3251789000.0,27.059388488969695,-4.945811113022536,1643253000.0,800076000.0,585811000.0,851219000.0,49.5828,38.560593781613115,-27.59686609686609,,,
PNBGILTS,INR,2026-Q1,2026-06-30,15197084000.0,-15.538890799508875,29.321943998486983,1724056000.0,1350490000.0,1022428000.0,1378402000.0,5.6798,-69.89861624154031,521.1722322294581,,,
ARFIN,INR,2026-Q1,2026-06-30,7219046000.0,22.00240859848704,10.109678447672723,870053000.0,449427000.0,184447000.0,497130000.0,1.0932,155.42056074766356,-40.29666254635353,,,
BIL,INR,2026-Q1,2026-06-30,14508539000.0,34.340538205166716,19.216715626736868,4755037000.0,1044896000.0,256156000.0,1291410000.0,19.254,-8.730215162331657,,,,
FERMENTA,INR,2026-Q1,2026-06-30,5109879000.0,5.788135093198242,0.19558591057660832,2226923000.0,685731000.0,604862000.0,896532000.0,20.72,-42.30019493177387,-49.47049924357035,,2022-08-12,2026-11-14
ARROWGREEN,INR,2026-Q1,2026-06-30,2467500000.0,12.7536099433376,110.24413595021541,1083800000.0,786700000.0,638300000.0,862600000.0,42.3053,18.510871940253352,269.9995922195489,,,
GYFTR,INR,2026-Q1,2026-06-30,5886415000.0,2764.588858771029,-48.46983808749969,1272235000.0,276434000.0,223910000.0,347022000.0,3.2318,,-14.394222388245554,,,
EXPLEOSOL,INR,2026-Q1,2026-06-30,11398650000.0,10.422289344537033,1.8422845166361015,3904030000.0,1533320000.0,1377370000.0,1778570000.0,88.7496,38.060118257774576,-17.974502508407916,22.02,2026-08-14,2026-11-14
SPIC,INR,2026-Q1,2026-06-30,30241400000.0,-2.842621328655602,45.306856115723704,5624600000.0,2214800000.0,2049600000.0,2650200000.0,10.0648,28.22054626987363,104.07430426075548,,,
GKSL,INR,2026-Q1,2026-06-30,1010424000.0,,12.134996811485193,669608000.0,215178000.0,158335000.0,266910000.00000003,2.0082,,2.767787333854582,,,
INVPRECQ,INR,2026-Q1,2026-06-30,1969228000.0,16.581830495791344,4.3073796122576615,430644000.0,266601000.0,145777000.0,355476000.0,14.5777,144.03950782623255,32.34209618802558,,,
BHAGERIA,INR,2026-Q1,2026-06-30,10028995000.0,56.808500591647885,5.861563753884547,1992372000.0,810185000.0,689640000.0,1155222000.0,15.8014,50.82133073714551,188.58565369721555,,,
ALLTIME,INR,2026-Q1,2026-06-30,6142374000.0,,10.934452155596798,1488202000.0,535520999.99999994,343273000.0,842195000.0,5.2402,,25.494320572149782,,,
DPEL,INR,2025-H2,2026-03-31,6259602000.0,83.20725570276157,,665793000.0,475282000.0,267067999.99999997,509096000.0,10.86,155.6376818417212,,,,
IGARASHI,INR,2026-Q1,2026-06-30,9120746000.0,11.084606175165622,11.019003959397915,1622570000.0,288163000.0,164038000.0,876474000.0,5.2117,-11.415362126697596,324.2944543122163,,,
MANAKCOAT,INR,2026-Q1,2026-06-30,8968203000.0,7.064126474157767,15.248299132805029,2086951000.0,737235000.0,407813000.0,840993000.0,3.8411,26.098946193493315,160.04728132387703,,,
GPTHEALTH,INR,2026-Q1,2026-06-30,4916427000.0,18.07542721772074,-0.13254539382995256,2834092000.0,632126000.0,472701000.0,910002000.0,5.7608,-0.7750869819835325,-12.5957638575935,1.1,2026-02-02,2026-11-14
WALCHANNAG,INR,2026-Q1,2026-06-30,3165800000.0,37.97942817294282,-2.354332401634057,500200000.0,123000000.0,-31200000.0,237500000.0,-0.4727,96.83579891559006,-59.87540378403323,,,
JAGRAN,INR,2026-Q1,2026-06-30,19155186000.0,0.6015235192576389,5.771455284936876,7663122000.0,2440313000.0,1885740000.0,3274651000.0,8.6639,20.116735293709876,246.48807997949245,,2026-05-28,2026-11-05
IMPAL,INR,2026-Q1,2026-06-30,8747100000.0,11.058772742854966,11.18545937737283,975700000.0,660900000.0,978400000.0,676700000.0,78.3974,17.539622211527366,-35.14652622627365,,,
SDBL,INR,2026-Q1,2026-06-30,9695760000.0,-33.508741286436084,48.5739584819715,2194543000.0,-28389000.0,-321243000.0,303141000.0,-1.5491,-130.05218538421246,,,,
IZMO,INR,2026-Q1,2026-06-30,2937529000.0,25.782961768780016,-40.10531465225827,1563118000.0,414722000.0,537527000.0,588129000.0,35.9737,6.209533369746538,-29.496894517395894,,,
SHANKESH,INR,2026-Q1,2026-06-30,,,55.0572162797338,,,,,,,100.12250731640917,,,
NINSYS,INR,2026-Q1,2026-06-30,1772018000.0,21.577611284922334,-1.0904636195800335,598944000.0,447880000.0,335569000.0,471344000.0,18.0646,18.82963537932259,5.193259811733701,,,
EIMCOELECO,INR,2026-Q1,2026-06-30,2406997000.0,-1.4827136123063676,15.90887343233238,955747000.0,359002000.0,396092000.0,449078000.0,68.666,-18.51164424528391,141.64091036808094,9.27,2025-10-09,2026-10-29
PANORAMA,INR,2026-Q1,2026-06-30,3552213000.0,-23.593665709637204,182.4037108796525,422883000.0,322057000.0,241458000.0,381480000.0,0.9285,-46.784731774415405,52.425482174167136,,,
AVTNPL,INR,2026-Q1,2026-06-30,8220241000.0,40.77095353598733,6.501355249267406,3186682000.0,1020153000.0,837913000.0,1135916000.0,5.5023,54.06994651807465,41.22813083465874,,,
ASALCBR,INR,2026-Q1,2026-06-30,10335686000.0,-5.247474694229097,17.760551386159413,2739811000.0,1097250000.0,826370000.0,1356693000.0,42.6704,-8.294863528906083,-27.506938775510203,8.9,2026-07-24,2026-11-09
DCW,INR,2026-Q1,2026-06-30,22099975000.0,11.824039362106383,-11.025790729969504,3610754000.0,985319000.0,713291000.0,2036015000.0,2.4167,104.11317567567568,91.05452171074111,,,
ELITECON,INR,2025-Q3,2025-12-31,47713858000.0,1684.9566396477035,-20.56626272984893,4545964000.0,3978371000.0,3092043000.0,4040326000.0,1.9376,-92.90022351691034,-9.414718343009563,,,
DSSL,INR,2026-Q1,2026-06-30,14091200000.0,10.510114853286593,-22.0550455524123,1602108000.0,1331945000.0,848000000.0,1543373000.0,66.5982,13.85164012335971,4.307901522138662,,,
PUNJABCHEM,INR,2026-Q1,2026-06-30,10575300000.0,8.152913142635072,66.49405446873801,2913600000.0,946700000.0,654000000.0,1241400000.0,53.3347,41.80385838411552,101.00062539086929,,,
UGROCAP,INR,2026-Q1,2026-06-30,21212104000.0,35.79832242647852,-14.46528814566712,10124199000.0,4841669000.0,2085525999.9999998,5550688000.0,14.2212,-2.1932448882745033,32.97005988023953,,2026-08-04,2026-11-06
BHARATSE,INR,2026-Q1,2026-06-30,21017161000.0,48.31777374165326,0.6178716990278921,1791763000.0,689192000.0,462681000.0,1056242999.9999999,7.3675,31.213378688845754,-0.3032600454889945,,,
NAVKARCORP,INR,2026-Q1,2026-06-30,7397462000.0,46.48161143867364,-4.991380516929899,1010424000.0,724296000.0,399798000.0,1308514000.0,2.6561,,-12.164926256862955,,2024-04-30,2026-10-29
DIGITIDE,INR,2026-Q1,2026-06-30,31195160000.0,,-3.110186611196672,1162140000.0,1162140000.0,-239730000.0,3374820000.0,-1.6091,,85.09389671361502,,,
AEROENTER,INR,2026-Q1,2026-06-30,7523491000.0,27.42934552203073,-5.3026670414524055,2261576000.0,858328000.0,1506663000.0,1205534000.0,13.3086,200.12177521197904,301.44954819277103,,,
GALAPREC,INR,2026-Q1,2026-06-30,3266000000.0,31.82909846818301,-20.2834179357022,1448300000.0,433400000.0,371400000.0,545400000.0,28.35,38.38786677666102,-33.01178992497321,,,
UDS,INR,2026-Q1,2026-06-30,30035570000.0,7.8810001943150105,2.890332933506188,5002930000.0,1236390000.0,868160000.0,1714030000.0,12.9682,-28.706981858163832,5.952267303102616,4.4,2026-07-30,2026-11-11
ANDHRSUGAR,INR,2026-Q1,2026-06-30,24933169000.0,16.53964618423703,-1.6153860635574075,4137353000.0,1442676000.0,1053112000.0000001,2273701000.0,7.7717,204.62919410473498,870.8886324293132,,,
DEN,INR,2026-Q1,2026-06-30,9757810000.0,-2.3391812865497075,0.9157379734049408,1881360000.0,-267899999.99999997,1482590000.0,601120000.0,3.1097,-28.98282634511738,-4.4077477030047145,,,
IVALUE,INR,2026-Q1,2026-06-30,10073900000.0,,-34.06823184152605,1958900000.0,1348100000.0,1036599999.9999999,1416200000.0,18.9727,,-62.79422345564806,,2026-07-29,
PASHUPATI,INR,2026-Q1,2026-06-30,6993276000.0,5.737335720859612,-23.643187083929206,620145999.999999,249183000.0,156492000.0,337962000.0,0.9915,36.21376562714659,334.24787133396404,,,
KOPRAN,INR,2026-Q1,2026-06-30,7002017000.0,11.9634637337278,-34.19561632573179,1681968000.0,605871000.0,249828000.0,795728000.0,5.174,-28.423207813407846,-64.48004914130685,,,
ANDREWYU,INR,2026-Q1,2026-06-30,2974425000.0,-4.762720476899615,-37.125946122005246,-223991000.0,-873688000.0,-416688000.0,-803231000.0,-0.8522,-308.667972575906,92.33974358974359,,,
TCC,INR,2026-Q1,2026-06-30,3141828000.0,212.29746023257593,23.898820898268873,1436481000.0,530486999.99999994,658394000.0,1226524000.0,2.8297,9.504276150303783,-58.047945205479444,,,
CAPITALSFB,INR,2026-Q1,2026-06-30,11912100000.0,15.717741230413537,5.145189348320621,,2012900000.0,1506800000.0,,33.0962,12.304716661011213,3.071672354948821,9.2,2026-07-23,2026-10-22
CENTENKA,INR,2026-Q1,2026-06-30,18581700000.0,-0.908169795221843,14.634045457365625,3705400000.0,1574800000.0,1471600000.0,2136100000.0,67.3483,155.79707392665063,56.59841611393331,22.2,2021-05-18,2026-11-14
PRIZOR,INR,2025-H2,2026-03-31,1479413000.0,108.09340349426179,,361328000.0,311939000.0,207593000.0,332179000.0,19.2822,87.17856622821918,,,,
ULTRAMAR,INR,2026-Q1,2026-06-30,8303400000.0,15.55772040915733,20.758894871923907,2004800000.0,1095000000.0,921900000.0,1377100000.0,31.5719,17.155993261245484,123.2505829670443,4.8,2021-08-11,2026-11-14
JAYBARMARU,INR,2026-Q1,2026-06-30,26209524000.0,13.28529563439124,-18.174886199964572,3618041000.0,1885095000.0,1382328000.0,2861348000.0,12.7672,171.96659850034087,-72.54149659863945,,,
ONIDA,INR,2026-Q1,2026-06-30,7015700000.0,6.33876468359227,26.840970725262498,277900000.0,-589200000.0,-764300000.0,-523500000.0,-2.0895,-221.0170533108004,70.05693783636222,,,
EXCELINDUS,INR,2026-Q1,2026-06-30,10788357000.0,5.491466601634653,4.478521041247608,3250587000.0,724588000.0,713735000.0,1100417000.0,56.7777,-18.94006775731289,139.95127394077122,,,
MBECL,INR,2026-Q1,2026-06-30,736393000.0,-21.460879915274212,-1.1408567262600655,-191960000.0,-2124025999.9999998,36545418000.0,-2101815999.9999998,1096.3612,,63.44262295081966,,,
ALLDIGI,INR,2026-Q1,2026-06-30,6050500000.0,7.8712783027277595,-2.838300898687528,1057400000.0000001,1057400000.0000001,854600000.0,1669200000.0,56.0823,29.015880172903636,-37.25741602558015,,2026-05-07,2026-10-22
SKMEGGPROD,INR,2026-Q1,2026-06-30,7765500000.0,39.74518166603682,-1.2804714706670237,2079699999.9999998,1477200000.0,1113200000.0,1633700000.0,21.1394,186.90825190010852,-27.019884624061362,,,
ATULAUTO,INR,2026-Q1,2026-06-30,8900400000.0,20.21069692058347,-9.206916618172748,1571500000.0,723600000.0,472400000.0,909600000.0,17.0226,103.09487448697145,-46.3833380242049,,2024-01-31,2026-11-09
GODAVARIB,INR,2026-Q1,2026-06-30,20125833000.0,6.997546627866664,-1.1036991471415682,3669078000.0,663992000.0,2251999.99999995,1218779000.0,0.0439,,-136.53219017021647,,,
SHRIRAMPPS,INR,2026-Q1,2026-06-30,13664300000.0,33.43782348001015,-59.102500264059266,4463900000.0,1668700000.0,912500000.0,1771900000.0,5.3471,13.365276570483598,-85.94031861946057,,,
PRANAV,INR,2025-Q4,2026-03-31,,,,,,,,,,,,,
COMSYN,INR,2026-Q1,2026-06-30,4056166000.0,12.221363627434787,8.52339515687932,1154441000.0,415401000.0,297012000.0,526650999.99999994,7.08,38.25424721734036,41.059602649006614,,,
KALAMANDIR,INR,2026-Q1,2026-06-30,16497200000.0,4.828655487281808,-10.494917195628322,4084700000.0,1956500000.0,1365100000.0,2553000000.0,9.2643,20.420365772815316,-21.468544092427123,,2025-05-16,2026-11-10
SIGACHI,INR,2026-Q1,2026-06-30,4708608000.0,-9.58407902114553,-0.5097005540009402,1082432000.0,288885000.0,253550000.0,461606000.0,0.6635,,-12.33894945490585,0.38,2022-05-13,2026-11-14
PLATIND,INR,2026-Q1,2026-06-30,4439940000.0,9.631396485821803,-17.48161165945778,1010730000.0,517409999.99999994,503760000.0,582050000.0,9.1718,11.941318622305744,-26.143814658312696,,,
DOLATALGO,INR,2026-Q1,2026-06-30,4338530000.0,-11.363060604079497,11.857622757486956,3699930000.0,2003700000.0,1439310000.0,2030050000.0,8.1779,-21.163189758223126,15.201748106845486,,,
MWL,INR,2026-Q1,2026-06-30,12484652000.0,12.7491048004371,19.34904944687886,2471181000.0,930369000.0,518966000.0,1038752999.9999999,1.7473,52.00521966072207,-22.45844607653652,,,
LINCOLN,INR,2026-Q1,2026-06-30,6942453000.0,10.195042975167258,-5.337112399634125,2256777000.0,864046000.0,964531000.0,1013113000.0,48.155,11.70028925399377,211.4362938351094,,,
ELECTHERM,INR,2026-Q1,2026-06-30,37714200000.0,-3.049325970941173,-19.87824454600479,7103200000.0,-374000000.0,-364800000.0,64300000.0,-28.6279,-110.10358433564855,-49.155774948112416,,,
NIITLTD,INR,2026-Q1,2026-06-30,4017070000.0,11.826014336418678,-4.098615413922058,503780000.0,-390790000.0,89920000.0,-72020000.0,0.626,-79.87138263665595,,,2026-07-21,2026-11-14
RAJRILTD,INR,2026-Q1,2026-06-30,11239884000.0,23.876274098261792,-30.647363858010994,2055567000.0,463412000.0,347788000.0,656372000.0,0.43,57.856093979442015,-47.05882352941177,,,
ROTO,INR,2026-Q1,2026-06-30,2943596000.0,-3.8693645722399714,-7.021373944401669,979582000.0,370762000.0,277063000.0,532107999.99999994,1.4702,-18.7959127312897,61.467588022375786,,,
GHCLTEXTIL,INR,2026-Q1,2026-06-30,14597900000.0,27.941769356167505,12.44191481756441,2538100000.0,1188100000.0,962000000.0,1790300000.0,10.0643,66.75448189018125,42.264229187545354,,,
UNITECH,INR,2026-Q1,2026-06-30,5132383000.0,45.651456420062416,-18.588090014138146,2229278000.0,58485000.0000003,-24345352000.0,101256000.0,-9.3053,-15.416005159753926,-29.355240524349018,,,
DHANBANK,INR,2026-Q1,2026-06-30,18710600000.0,20.07829546913105,-5.482687277979466,,1615800000.0,1154800000.0,,2.9258,5.609298296274914,-42.72100199673262,,,
BLKASHYAP,INR,2026-Q1,2026-06-30,13878364000.0,21.766877207229978,-5.111012070791039,1175066000.0,916606000.0,7006000.0,1076796000.0,0.0311,-96.12219451371571,,,,
MMP,INR,2026-Q1,2026-06-30,7974474000.0,26.800188519397654,14.385072995949285,1027915999.9999999,507152000.0,238792000.0,617310000.0,9.4003,-37.19819350356089,19.97241502046628,,,
SOLARWORLD,INR,2026-Q1,2026-06-30,14763400000.0,,-71.54146925037004,1687640000.0,1432630000.0,1170600000.0,1502360000.0,13.5003,,-80.74136895296654,,,
BHARATWIRE,INR,2026-Q1,2026-06-30,5792777000.0,-7.685093492958904,-7.8442514904459495,1839889000.0,1016284000.0,690799000.0,1261705000.0,9.0086,-11.86357766211404,-20.689655172413797,,2024-01-22,2026-11-18
RAMBHAJO,INR,2026-Q1,2026-06-30,,,-18.28665949497403,,,,,,,-6.336477987421383,,,
SULA,INR,2026-Q1,2026-06-30,5591100000.0,-1.5408727503257846,-16.329404788377435,2546400000.0,615000000.0,247700000.0,1017400000.0,2.9362,-56.905509730824555,-87.68627450980392,,2026-08-06,2026-11-17
JINDALPHOT,INR,2026-Q1,2026-06-30,200400000.0,742.0168067226891,1595.744680851064,149400000.0,143400000.0,-620800000.0,143900000.0,-60.5167,-126.88609439524092,,,,
SAFEENTP,INR,2025-H2,2026-03-31,2184151000.0,,,1104357000.0,774402000.0,638583000.0,790932000.0,14.62,,,,,
TNPETRO,INR,2026-Q1,2026-06-30,17832800000.0,-2.433579901081105,526.6265060240964,4212800000.0,1709500000.0,1423200000.0,2043600000.0,15.8183,81.18435370253711,890.2024021352313,,,
BIRLACABLE,INR,2026-Q1,2026-06-30,8613131000.0,28.136850395621906,24.535892086240196,1334697000.0,720638000.0,462359000.0,870721000.0,15.412,656.7886079057206,184.11918249472396,,,
GAYAPROJ,INR,2026-Q1,2026-06-30,9990819000.0,145.41424936661784,19.56567753979756,578635000.0,58758000.0,20798237000.0,308059000.0,109.9191,1411.1647282025904,,,2021-06-14,
SUNRAKSHAK,INR,2026-Q1,2026-06-30,7588443000.0,169.92023447684664,39.854443865234046,713436999.999999,564523000.0,435040000.0,696601000.0,14.0304,112.94317629917437,24.30430994721467,,,
HMAAGRO,INR,2026-Q1,2026-06-30,79042040000.0,42.59755746646906,33.640787335554855,7397140000.0,1320780000.0,2146469999.9999998,1630170000.0,4.2863,148.85624709707386,536.2664990571967,,,
FLYSBS,INR,2025-H2,2026-03-31,3185324000.0,,,793861000.0,686124000.0,607734000.0,691832000.0,35.1215,,,,,
MONTECARLO,INR,2026-Q1,2026-06-30,12864200000.0,15.587542904379392,-46.828398144844805,4124200000.0,1528200000.0,1048599999.9999999,2201500000.0,50.5787,34.057886506400905,-565.6046492457341,,,
FINOPB,INR,2026-Q1,2026-06-30,14413100000.0,-22.664470330684495,-9.738808165186187,,334400000.0,209800000.0,,2.5145,-75.5873786407767,-293.2372245663385,,2026-04-29,2026-11-04
AKCAPIT,INR,2026-Q1,2026-06-30,5786505000.0,15.0460362683484,-5.891127026524471,3023213000.0,1638199000.0,1144471000.0,1738566000.0,173.4047,34.44277924613293,-15.270632071165071,,,
SUNSHINE,INR,2026-Q1,2026-06-30,,,,,,,,,,,,,
ZSARACOM,INR,2026-Q1,2026-06-30,1650737000.0,326.5183734426111,,1625553000.0,1573572000.0,1322930000.0,1573746000.0,1207.1322,436.15862872127514,,,,
BALAJITELE,INR,2026-Q1,2026-06-30,3782945000.0,0.40966038320790565,404.6471969388312,207210000.0,-365190000.0,-208744000.0,-302200000.0,-1.7693,-122.3325970337646,,,,
ALICON,INR,2026-Q1,2026-06-30,19312046000.0,13.712424483606862,16.785778147752655,5374844000.0,933394000.0,365697000.0,2011262000.0,22.2941,0.2869956770713869,44.09297520661157,8.5,2025-11-06,2026-11-05
SACHEEROME,INR,2025-H2,2026-03-31,1523857640.0,41.70687556434642,,457792090.0,343032000.0,284421210.0,367615940.0,12.7128,78.44529912130484,,,,
3BBLACKBIO,INR,2026-Q1,2026-06-30,1531743000.0,54.30193856704799,-5.484265157009773,783875000.0,472703000.0,555285000.0,534631000.0,64.6984,13.236977425554052,-0.24252223120452032,25.0,2026-02-06,2026-11-05
STEL,INR,2026-Q1,2026-06-30,268225000.00000003,20.673133159973737,-61.965811965811966,,260440000.0,196125000.0,260898000.00000003,10.627,21.59038901601831,-125.26766595289078,,,
THEMISMED,INR,2026-Q1,2026-06-30,3316147000.0,-12.754899755456195,13.623849314978994,953952000.0,-522559999.99999994,399749000.0,-419456000.0,4.3342,,176.969320066335,,,
IRISDOREME,INR,2026-Q1,2026-06-30,2007077000.0,31.83412527111334,-21.89406152599684,494905000.0,264985000.0,175747000.0,319124000.0,0.9234,-30.748462576871155,-37.63313609467456,,2026-05-11,2026-11-05
EKC,INR,2026-Q1,2026-06-30,14300000000.0,-7.3402104608366585,-3.319374651032943,4014100000.0,1346800000.0,1252900000.0,1890900000.0,11.1659,3.128232599379351,-34.574390065027146,1.29,2024-05-23,2026-11-14
FAZE3Q,INR,2026-Q1,2026-06-30,9404800000.0,24.925946096728346,-17.241503715996824,2823100000.0,476900000.0,304400000.0,792800000.0,12.5374,-33.991102219180256,-50.856293727942536,,2022-02-11,2026-11-10
SUBEXLTD,INR,2026-Q1,2026-06-30,2921100000.0,2.9099876695437734,8.895285087719298,334000000.0,298600000.0,299400000.0,405000000.0,0.5397,,43.18435754189943,,,
TGVSL,INR,2026-Q1,2026-06-30,20023800000.0,32.64044832177421,6.255013597855648,5993600000.0,1952200000.0,1385600000.0,3549000000.0,12.9424,153.42967357888344,62.271875119562296,,,
KAMDHENU,INR,2026-Q1,2026-06-30,7809714000.0,2.9307880424575394,2.750979568720057,1971806000.0,942515000.0,856171000.0,1005940000.0,2.979,24.837614717344856,81.73214285714285,,,
MATRIMONY,INR,2026-Q1,2026-06-30,4751700000.0,5.457410448754938,11.709321235983907,2224400000.0,385100000.0,448500000.0,652200000.0,21.267,17.229100289944537,101.07189542483661,,2026-08-11,2026-11-05
PCCL,INR,2025-H2,2026-03-31,5766515000.0,94.8336527337795,,988136000.0,490815000.0,256250999.99999997,550721000.0,10.3745,170.80396763247194,,,,
UNIHEALTH,INR,2025-H2,2026-03-31,1319883000.0,137.43856631959187,,776579000.0,436097000.0,258303000.0,537940000.0,16.6193,69.04822451200782,,,,
APEX,INR,2026-Q1,2026-06-30,8847358000.0,4.374601768669137,55.89255481296143,2514513000.0,97050000.0,514143000.0,256005999.99999997,16.4526,460.6228916073194,178.23975598988645,2.9,2025-08-11,2026-11-09
IRMENERGY,INR,2026-Q1,2026-06-30,11300100000.0,11.591487916131344,16.511842444005836,2358780000.0,981430000.0,731000000.0,1481520000.0,17.8034,80.84248377299461,165.04329352689348,8.2,2026-08-06,2026-11-18
HARIOMPIPE,INR,2026-Q1,2026-06-30,16351728000.0,10.871643122436618,-15.39332720245787,1624639000.0,1353514000.0,687032000.0,2017193000.0,22.1857,1.2976280163459217,-44.857457381248786,,2023-02-10,2026-11-17
GANDHITUBE,INR,2026-Q1,2026-06-30,2008593000.0,11.70423800215223,21.15475456646395,1087274000.0,860124000.0,746922000.0,894607000.0,61.465,13.231287316216777,198.3156856638638,,,
VHL,INR,2026-Q1,2026-06-30,216000000.0,0.6993006993006993,1300.0,,190800000.0,2515300000.0,190800000.0,788.1158,1.6488162490391267,82.91677306110641,,,
BAJAJHCARE,INR,2026-Q1,2026-06-30,6278268000.0,12.273923804346271,8.21534390670173,2111299000.0,801242000.0,176304000.0,1090499000.0,5.2874,-62.50070921985815,,,,
SALSTEEL,INR,2026-Q1,2026-06-30,1672700000.0,-70.2345362659264,629.9081035923141,312500000.0,226300000.0,124300000.0,335800000.0,1.2619,,,,,
JYOTISTRUC,INR,2026-Q1,2026-06-30,8453799999.999999,49.441402258078696,7.296466973886329,1137700000.0,488100000.0,643300000.0,619500000.0,0.539,41.842105263157904,7.2368421052631655,,,
PRECAM,INR,2026-Q1,2026-06-30,7657673000.0,-4.878932839646584,-6.524600766131037,3233830000.0,182587000.0,408759000.0,611076000.0,4.3034,-33.31990455235675,-16.016621021815087,,,
TSFINV,INR,2026-Q1,2026-06-30,11286806000.0,280.3276865590418,-0.24633068893446589,5406273000.0,2008041000.0,4868504000.0,2177166000.0,21.9199,6.083366807176136,-24.110257718453976,,,
ACGL,INR,2026-Q1,2026-06-30,9261862000.0,29.744140238947388,-8.016451392755757,2041170000.0,649160000.0,580338000.0,709912000.0,95.3152,12.11970074812968,-47.39843294918506,,,
VALIANTORG,INR,2026-Q1,2026-06-30,7658909000.0,1.4087630711477188,6.319029870450107,2300911000.0,644800000.0,540845000.0,1048477000.0000001,19.2979,946.4103676390845,84.70217089081382,,,
LAXMIDENTL,INR,2026-Q1,2026-06-30,2869550000.0,,1.003326392081564,827700000.0,292300000.0,308880000.0,458520000.0,5.6199,,2.1921692660050174,,2026-08-11,2026-11-17
SUNSHIEL,INR,2026-Q1,2026-06-30,4545000000.0,13.141320853351921,16.230509710951036,926900000.0,488500000.0,362700000.0,600600000.0,43.1219,84.9249097287144,26.548796686660015,,,
ORIENTTECH,INR,2026-Q1,2026-06-30,8589054000.0,-4.9090807437393895,9.696850509196835,595878000.000001,227669000.0,-2846000.0,415474000.0,-0.0621,-100.5326722821705,,,,
AHCL,INR,2026-Q1,2026-06-30,2262311000.0,,72.06572723824945,708471000.0,547994000.0,316290000.0,569627000.0,0.5951,,-36.556962025316466,,,
ICEMAKE,INR,2026-Q1,2026-06-30,7355788000.0,45.42950489079127,-30.081330048028814,1494142000.0,288692000.0,119777000.0,439013000.0,7.5906,-33.36259645857658,-116.17408401473067,,,
GREENPOWER,INR,2026-Q1,2026-06-30,2870000000.0,-0.13570409548000975,111.01321585903084,1244700000.0,902900000.0,639100000.0,1781700000.0,0.5448,8.26709062003179,,,,
NRAIL,INR,2026-Q1,2026-06-30,23402586000.0,32.65304202165384,6.8654798333312685,3355226000.0,1625640000.0,621256000.0,2321908000.0,36.5035,101.72694868890055,146.3332773955362,,,
GULPOLY,INR,2026-Q1,2026-06-30,23590617000.0,9.299149925971339,16.167542696467656,7514678000.0,2328048000.0,1477011000.0,2780193000.0,23.6812,425.3499567406882,42.527704397813544,,2026-08-06,
TNPL,INR,2026-Q1,2026-06-30,46494300000.0,2.881932381687869,-9.822734636739701,6996900000.00001,1805900000.0,2609100000.0,4941900000.0,37.698,,-97.61118199544356,,,
RUPA,INR,2026-Q1,2026-06-30,12776297000.0,5.3347826147894475,-54.149860294197595,2879936000.0,1037915000.0,752265000.0,1188673000.0,9.4476,-4.012192024384047,-77.11838280630671,,2026-08-10,2026-11-05
KRISHIVAL,INR,2026-Q1,2026-06-30,3321126000.0,223.68734217064042,-12.843538747918096,823629000.0,232690000.0,220041000.0,324094000.0,9.334,128.05903049257228,-18.90476190476191,,,
MASTERTR,INR,2026-Q1,2026-06-30,5939800000.0,6.977163028600245,-17.064392890759095,4707700000.0,1828500000.0,1336100000.0,1870500000.0,10.8278,2.1490566037735874,-3.3081155433287504,,,
BOROSCI,INR,2026-Q1,2026-06-30,4781174000.0,11.311966683522332,-25.43600661317733,2111416000.0000002,465271000.0,431487000.0,657770000.0,4.851,144.96288441145282,-83.93645189761695,,,
TEMBO,INR,2026-Q1,2026-06-30,11444140000.0,34.565099244662086,-12.605063149174498,2482108000.0,1559145000.0,1023596000.0,1646473000.0,57.3752,30.288325071360276,-0.06960668775542246,,,
RIIL,INR,2026-Q1,2026-06-30,416000000.0,-16.036774278188737,2.491103202846975,171700000.0,-103200000.0,121300000.0,-89400000.0,8.0331,-0.2656899869638294,-11.798912024010507,,,
ANAWIL,INR,,,,,,,,,,,,,,,
GRPLTD,INR,2026-Q1,2026-06-30,5684118000.0,3.724894589300645,8.521334301160909,1922943000.0,278119000.0,56706000.0,472108000.0,10.6324,-79.80811595083637,,7.9,2026-07-23,2026-11-12
CENTRUM,INR,2026-Q1,2026-06-30,42333882000.0,6.440802880783831,-24.941243090159503,22152051000.0,4819656000.0,-2167431000.0,6367505000.0,-4.795,-74.58583651920625,-771.6896551724137,,,
BPLPHARMA,INR,2026-Q1,2026-06-30,3231683000.0,-11.185780635941407,-5.90943721222962,547212000.0,-237600000.0,-154035000.0,105729000.0,-22.3646,-141.61228987511345,,,,
INDPRUD,INR,2026-Q1,2026-06-30,61703000.0,-30.97712400022373,461.7712505562973,,52907000.0,608928000.0,52907000.0,363.3569,-3.1566056015383723,-37.58520931123671,,,
FRESHARA,INR,2025-H2,2026-03-31,3422854000.0,36.56700666904728,,613529000.0,467089000.0,375096000.0,502985000.0,15.9621,10.365069487658166,,,,
SHRIAHIMSA,INR,2025-H2,2026-03-31,1233205000.0,,,525327000.0,339719000.0,291071000.0,358454000.0,12.476,,,,,
JARO,INR,2026-Q1,2026-06-30,2839540000.0,,-2.797088467076267,637799000.0,637799000.0,565523000.0,732941000.0,25.6918,,-47.901740020470825,5.11,2026-08-08,2026-12-02
BIRLANU,INR,2026-Q1,2026-06-30,38521400000.0,8.178831194360976,16.224644352707077,9114700000.0,-1097100000.0,-1088400000.0,428200000.0,-144.3329,-132.3654986106326,,,2026-08-06,
FINKURVE,INR,2026-Q1,2026-06-30,2445553000.0,60.26082859376546,11.303283236790572,987072000.0,565597000.0,293812000.0,603623000.0,2.0627,46.69653651945097,5.357142857142842,,,
BUTTERFLY,INR,2026-Q1,2026-06-30,9696189000.0,11.42948160213992,-1.9692531936251363,2273216000.0,577950000.0,480917000.0,824962000.0,26.8976,31.944764661156217,-22.31252539776812,,2024-05-14,2026-11-14
JPOLYINVST,INR,2026-Q1,2026-06-30,10370500000.0,3151.9598620257134,-81.32797631634595,10357200000.0,10352900000.0,8086400000.0,10352900000.0,769.2594,167.19534285163505,-60.49474253835092,,,
AFSL,INR,2026-Q1,2026-06-30,257517856000.0,427.44853821270715,-57.36283239166393,3812312999.99992,1659573000.0,1283249000.0,1685278000.0,25.3101,16.55100640544484,,,,
TAC,INR,2026-Q1,2026-06-30,572700000.0,392.9462295251293,,282000000.0,282000000.0,225100000.0,308200000.0,10.6927,252.94098230789547,,,,
HITECHGEAR,INR,2026-Q1,2026-06-30,9305660000.0,5.520227150056017,3.967316659230682,2139000000.0,330140000.0,197390000.0,1012820000.0,10.4818,-38.636895841139015,-41.25754060324825,,,
FEDDERSHOL,INR,2026-Q1,2026-06-30,4325369000.0,9.875699905654674,-54.361243720535036,935652000.0,755161000.0,856604000.0,796364000.0,4.2536,-65.55315306560416,-54.42124915139171,,,
WAAREEINDO,INR,2026-Q1,2026-06-30,5535342000.0,7.015552546029795,-17.734792800858738,2308563000.0,2176141000.0,1664258000.0,2545207000.0,40.0027,-5.736712129923746,-12.809311540366524,,,
MUNJALAU,INR,2026-Q1,2026-06-30,25031538000.0,22.256106361259103,13.80137213221323,3831396000.0,620063000.0,502113000.0,1311382000.0,5.0211,23.98390043952786,,,,
REMUS,INR,2025-H2,2026-03-31,8536299999.999999,37.58583702228034,,958400000.0,539200000.0,369900000.0,566800000.0,31.3951,23.233056735305897,,,,
ONEGLOBAL,INR,2026-Q1,2026-06-30,5128406000.0,161.55888587183813,-23.194908616968487,1091065000.0,978124000.0,739328000.0,985294000.0,37.8308,101.90748637700344,-21.412917364960688,,,
SSEGL,INR,2026-Q1,2026-06-30,8662610000.0,,-26.161490486170276,1390361000.0,1284560000.0,933634000.0,1298577000.0,37.0664,,-32.483552631578945,,,
JYOTIRES,INR,2026-Q1,2026-06-30,3273400000.0,12.856404068264094,-5.627286421347106,1801300000.0,750000000.0,643600000.0,769700000.0,53.6333,-11.239884153909804,-41.48374797559357,9.8,2026-08-11,2026-11-11
MVGJL,INR,2026-Q1,2026-06-30,29090000000.0,21.51739256843238,-5.375959282675256,3043500000.0,1865800000.0,1219600000.0,1962800000.0,24.9675,20.151009860395284,-2.095439643358948,,,
CREST,INR,2026-Q1,2026-06-30,1271467000.0,-33.16640708733062,-5.519311349688466,991717000.0,374002000.0,344492000.0,431463000.0,12.12,-46.678398592168946,35.71428571428573,,,
UNITEDPOLY,INR,2026-Q1,2026-06-30,7121962000.0,16.62522589912601,4.546823228506656,551472000.0,362967000.0,273131000.0,483371000.0,1.19,37.604070305272884,10.76422764227643,,,
RMDRIP,INR,2026-Q1,2026-06-30,2072909999.9999998,312.36184383280414,-33.87832948610907,779741000.0,491717000.0,350969000.0,527126999.99999994,0.8193,466.59751037344404,-46.80668666952422,,,
5PAISA,INR,2026-Q1,2026-06-30,3304997000.0,-1.4420487666974617,3.392703599066454,2878644000.0,592420000.0,442059000.0,681748000.0,13.0331,-31.450556733131013,-25.138924879790387,,2022-07-11,
SALZERELEC,INR,2026-Q1,2026-06-30,18152772000.0,20.813523883848514,5.034935655501472,3005466000.0,1084628000.0,436996000.0,1366001000.0,24.7131,-37.15021782309154,-21.696001102194057,,2022-05-22,
DHAMPURSUG,INR,2026-Q1,2026-06-30,19986400000.0,1.2707999756784694,12.63018444920004,3107800000.0,1203900000.0,702800000.0,1817500000.0,10.9289,38.760300148550684,-86.78793343947699,-2.1,2024-11-12,2026-11-05
AWHCL,INR,2026-Q1,2026-06-30,10668472000.0,11.831812730463396,-8.670201244159147,5975750000.0,1061290000.0,584299000.0,1935593000.0,20.5944,-31.759622521471748,-97.64962484732159,0.3,2026-08-10,2026-11-06
RSWM,INR,2026-Q1,2026-06-30,45450600000.0,-5.078494558532067,1.68832533538828,6035000000.0,1465700000.0,633000000.0,3005400000.0,13.4272,,-42.097571160136404,,,
SEKURITIND,INR,2026-Q1,2026-06-30,2489227000.0,16.670830312151548,-8.197541009609067,948273000.0,463746000.0,444263000.0,496098000.0,4.8763,13.671966059023733,-28.757034669631064,,,
CONSOFINVT,INR,2026-Q1,2026-06-30,627200000.0,-8.704512372634643,5.05464480874317,623500000.0,620900000.0,544400000.0,621100000.0,16.8411,-44.43073268110801,-5.5985915492957785,,,
TEJASCARGO,INR,2025-H2,2026-03-31,6287188000.0,,,488496000.000001,375088000.0,209303000.0,1094157000.0,8.7601,,,,,
BCLIND,INR,2026-Q1,2026-06-30,26489288000.0,-10.853274545842604,2.5438549165799285,6225871000.0,1958616000.0,1166000000.0,2495728000.0,3.9507,13.239509286860812,38.32911392405063,,2024-10-29,2026-11-17
SYSTMTXC,INR,2026-Q1,2026-06-30,1606088000.0,-3.1755007650283766,169.70379320445227,1216796000.0,58381000.0,-15018000.0,118413000.0,-0.11,-102.69991654803398,58.4993052339046,,,
SHREDIGCEM,INR,2026-Q1,2026-06-30,8904203000.0,19.630623344099483,61.78093323023376,2731562000.0,412833000.0,180084000.0,759444000.0,1.2177,-35.004003202562046,-14.147431124348476,,2023-07-27,2026-11-18
MADRASFERT,INR,2025-Q4,2026-03-31,13950900000.0,-28.343006831372954,791.1674738720367,-7769700000.0,-8089200000.0,804200000.0,-7953800000.0,4.9919,25.16674188857129,729.0920716112531,,,
DVL,INR,2026-Q1,2026-06-30,4561297000.0,-23.388242968922945,226.3850602898649,902634000.0,-824769000.0,1940013000.0,-562881000.0,55.3898,33.38486693974662,615.6276514661259,,,
SRM,INR,2026-Q1,2026-06-30,10794386700.0,75.33066529707688,-55.96996224528918,3235024700.0,1617005900.0,1179840700.0,1860511200.0,51.4222,86.76162942731789,-63.573400740517684,,,
PRIMESECU,INR,2026-Q1,2026-06-30,1256100000.0,21.856810244470314,-6.3352826510721245,1072599999.9999999,21000000.0,84300000.0,191500000.0,2.1353,-80.08171413113439,,,,
MAMATA,INR,2026-Q1,2026-06-30,2306141000.0,-13.279985860914264,-50.81367284954984,701408000.0,95780000.0,89393000.0,141329000.0,3.6327,-79.29873149382843,-40340.0,,,
VIESL,INR,2025-H2,2026-03-31,6069128000.0,36.91783230863322,,1530764000.0,1070423000.0,660141000.0,1563843000.0,26.7888,93.8969310943833,,,,
DAMCAPITAL,INR,2026-Q1,2026-06-30,2362300000.0,,2.3915271609156132,2039800000.0,974700000.0,726100000.0,1119400000.0,10.2722,,-40.11299435028249,,,
UTTAMSUGAR,INR,2026-Q1,2026-06-30,21792500000.0,7.832416277412715,28.987449478834293,3391800000.0,1555500000.0,869600000.0,2049800000.0000002,22.8013,-10.415209687178319,-97.75391237124173,,,
ARIS,INR,2026-Q1,2026-06-30,11461910000.0,,-15.304187769580931,1465940000.0,1077740000.0,662860000.0,1130640000.0,8.1289,,-14.909315746084104,,,
CONTROLPR,INR,2026-Q1,2026-06-30,4862337000.0,10.891090237927232,-17.378292255874925,1429957000.0,663346000.0,389565000.0,853247000.0,24.3566,-59.82277324245459,-64.96805271659115,10.5,2024-10-25,2026-11-14
ARIHANT,INR,2026-Q1,2026-06-30,4719800000.0,88.55818784706963,-9.057651920601586,1314700000.0,974400000.0,683700000.0,988400000.0,68.6058,35.92035661218425,461.5382828470545,,,
HEALTHX,INR,2026-Q1,2026-06-30,14603197000.0,32.14620532038077,19.327798242498957,17916000.0000002,-812394000.0,-201954000.0,-739166000.0,-6.3487,79.55218160092501,,,2025-05-30,
NAHARSPING,INR,2026-Q1,2026-06-30,33647408000.000004,2.490997231372422,5.375590426219423,4193216000.0000005,1339662000.0,757342000.0,2266553000.0,20.9992,249.4043261231281,198.40135530571382,,,
LGHL,INR,2026-Q1,2026-06-30,1131093000.0,12.387323831705126,40.553273919017336,198947000.0,156110000.0,18638000.0,157789000.0,0.3721,-82.31463878326996,,,,
ARIHANTSUP,INR,2026-Q1,2026-06-30,5610767000.0,4.6573035122554485,-27.21440957098174,1731624000.0,1137247000.0,247235000.0,1166555000.0,6.7085,-40.74862437180382,-49.57454545454546,,2025-02-03,2026-10-23
RAJOOENG,INR,2026-Q1,2026-06-30,3823168000.0,32.81603477313531,54.99308579906249,1218028000.0,561230000.0,477809000.0,638475000.0,2.7452,-5.533379215416382,850.984682713348,,,
WEL,INR,2026-Q1,2026-06-30,7335664000.0,-10.308677727228321,-7.39997414953148,312507000.000001,241616000.0,119775000.0,323754000.0,0.8938,-24.662845583277132,-44.73046073493751,,,
PDMJEPAPER,INR,2026-Q1,2026-06-30,8143500000.0,1.4526282191914959,1.1817501869857892,1878600000.0,1087200000.0,910700000.0,1257500000.0,9.5914,-12.79276985743381,70.99041841205641,,,
NRL,INR,2026-Q1,2026-06-30,2442986000.0,40.6511095553488,38.4258540406534,284597000.0,170572000.0,171549000.0,222150000.0,2.4837,26.159394524305373,133.57409713574094,,,
EXCELSOFT,INR,2026-Q1,2026-06-30,,,-1.1076612207683398,,,,,,,-44.408236843929835,,,
SVLL,INR,2026-Q1,2026-06-30,2389895000.0,47.406093875285265,3.678528652588565,334406000.0,231845000.0,71593000.0,611939000.0,6.2289,116.38643785173348,-18.813359754171334,,,
WCIL,INR,2026-Q1,2026-06-30,18782950000.0,9.27759538616116,-6.221505862227565,1231750000.0,536500000.0,367240000.0,828550000.0,3.602,-35.587704082545024,5.246913580246911,,,
ASTAR,INR,2026-Q1,2026-06-30,28037671000.0,-3.7531593487131443,-14.43272130709779,1136708000.0,457352000.0,331336000.0,554850000.0,20.6997,-24.80055510346431,,,,
KRYSTAL,INR,2026-Q1,2026-06-30,13149040000.0,2.8302676206466972,-1.1585529596808226,1205880000.0,729930000.0,613670000.0,849790000.0,43.9223,37.812745128800486,-7.63939335537337,10.0,2025-11-07,2026-10-28
SAHANA,INR,2025-H2,2026-03-31,3311503000.0,97.75987798199709,,1063597000.0,930560000.0,678705000.0,997484000.0,64.0014,62.06291448582867,,,,
DHARMAJ,INR,2026-Q1,2026-06-30,11529570000.0,8.447765826862753,63.56259544270444,1911440000.0,878230000.0,601680000.0,1071490000.0,17.8026,14.956348796363276,860.395196320586,,,
SGIL,INR,2026-Q1,2026-06-30,3580100000.0,-2.4672906769507224,-36.86847939406617,1647657000.0,70020000.0,-88304000.0,327645000.0,-5.6845,-148.8409458019727,-2581.998474446987,0.3,2026-05-19,2026-12-02
UNIECOM,INR,2026-Q1,2026-06-30,,,-0.4997288293174131,,,,,,,28.883013879709203,0.39,2026-08-13,2026-11-10
NELCAST,INR,2026-Q1,2026-06-30,13375911000.0,4.2188014119185935,-7.369743046815206,4870928000.0,706250000.0,410646000.0,980216000.0,4.72,-1.8568190796997608,-66.36089111731526,,,
INDOAMIN,INR,2026-Q1,2026-06-30,12467159000.0,13.226754231690391,17.95752663440658,3371469000.0,1215242000.0,812396000.0,1442572000.0,11.1919,22.219674136198847,49.9769919648862,,,
LIKHITHA,INR,2026-Q1,2026-06-30,4193874000.0,-18.953255842536556,-29.523625661608012,562668000.0,412460000.0,326736000.0,484613000.0,8.2823,-50.56523815208309,59.382524939800476,,,
VADILENT,INR,2026-Q1,2026-06-30,14042500000.0,25.07236695613449,141.5668234405575,2443800000.0,211000000.0,136500000.0,423800000.0,158.6145,,,,,
ESTER,INR,2026-Q1,2026-06-30,14691475000.0,10.114735679963303,25.69270884080501,3624958000.0,526607999.99999994,-16978000.0,1236073000.0,-0.2418,-109.92977701121104,128.03321353327553,-2.65,2023-08-10,2026-11-05
ANUHPHR,INR,2026-Q1,2026-06-30,7789884000.0,9.703388040321876,-4.109892676130483,1449859000.0,535506999.99999994,441698000.0,648507000.0,5.5726,21.03559870550163,-51.10033889580027,,,
AMBIKCO,INR,2026-Q1,2026-06-30,8406600000.0,22.7312543798178,19.873582450269566,2259900000.0,1094100000.0,813400000.0,1303300000.0,142.0786,35.27352980940791,4.769506525513914,,,
BSHSL,INR,2026-Q1,2026-06-30,3833266000.0,8.002202156625854,174.84072885366925,740386000.0,357485000.0,286918000.0,374146000.0,2.7342,4.13619744058501,224.19124643196957,,,
WEALTH,INR,2026-Q1,2026-06-30,651843000.0,0.25592952094730836,1.7631323609033842,646177000.0,439331000.0,362010000.0,444593000.0,33.9755,1.7727214179374944,-1.8425290965630992,,,
MUKKA,INR,2026-Q1,2026-06-30,17683340000.0,76.0077476557469,28.652841164368986,2791240000.0,1298780000.0,691260000.0,1480050000.0,2.3043,59.125750984048075,-8.38183934807916,,,
AMNPLST,INR,2026-Q1,2026-06-30,5812651000.0,-12.399308918204405,-2.975168363190083,1137638000.0,560337000.0,385650000.0,617242000.0,7.0093,-3.041830354672716,-38.34354728882199,,,
ARIHANTCAP,INR,2026-Q1,2026-06-30,2336567000.0,3.4092427907701324,58.8438814615214,1285993000.0,535008000.00000006,402494000.0,570638000.0,3.6759,-23.577962577962573,4208.791208791209,,,
ZUARI,INR,2026-Q1,2026-06-30,25688700000.0,-43.97828803464842,228.40975818075054,6036700000.0,1879000000.0,9393200000.0,2269900000.0,223.3368,268.94988031341535,,,,
AMAL,INR,2026-Q1,2026-06-30,2888717000.0,78.18684372364947,27.468707087778597,477827099.999999,318045100.0,297070000.0,411236100.0,24.0296,-22.331829288789486,778.9254856103423,,,
MCCHRLS_B,INR,2026-Q1,2026-06-30,1207350000.0,305.2189964759188,0.6589219911310974,785400000.0,700390000.0,-1147630000.0,910290000.0,-87.5983,-10.543617622710835,-26.584884545400183,,,
SRHHYPOLTD,INR,2026-Q1,2026-06-30,6976487000.0,7.422059772754149,29.304054451658473,2900062000.0,831621000.0,920475000.0,904090000.0,53.6257,0.8574416303992111,24.396672714202577,,,
MAFATIND,INR,2026-Q1,2026-06-30,35734400000.0,-0.6237711596915351,6.670815887744709,3274400000.0,553000000.0,589500000.0,723500000.0,8.1253,-48.22011215906195,-18.261812921890062,,,
PREMIERPOL,INR,2026-Q1,2026-06-30,3217700000.0,19.333184987390595,8.583425960232184,818800000.0,474700000.0,349500000.0,521700000.00000006,3.3368,33.809199181938496,5.822753906249996,,,
SUDARCOLOR,INR,2026-Q1,2026-06-30,7923000000.0,-8.128478664192949,5.348176219801042,2180400000.0,393500000.0,477900000.0,591100000.0,20.7046,-24.57395574531333,54.82965017289499,,,
SALASAR,INR,2026-Q1,2026-06-30,14981390000.0,4.026074375769534,-33.534659087714566,1931452000.0,782463000.0,136936000.0,1043166999.9999999,0.0798,-44.58333333333333,,,,
GANESHBE,INR,2026-Q1,2026-06-30,4332960000.0,13.308438196253178,5.405041715259711,2539240000.0,671530000.0,727850000.0,914700000.0,10.1105,83.54028246741457,14.958813838550252,,,
RITCO,INR,2026-Q1,2026-06-30,15099783000.0,16.890583732095937,-6.818468929340796,905645000.0,613129000.0,318579000.0,951055000.0,11.2088,-27.20660341210928,-1.6702095353780706,,,
QUICKHEAL,INR,2026-Q1,2026-06-30,2487800000.0,-6.638646001426052,-7.674943566591422,476600000.0,-520000000.0,-107000000.0,-372100000.0,-2.0492,-140.68592905802205,73.5221306346745,,,
VINSYS,INR,2025-H2,2026-03-31,2683699000.0,26.779086285112026,,615871000.0,370195000.0,297431000.0,425342000.0,20.2638,-0.9642687832032417,,,,
RADHIKAJWE,INR,2026-Q1,2026-06-30,6925356000.0,16.74806018529367,-21.11091056623816,1404676000.0,1074134000.0,794381000.0,1092578000.0,6.732,26.79876440895051,203.3202819107283,,2023-05-29,2026-11-18
VELJAN,INR,2026-Q1,2026-06-30,1649329000.0,2.175678614107591,-5.293517945679357,558227000.0,334267000.0,261812000.0,399856000.0,58.1804,0.8297863490787079,13.04128902316214,,,
GAUDIUMIVF,INR,2026-Q1,2026-06-30,,,-36.15849178448228,,,,,,,-78.74934680369275,,,
SGRL,INR,2026-Q1,2026-06-30,989779000.0,-8.763095188713594,-56.74190642876723,416178000.0,205810000.0,154348000.0,310750000.0,12.0231,-29.383883472336432,-82.13042231597917,,,
TANKUP,INR,2025-H2,2026-03-31,572538000.0,,,100931000.0,70033000.0,47776000.0,72217000.0,9.0487,,,,,
HEXATRADEX,INR,2026-Q1,2026-06-30,45835000.0,0.4845003726925944,-100.0,30058000.0,27235000.0,-68864000.0,27333000.0,-1.2465,70.36235674544676,,,,
TIRUPATIFL,INR,2026-Q1,2026-06-30,1682786000.0,42.343596684148196,-9.0884579685662,666458000.0,84050000.0,61039000.0,165498000.0,0.4829,-21.056073238515616,-25.124792013311154,,,
SEPC,INR,2026-Q1,2026-06-30,11260224000.0,80.42110987539174,-0.010736525660296328,1162972000.0,616450000.0,259403000.00000003,665879000.0,0.1337,-31.36550308008213,-180.48090523338047,,,
REGAAL,INR,2026-Q1,2026-06-30,10897500000.0,,-17.357976844583987,2673210000.0,1156120000.0,598210000.0,1330820000.0,5.7866,,-19.860843635460018,,,
BAHETI,INR,2025-H2,2026-03-31,7248597000.0,38.25105834980588,,872275000.0,579385000.0,270621000.0,609715000.0,26.0781,50.13558092540457,,,,
ECORECO,INR,2026-Q1,2026-06-30,551300000.0,31.889952153110045,-13.003761418592156,343100000.0,308800000.0,240200000.0,327300000.0,12.4477,5.258840839520372,13.333669659973776,,,
MICEL,INR,2026-Q1,2026-06-30,2226308000.0,132.7284207181177,-13.929351175019539,411034000.0,216731000.0,-121686000.0,254020000.0,-0.5049,-227.62891809909001,,,,
EFFWA,INR,2025-H2,2026-03-31,2532938000.0,36.82733242833135,,554394000.0,418570000.0,286182000.0,421045000.0,12.3623,42.27529059730693,,,,
SADHNANIQ,INR,2026-Q1,2026-06-30,487900000.0,-69.0320533164075,198.79253567508232,-375600000.0,-672800000.0,-848600000.0,-526700000.00000006,-1.1958,-3082.044887780549,99.75641025641025,,,
SWELECTES,INR,2026-Q1,2026-06-30,6106706000.0,-10.858633115473625,-35.39422623267487,1726658000.0,882012000.0,416974000.0,1381114000.0,27.5071,55.28364410272045,-30.742485252819424,,,
ROHLTD,INR,2026-Q1,2026-06-30,4125990000.0,26.864928188619025,-5.26481350085402,1996694000.0,521373000.00000006,276638000.0,941439000.0,10.087,-43.97698429889309,-19.227450032793676,,2026-08-11,2026-11-12
KANORICHEM,INR,2026-Q1,2026-06-30,12404200000.0,-22.780696730496278,51.24347054765268,2212900000.0,629500000.0,573100000.0,987100000.0,13.1164,,-16.634424054830856,,,
GEMAROMA,INR,2026-Q1,2026-06-30,3776890000.0,,-10.47087699595149,316730000.0,-8210000.000000001,-144350000.0,290750000.0,-2.7634,,-878.2137325761486,,,
SAHASRA,INR,2025-H2,2026-03-31,1387677000.0,44.77967604788857,,208555000.0,87370000.0,141885000.0,181576000.0,5.677,2409.7259062776297,,,,
BORANA,INR,2026-Q1,2026-06-30,4084358000.0,,0.10622245165389349,1218689000.0,791874000.0,688871000.0,1002051000.0,25.8534,,-4.228863425209048,,,
HIMATSEIDE,INR,2026-Q1,2026-06-30,24794603000.0,-8.157010428930112,0.6621345950420267,6806268000.0,1769516000.0,560524000.0,3321704000.0,4.3578,-23.2308640887871,253.16117542297417,,2025-11-12,2026-11-06
IFBAGRO,INR,2026-Q1,2026-06-30,15092300000.0,38.87299060518785,8.027392048696976,3432100000.0,696900000.0,596500000.0,1097700000.0,63.6802,91.30824022807906,118.81672777083922,,,
SURAJEST,INR,2026-Q1,2026-06-30,5681057000.0,3.690115498057997,46.50246714356002,2410748000.0,2167952000.0,918261000.0,2214339000.0,19.5974,1.1729357466623982,112.26711415171464,,2026-01-28,2026-10-27
BEEKAY,INR,2026-Q1,2026-06-30,12669114000.0,13.808240634215846,10.657269716393426,2715413000.0,728162000.0,434485000.0,1175456000.0,22.7812,-51.32763026330408,,,,
CIFL,INR,2026-Q1,2026-06-30,5360693000.0,-11.201243816984906,0.5127719873374957,1980386000.0,-404605000.0,384696000.0,-94191000.0,0.9576,11722.222222222223,-1989.9999999999998,,,
ORICONENT,INR,2026-Q1,2026-06-30,495171000.0,-72.40194089478237,-52.74023456749565,-254296000.0,-603286000.0,275107700.0,-575053000.0,1.7518,-80.90993298098404,,,,
ORIRAIL,INR,2026-Q1,2026-06-30,5930249000.0,-0.6761276638364738,-10.356962511931872,1296060000.0,819748000.0,471139000.0,917194000.0,7.1707,55.40505396385071,-9.503105590062107,,,
RNFI,INR,2026-Q1,2026-06-30,9889146000.0,,12.773267452077528,727425000.000001,397984000.0,283802000.0,568154000.0,11.3504,,-40.13157894736842,,,
SWARAJ,INR,,,,,,,,,,,,,,,
PROZONER,INR,2026-Q1,2026-06-30,1722290000.0,-6.78660052985222,-71.00606798424988,840006000.0,349655000.0,113201000.0,529571000.0,0.7418,,-79.54597569364824,,,
KECL,INR,2026-Q1,2026-06-30,5609500000.0,3.38377043439798,-36.510362535917345,912300000.0,240100000.0,74600000.0,282900000.0,1.1232,234.4848123883264,-850.368809272919,,,
DECCANCE,INR,2026-Q1,2026-06-30,7043931000.0,39.377799851202255,2.545996193418464,2555981000.0,211389000.0,58400000.0,655961000.0,4.17,-70.88334485431199,-256.5192878338279,,2024-05-28,2026-11-17
UPHOT,INR,2026-Q1,2026-06-30,1628437000.0,1.4522847427553973,-41.03995021975771,843640000.0,351180000.0,316807000.0,408577000.0,58.668,-6.0187232079352535,-81.20681748126096,,,
HEXAGON,INR,2026-Q1,2026-06-30,,,-9.331455741865943,,,,,,,-25.842696629213478,,,
NDTV,INR,2026-Q1,2026-06-30,5378700000.0,12.346478402539894,-20.7691267910246,496300000.0,-3077400000.0,-3338400000.0,-2706100000.0,-37.5329,-27.13277285875904,16.55807839112537,,,
WELINV,INR,2026-Q1,2026-06-30,53158000.0,2.431786650223524,-2.5925925925925926,,41103000.0,30842000.0,41103000.0,8.4395,-11.29481506395769,-13.236929922135715,,,
PRECOT,INR,2026-Q1,2026-06-30,9249156000.0,-1.312850911509668,-4.62664542881672,3225372000.0,1058137000.0,511534000.0,1358969000.0,42.6278,47.05782917228697,126.62380801504483,,,
MAXIND,INR,2026-Q1,2026-06-30,2136300000.0000002,37.206165703275545,-8.974554319670883,166300000.0,-1197400000.0,-1324900000.0,-930400000.0,-25.2727,16.45526520222806,-88.14496147248619,,,
STERTOOLS,INR,2026-Q1,2026-06-30,8497980000.0,-9.277521547440024,-3.5600179480803016,3713918000.0,369076000.0,261978000.0,768045000.0,7.1797,-46.53983618763961,265.63071297989035,,2025-05-13,2026-11-17
KOTHARIPET,INR,2026-Q1,2026-06-30,5772213000.0,-7.710789205118952,-4.15699538133431,1415389000.0,875975000.0,719383000.0,961227000.0,12.2248,12.346870318803825,-4.366653444400367,,,
NCLIND,INR,2026-Q1,2026-06-30,14313393000.0,2.7444350266426167,-14.00344066110739,6020141000.0,1172411000.0,925010000.0,1759684000.0,20.45,182.86488879052786,-58.59059317924681,,2025-02-12,
ARYAMAN,INR,2026-Q1,2026-06-30,753246000.0,-44.62729357798165,76.40047475147097,548629000.0,479660000.0,296625000.0,482123000.0,24.2203,-23.710784931334256,120.9999198782149,,,
WANBURY,INR,2026-Q1,2026-06-30,6526678000.0,3.6268158212786656,0.6105897121496963,2314728000.0,838463000.0,558871000.0,985530000.0,16.2676,28.903328050713174,-85.05843340523485,6.2,2026-05-29,2026-11-12
PRADPME,INR,2026-Q1,2026-06-30,3542050000.0,11.423482529220726,3.0158316595813917,637282000.0,475139000.0,331252000.0,574614000.0,19.1808,28.636961128846217,-19.050408354532067,,,
PARIN,INR,2025-H2,2026-03-31,2476572000.0,48.671004504123225,,318697000.0,166220000.0,62915000.0,214711000.0,5.6342,-0.41360294117647994,,,,
OMINFRAL,INR,2026-Q1,2026-06-30,5200809000.0,-19.680399336354427,-22.3217269264185,2609438000.0,343230000.0,329971000.0,391097000.0,3.3889,45.43386833748176,77.34864300626306,,,
VILAS,INR,2025-H2,2026-03-31,4606703000.0,30.48257589833996,,618871000.0,471816000.0,395644000.0,514681000.00000006,16.1619,15.78453426561402,,,,
STANLEY,INR,2026-Q1,2026-06-30,4099500000.0,-5.584983878397052,-2.021696252465483,1157200000.0,148700000.0,46800000.0,701200000.0,0.8195,-85.85679029390954,,,,
CHEMCON,INR,2026-Q1,2026-06-30,2529477000.0,17.432542410966104,-11.846590570087919,582787000.0,252472000.0,281740000.0,378261000.0,7.6914,10.616694471610193,72.06922325073305,3.1,2023-02-03,2026-11-06
SANDESH,INR,2026-Q1,2026-06-30,8240929000.0,175.74740369921625,117.16385404545852,1784424000.0,586146000.0,1072914000.0,655982000.0,141.7432,26.71142379517803,,,,
GEECEE,INR,2026-Q1,2026-06-30,1052275000.0000001,-6.316883126132885,12.53922915829078,739742000.0,578809000.0,462948000.0,600632000.0,22.1382,17.82093380948073,-67.97313721489341,,,
FAIRCHEMOR,INR,2026-Q1,2026-06-30,5047308000.0,0.13840358135138717,50.64406936210536,501369000.0,232336000.0,143807000.0,342614000.0,11.3185,58.542393298875204,178.9473684210526,,,
SUYOG,INR,2026-Q1,2026-06-30,2382275000.0,11.480146938393517,26.659050135223183,1195363000.0,1005329000.0,602162000.0,1651115000.0,49.37,32.74788388526193,0.33783783783784566,,,
HALDYNGL,INR,2026-Q1,2026-06-30,4873393000.0,18.929670474484528,28.129541400014595,2601913000.0,375928000.0,296378000.0,678215000.0,5.4598,53.90556730091616,38.25562582732755,,,
SUPREMEINF,INR,2026-Q1,2026-06-30,811378000.0,69.6556194458965,73.67594965872765,114942000.0,-23874000.0,61372478000.0,24715000.0,982.6473,,17.80376344086022,,,
ZUARIIND,INR,2026-Q1,2026-06-30,10992970000.0,9.701641257988767,10.005794214742838,1429228000.0,289448000.0,1085094000.0,596289000.0,36.4356,,,,,
KOKUYOCMLN,INR,2026-Q1,2026-06-30,8077569000.0,6.213506061120074,1.3040658902033275,1759807000.0,320480000.0,220312000.0,541048000.0,2.1964,,153.0945757997218,0.7,2026-08-06,2026-11-04
ISTLTD,INR,2026-Q1,2026-06-30,1316591000.0,13.848129396555825,1.3774809038320175,1000117000.0,633969000.0,1642576000.0,693253000.0,140.8231,2.9614849757919344,,,,
DWARKESH,INR,2026-Q1,2026-06-30,13546054000.0,-4.812868720421908,-15.818069203656105,1233556000.0,249415000.0,144908000.0,572507000.0,0.782,-38.80106432931601,-144.81957265509004,,2025-10-31,2026-11-14
VISAKAIND,INR,2026-Q1,2026-06-30,17623995000.0,10.762332148574915,22.995108301879554,6393913000.0,1136054000.0,858996000.0,1796139000.0,9.9415,119.29940661328394,31.643383067389273,,2023-08-09,
PROSTARM,INR,2026-Q1,2026-06-30,4069012000.0,,-27.19371811957171,763469999.999999,455205000.0,357044000.0,488855000.0,6.0369,,-43.28358208955224,,,
SARLAPOLY,INR,2026-Q1,2026-06-30,4121028000.0000005,-1.5791648257167537,10.466837799563834,1755239000.0,349144000.0,19370000.0,597852000.0,0.4578,-94.38819289514329,,,,
LOKESHMACH,INR,2026-Q1,2026-06-30,2159746000.0,0.9967116092538945,-6.56895201031058,235450000.0,235450000.0,44161000.0,392451000.0,2.1933,5509.462915601022,-54.507473772166,,,
DENTA,INR,2026-Q1,2026-06-30,2417650000.0,9.360298907143374,6.060167775527915,702150000.0,644280000.0,535179999.99999994,649580000.0,20.0442,-14.510543196396892,22.590855803048076,5.1,2025-05-28,2026-12-02
SICALLOG,INR,2026-Q1,2026-06-30,4207200000.0,51.670932621940224,26.062565370352765,731500000.0,407100000.0,698700000.0,803300000.0,8.5849,,,,,
TVSELECT,INR,2026-Q1,2026-06-30,4645000000.0,11.68281599384481,-9.65323336457356,1229100000.0,699999.999999999,-18100000.0,159000000.0,-0.9705,70.27929197035586,-332.28191872259674,,,
DBOL,INR,2026-Q1,2026-06-30,21166200000.0,10.236605957074483,-1.2618121178432462,3618200000.0,810100000.0,839700000.0,1384200000.0,12.6653,,-20.22612164081668,,2023-10-09,2026-10-16
ELDEHSG,INR,2026-Q1,2026-06-30,1853088000.0,38.86155418640585,-18.364029885260166,933805000.0,439967000.0,362562000.0,449572000.0,36.872,117.76775062308793,211.67329384078553,,,
SCODATUBES,INR,2026-Q1,2026-06-30,5455780000.0,,0.627989220597399,1545260000.0,662570000.0,370100000.0,780330000.0,6.1777,,-16.9226393629124,,,
SEJALLTD,INR,2026-Q1,2026-06-30,4373030000.0,63.22593143214189,2.9651983986339854,1154270000.0,487400000.0,315114000.0,661285000.0,28.43,105.80421453442497,-36.97916666666667,,,
MERCURYEV,INR,2026-Q1,2026-06-30,1128910000.0,4.212207370208995,65.1762389170361,123289000.0,20324000.0,44275000.0,63193000.0,0.2331,-49.403082266116776,874.1573033707864,,,
MEIL,INR,2026-Q1,2026-06-30,6158459000.0,,-29.86856274008396,916127999.999999,638116000.0,469605000.0,695119000.0,16.9961,,-41.003748889418596,,,
AMANTA,INR,2026-Q1,2026-06-30,2911728000.0,,-10.639276107898056,1288397000.0,407300000.0,146785000.0,595044000.0,3.7803,,-40.15162150779166,,,
CHEMBONDCH,INR,2026-Q1,2026-06-30,3472518000.0,18.395031969050045,-14.698458634046165,1018437000.0,480558000.0,382430000.0,533948999.99999994,14.2186,19.69727581910631,-18.797423377576056,,,
KARNIKA,INR,2026-Q1,2026-06-30,2889283000.0,,2.8334539088059123,822911000.0,434772000.0,338713000.0,449787000.0,5.4536,,-0.44936052540614935,,,
TRANSPEK,INR,2026-Q1,2026-06-30,6180284000.0,-5.243155129145498,1.9210554368844261,2109098000.0,423230000.0,389928000.0,894785000.0,69.8099,-29.14096106959645,35.68233326825624,,2022-05-19,2026-11-18
VLSFINANCE,INR,2026-Q1,2026-06-30,730257000.0,-4.479136690647482,,696227000.0,469103000.0,465923000.0,501647000.0,15.6942,134.30473858648594,,,,
BAFNAPH,INR,2026-Q1,2026-06-30,1425765000.0,-3.1374770966617684,-37.065244925933904,166338000.0,52775000.0,77860000.0,117608000.0,3.2913,-5.795981452859341,-97.26357456329059,,,
BAJAJST,INR,2026-Q1,2026-06-30,5370054000.0,-2.5936492786288805,3.07823149643795,1548810000.0,338237000.0,292372000.0,526018000.0,14.0564,-48.34143078698429,-111.59056248317934,,,
ZIMLAB,INR,2026-Q1,2026-06-30,3968225000.0,7.550844570467421,-10.539129542695486,1330289000.0,77150000.0,36961000.0,282017000.0,0.8251,-57.19325551232166,-198.69736842105263,,,
OCCLLTD,INR,2026-Q1,2026-06-30,6024850000.0,40.170977952475624,47.43031487501913,2200753000.0,952991000.0,748193000.0,1245026000.0,14.9787,116.25519750519749,108.03407770749966,,2026-07-30,
YOGI,INR,2026-Q1,2026-06-30,4019867000.0,97.32788585627674,-68.53818818509006,197387000.0,182025000.0,127204000.0,185666000.0,2.8391,57.68397667314636,-145.79012345679013,,,
ABINFRA,INR,2026-Q1,2026-06-30,2718956000.0,6.800962834706044,-9.151953524779914,447143000.0,338361000.0,195654000.0,390696000.0,0.3063,-14.441340782122897,-10.588235294117654,,,
LOTUSCHO,INR,2026-Q1,2026-06-30,5127940000.0,-13.25463682058961,-27.47207673376664,45763999.9999993,-404651000.0,-28645000.0,-360838000.0,-2.2307,-121.448007307341,,,,
GICHSGFIN,INR,2026-Q1,2026-06-30,10836500000.0,0.6436213686009362,-2.227106227106227,3845600000.0,2203000000.0,1574800000.0,2325400000.0,29.2436,22.2195752932867,-81.22228687225376,,2021-08-11,
ABSMARINE,INR,2025-H2,2026-03-31,3191281000.0,77.43928341080444,,1136980000.0,1136980000.0,804508000.0,1490319000.0,32.7702,183.49640549168205,,,,
20MICRONS,INR,2026-Q1,2026-06-30,9513879000.0,2.365827670091206,-6.2601675532332575,3413388000.0,1028419000.0000001,677471000.0,1237376000.0,19.1992,10.38209895707568,0.919360653767568,,,
PERMAGN,INR,2026-Q1,2026-06-30,2359200000.0,15.488545134129625,-4.974451457769762,790900000.0,215500000.0,124100000.0,369700000.0,14.4328,-26.524835692940524,-4.762520472373055,,,
JITFINFRA,INR,2026-Q1,2026-06-30,29218899000.0,24.336221897710328,-26.08122799100282,6461108000.0,4655777000.0,-424891000.0,5702364000.0,-16.5303,-234.38722003170605,69.21901136298091,,,
MAGADSUGAR,INR,2026-Q1,2026-06-30,12220334000.0,-5.702380772330408,6.834680505933695,2255349000.0,985712000.0,510670000.0,1287351000.0,36.2392,-48.019937605335826,-125.16529189474723,,,
KELLTONTEC,INR,2026-Q1,2026-06-30,12370890000.0,9.344518375584391,0.5503163187871505,5146638000.0,1194700000.0,913310000.0,1347899000.0,1.6615,-0.6220467731323622,23.52941176470587,,2025-11-12,2026-11-16
PARTH,INR,2025-H2,2026-03-31,1980044000.0,,,353792000.0,183750000.0,142379000.0,208482000.0,10.417,,,,,
ENKEIWHEL,INR,2026-Q2,2026-06-30,11285790000.0,26.103002795636932,6.678258543436099,2417560000.0,483700000.0,217830000.0,1075490000.0,12.1186,,,,,
SOLEX,INR,2026-Q1,2026-06-30,16192745000.0,342.5201225072837,-70.54606722286717,2417882000.0,1405102000.0,798202000.0,1715844000.0,73.8906,745.9238228256764,-86.21428118389291,,,
RAJPALAYAM,INR,2026-Q1,2026-06-30,10147446000.0,16.759438032884972,-2.9945571058357032,2215326000.0,608421000.0,1237832000.0,1363083000.0,134.2522,285.8575813664739,-40.71698160212255,,,
VIVIANA,INR,2026-Q1,2026-06-30,5719520000.0,143.13686481008438,-77.57051565077964,1544745000.0,801806000.0,555011000.0,808169000.0,54.8623,150.04466523859443,-83.27973824213727,,,
ATLPP.E1,INR,2026-Q1,2026-06-30,8479600000.0,12.249618922366064,3.0619111709286675,1727200000.0,1012200000.0,414700000.0,1745800000.0,1.4602,27.417102966841195,-20.689655172413783,,,
ATL,INR,2026-Q1,2026-06-30,8479600000.0,12.249618922366064,3.0619111709286675,1727200000.0,1012200000.0,414700000.0,1745800000.0,1.4602,27.417102966841195,-20.689655172413783,,,
ADVANCE,INR,2026-Q1,2026-06-30,7995490000.0,,166.71510102600118,1036240000.0,701700000.0,488880000.0,815770000.0,7.6048,,202.18852317766672,,,
SUNLITE,INR,2025-H2,2026-03-31,27910992000.0,99.83358055684788,,963587999.999997,570439000.0,410015000.0,609534000.0,35.5244,170.80858978952423,,,,
ASAL,INR,2026-Q1,2026-06-30,9707802000.0,28.3411554112474,-0.8710998413229479,1982300000.0,422910000.0,298248000.0,618374000.0,18.7998,94.62296575427557,-64.70180553729969,,,
MANAKSTEEL,INR,2026-Q1,2026-06-30,12410999000.0,80.76828347312252,-1.6799106049179304,2297000000.0,872891000.0,560785000.0,993552000.0,8.5572,283.93754486719314,17.198575546888243,,,
HTEL,INR,,,,,,,,,,,,,,,
XCHANGING,INR,2026-Q1,2026-06-30,2065699999.9999998,8.248179007493569,4.56140350877193,832600000.0,701800000.0,608000000.0,,5.4576,15.326585381315635,-6.900809438880506,,,
PVSL,INR,2026-Q1,2026-06-30,69597750000.0,25.160524461131455,7.701830713048455,3251160000.0,751720000.0,-23470000.0,2152220000.0,-0.3296,90.48910691097966,,,,
TUTIALKA,INR,2026-Q1,2026-06-30,3423337000.0,9.259318363014176,-3.273189637196415,1211724000.0,459854000.0,334677000.0,544663000.0,2.7466,-6.736842105263155,-16.02856274688545,,,
SREEL,INR,2026-Q1,2026-06-30,2579331000.0,16.691903688827743,-4.893688290558754,535534000.0,370261000.0,327960000.0,383516000.0,14.1637,56.92807126396028,-27.75396844398688,,,
JAYAGROGN,INR,2026-Q1,2026-06-30,25301685000.0,1.8582293089894688,23.187676522001617,2921166000.0,902637000.0,543247000.0,1124449000.0,18.1082,-2.1812878133102873,13.446205001187531,,,
AXTEL,INR,2026-Q1,2026-06-30,2288543000.0,42.06955162487638,-54.21665577970264,817302000.0,367478000.0,312209000.0,417027000.0,19.3261,97.47108350022481,-82.46700625144709,,,
SHALPAINTS,INR,2026-Q1,2026-06-30,5587900000.0,-10.477578942309233,-11.678317193612518,939299999.999999,-470300000.0,-694400000.0,-269400000.0,-8.2952,0.5013793930670539,-187.68690530131397,,,
BAJAJINDEF,INR,2026-Q1,2026-06-30,2024521000.0,,-49.34995649720172,533522000.00000006,120383000.0,234781000.0,185715000.0,7.3369,,-19.34137073697049,,,
DPSCLTD,INR,2025-Q4,2026-03-31,6830128000.0,10.096959269240696,6.92332107725578,174090000.00000098,-324282000.0,128136000.0,34055000.0,0.1191,64.95844875346259,57.89473684210527,,,
MODIS,INR,2026-Q1,2026-06-30,2020304000.0,192.13719706171554,13.14582803296169,396901000.0,356857000.0,309594000.0,362920000.0,15.8027,244.28540305010893,94.75743696918495,,,
CHEVIOT,INR,2026-Q1,2026-06-30,5982357000.0,28.810874416892123,21.29545603249877,1400104000.0,686266000.0,682722000.0,767173000.0,116.8669,13.907914115033766,,,,
VASCONEQ,INR,2026-Q1,2026-06-30,8800500000.0,-20.20220338214626,-39.9636478583847,802402000.000001,395802000.0,284400000.0,452002000.0,1.2519,-80.22149898887766,-65.32,,,
ADVENTHTL,INR,2026-Q1,2026-06-30,3876320000.0,,-30.234762611970172,1999273000.0,1011306000.0,378325000.0,1303169000.0,2.2103,,115.09114828039844,,,
SATIA,INR,2026-Q1,2026-06-30,14428054000.0,-2.7456522521631057,-7.121380338923879,4165090000.0,-153198000.0,-78108000.0,1194177000.0,-0.7811,-107.87692990329055,-395.3251681904434,3.94,2024-05-27,2026-11-13
PATELRMART,INR,2026-Q1,2026-06-30,11754101000.0,,-7.369637923687222,1302593000.0,560037000.0,416406000.0,759537000.0,12.4671,,-4.6549762398768495,,,
CELLECOR,INR,2025-H2,2026-03-31,12918112000.0,25.914175973038734,,1462588000.0,707476000.0,396105000.0,717316000.0,1.7999,25.227857788909763,,,,
BLAL,INR,2026-Q1,2026-06-30,19650000.0,,0.0,15350000.0,9919000.0,-9614000.0,10795000.0,-0.2308,77.99389778794813,-193.30578512396696,,,
SUMEETINDS,INR,2026-Q1,2026-06-30,10742994000.0,9.049123190964073,2.4996528259963893,1765314000.0,338842000.0,275416000.0,522392000.00000006,0.4537,-93.77743032696951,-82.32899022801303,,,
STCINDIA,INR,2025-Q4,2026-03-31,0.0,,,0.0,-451076000.0,6481759000.0,,109.1217,2545.887687309054,-1.3778100072516248,,,
SCPL,INR,2026-Q1,2026-06-30,3857437000.0,24.253204303305818,-0.5001173966890383,804376000.0,352625000.0,207632000.0,447304000.0,19.7745,43.40882884058917,-14.444901421484206,,,
BIRLAMONEY,INR,2026-Q1,2026-06-30,4919148000.0,7.937880206820222,-1.6252423682530703,2540703000.0,779371000.0,542270000.0,905022000.0,9.5961,-25.924010374853328,-40.59850975896709,,,
PATILAUTOM,INR,2025-H2,2026-03-31,1665669000.0,,,496887000.0,204014000.0,177829000.0,244319000.0,8.1523,,,,,
EIFFL,INR,2026-Q1,2026-06-30,1569300000.0,7.009887487214455,-39.92002665778074,390900000.0,127600000.0,51300000.0,165200000.0,2.0636,-5.922042397994059,-84.0427807486631,,,
TANAA,INR,2026-Q1,2026-06-30,419488000.0,4.8785549096818555,-10.637228566972254,313742000.0,223694000.0,190044000.0,256624000.00000003,7.4526,4.711056158936677,12.249176400119799,,,
SPECIALITY,INR,2026-Q1,2026-06-30,4947311000.0,13.587175259710726,9.115170734975546,1897175000.0,315433000.0,234281000.0,896023000.0,4.857,19.54515247729455,110.9561174077303,,,
EMKAY,INR,2026-Q1,2026-06-30,4150015999.9999995,18.597096068421386,-35.52898893584716,3078142000.0,248949000.0,195248000.0,384283000.0,6.8894,-62.80021598272138,49.75609756097562,,,
ZFSTEERING,INR,2026-Q1,2026-06-30,5811900000.0,16.541006617204733,-17.941952506596305,992300000.0,231300000.0,198000000.0,701000000.0,21.8223,55.90586621514456,,,,
MANBA,INR,2026-Q1,2026-06-30,3534167000.0,30.678873138403983,-0.865460267505901,1855853000.0,934614000.0,488686000.0,982347000.0,9.7272,15.322236448997021,19.19898857633087,,,
PRAVEG,INR,2026-Q1,2026-06-30,2475589000.0,35.15187183116969,-37.489198076034675,270158000.0,31378000.0,-189098000.0,555138000.0,-7.2338,-288.8178329983555,-170.51778242677824,,,
TREL,INR,2026-Q1,2026-06-30,1069599999.9999999,1.7407019880148273,11.146496815286625,830800000.0,484800000.0,409900000.0,660200000.0,1.6675,-25.994141665187293,16.438014467448244,,,
KUANTUM,INR,2026-Q1,2026-06-30,11739800000.0,11.891900289465655,0.9337409450388782,1951600000.0,937400000.0,361200000.0,1615200000.0,4.1392,-59.43869551583569,-56.55692813241649,0.7,2026-08-12,2026-11-17
GANESHCP,INR,2026-Q1,2026-06-30,8569891000.0,-0.8060737549209841,-13.532350447086817,1846850000.0,618944000.0,453752000.0,852902000.0,11.2381,56.17365444211286,30.70464135021097,,,
GLOBAL,INR,2026-Q1,2026-06-30,955721000.0,26.659881228323375,-41.61943718890148,434244000.0,336379000.0,260706000.00000003,380266000.0,5.1218,3.1747310744933808,-54.2850071158963,,,
BESTAGRO,INR,2026-Q1,2026-06-30,12716300000.0,-24.140304911077536,154.48005652257692,2757600000.0,910900000.0,296000000.0,1319900000.0,0.8345,-56.80865379638734,,,2023-05-29,2026-11-18
EMAMIPAP,INR,2026-Q1,2026-06-30,20076300000.0,6.555880495300167,12.842207046594547,4097100000.0000005,1866100000.0,936800000.0,2413500000.0,13.57,404.6673360853881,25.607064017660047,,,
HERANBA,INR,2026-Q1,2026-06-30,15257600000.0,19.376266518531267,19.944910479529234,2950400000.0,-116400000.0,-754000000.0,870900000.0,-18.8387,-231.6452600243183,,3.0,2023-01-28,2026-11-11
RBZJEWEL,INR,2026-Q1,2026-06-30,6817017000.0,30.273951084231253,-36.245458709883074,1346798000.0,916823000.0,567666000.0,967988000.0,14.1916,54.08066880191086,-22.144593992944973,,,
KILITCH,INR,2026-Q1,2026-06-30,2372141000.0,14.041621756232747,-49.913451268767574,925291000.0,323978000.0,300538000.0,362710000.0,8.7386,2.5657276995305205,-79.93594528860741,,,
UNIVPHOTO,INR,2026-Q1,2026-06-30,192900000.0,-5.208845208845209,18.103448275862068,38500000.0,9200000.0,-175900000.0,10400000.0,-16.0689,-121.45904807182528,,,,
DMCC,INR,2026-Q1,2026-06-30,7075440000.0,49.579638646522696,42.42550134878924,1111760000.0,653820000.0,399780000.0,806710000.0,16.0297,43.22462473195138,166.5819485174324,,,
SAAKSHI,INR,2025-H2,2026-03-31,1155064000.0,24.96486572160236,,263968000.00000003,174767000.0,122897000.0,222191000.0,6.9652,161.11340206185568,,,,
AHLWEST,INR,2026-Q1,2026-06-30,4438248000.0,8.19820081175807,-19.57974907739359,3037938000.0,1551206000.0,711723000.0,1974705000.0,61.0857,134.93506043975063,31.832406680503716,,,
PPL,INR,2026-Q1,2026-06-30,8267400000.0,6.117471889921446,8.200761819403988,1428800000.0,532500000.0,493700000.0,683800000.0,20.641,-27.40783985482272,21.810568153589564,,,
FABTECH,INR,2026-Q1,2026-06-30,4177491000.0,,-52.69870127248549,1283900000.0,402543000.0,486943000.0,454582000.0,11.7426,,-83.52695652173912,,,
NEUEON,INR,2026-Q1,2026-06-30,115787000.0,17.816986680505103,-99.01314190338837,-351775000.0,-2343094000.0,-3050081000.0,-1952854000.0,-52.3992,-158.95201901646152,99.9558904109589,,,
GLOSTERLTD,INR,2026-Q1,2026-06-30,15484878000.0,71.19593769900233,12.948851271087324,3842661000.0,913713000.0,127988000.0,1541839000.0,11.6956,,-128.4635902907442,,,
ECOSMOBLTY,INR,2026-Q1,2026-06-30,8384110000.000001,22.182793787179733,2.230605532985092,1021430000.0,655370000.0,588120000.0,939210000.0,9.802,-1.7835671342685453,-7.69406740887601,2.4,2026-08-11,2026-11-17
SHINDL,INR,2026-Q1,2026-06-30,5298205000.0,30.534762836530383,2.6080674559614616,1022734000.0,328941000.0,168130000.0,377637000.0,4.2738,2.738046587658338,11433.333333333332,,,
COFFEEDAY,INR,2026-Q1,2026-06-30,11363300000.0,4.528562229785668,3.347474243342483,2780000000.0,210100000.0,1757400000.0,1648100000.0,8.319,,-99.36333242685522,,,
KANPRPLA,INR,2026-Q1,2026-06-30,7413891000.0,9.690143720760949,13.743411486226192,1848230000.0,554265000.0,451864000.0,675479000.0,18.7587,131.36323832311695,-24.67741935483871,,,
RAMASTEEL,INR,2026-Q1,2026-06-30,10793214000.0,-1.8398501570867758,-9.269165034549692,425978000.0,155421000.0,129633999.99999999,215150000.0,0.0723,-48.24624194702935,56.50000000000001,,,
INDOFARM,INR,2026-Q1,2026-06-30,4540024000.0,11.14137426317208,-17.724683714348828,1136391000.0,464861000.0,249171000.0,593748000.0,5.1855,-8.725269309300842,-35.108024691358025,,,
SPELS,INR,2026-Q1,2026-06-30,44260000.0,-42.244956546702504,-96.34207755344963,-10167000.0,-184241000.0,-195938000.0,-172937000.0,-4.246,15.022215106272254,-274.07185628742513,,,
GTPL,INR,2026-Q1,2026-06-30,38309250000.0,8.294087383251544,9.91108888513645,4173130000.0,212690000.0,75170000.0,4027200000.0,0.6684,-82.97763968827994,,,2022-01-13,
SHIVAUM,INR,2026-Q1,2026-06-30,6050031000.0,14.67255278179972,-10.92243151952534,254703000.0,180400000.0,94641000.0,185474000.0,6.9578,-11.73888776131521,-7.748344370860927,,,
VOITHPAPR,INR,2026-Q1,2026-06-30,2083199999.9999998,5.2615622489350935,-2.0640435721664003,1012250000.0,416870000.0,415090000.0,566140000.0,94.4984,-1.6724294188586057,38.129814037192574,,,
INFLUX,INR,2025-H2,2026-03-31,1468336000.0,,,446098000.0,260798000.0,205387000.0,298578000.0,9.35,,,,,
VALIANTLAB,INR,2026-Q1,2026-06-30,3059298000.0,89.64122928112582,25.33468577479458,639716000.0,248941000.0,160056000.0,332623000.0,2.9501,10627.636363636364,1099.9691167387277,,,
KRONOX,INR,2026-Q1,2026-06-30,1053194999.9999999,6.074965907191002,8.64913899021294,467546000.0,330878000.0,285703000.0,351872000.0,7.7001,11.62315353058,-8.740204942736582,,,
KRMAYURVED,INR,2026-Q1,2026-06-30,,,,,,,,,,,,,
SHRADDHA,INR,2026-Q1,2026-06-30,5832342000.0,209.88546811639787,-28.30302204054292,769961000.0,798586000.0,648779000.0,800248000.0,13.2214,67.3955154906752,65.3114186851211,,,
DENTALKART,INR,2026-Q1,2026-06-30,3015001000.0,18.391610258875048,13.481805636505841,556256000.0,103510000.0,116059000.0,129430000.0,6.6759,-33.168153287082916,206.49350649350646,,,
LAXMIINDIA,INR,2026-Q1,2026-06-30,3399188000.0,27.824246305466882,1.1615119904787037,1950026000.0,912276000.0,565552000.0,930411000.0,10.9343,61.716508415416925,-21.975308641975303,,,
ARIES,INR,2026-Q1,2026-06-30,7792000000.0,19.338266859784735,1.507804446464663,2296324000.0,831258000.0,477424000.0,941576000.0,36.7126,29.794838978826316,,,,
EVERESTIND,INR,2026-Q1,2026-06-30,13521608000.0,-20.517234893016695,33.2290340574782,3510626000.0,-512238000.00000006,-12281000.0000001,-102774000.0,-0.7938,92.98168057716792,,,,
ORBTEXP,INR,2026-Q1,2026-06-30,2410167000.0,3.900929353125736,56.42694098669995,1002596000.0,410928000.0,422321000.0,561609000.0,15.9205,-4.4152522529554,2372.029834842834,,,
SOFTTECH,INR,2026-Q1,2026-06-30,1391739000.0,35.766831366848926,-28.555575350787006,656819000.0,120155000.0,50365000.0,360329000.0,3.6333,200.9442557773544,-56.76203607951281,,,
INNOVANA,INR,2026-Q1,2026-06-30,1391839000.0,26.010965670714814,19.52875791333366,821054000.0,261459000.0,308158000.0,365069000.0,14.9997,-34.49168901272633,91.00161437495613,,,
MAANALU,INR,2026-Q1,2026-06-30,8293799999.999999,-1.7997110990077911,-8.920925482185647,743099999.999998,128800000.00000001,134000000.0,205200000.0,2.4467,-10.889754889463523,102.25829216654907,,,
UNIENTER,INR,2026-Q1,2026-06-30,261447000.0,-77.13496863838466,-100.0,-6123999.99999999,-45854000.0,202573000.0,-40882000.0,2.9128,,-69.2383778437191,,,
HARDWYN,INR,2026-Q1,2026-06-30,1915202000.0,2.6263684975101667,-39.45544545793359,215966000.0,180639000.0,123727000.0,200123000.0,0.1807,-8.645096056622853,-18.200000000000006,,,
ONWARDTEC,INR,2026-Q1,2026-06-30,5601313000.0,10.507968913503591,8.980975149399702,558203000.0,558203000.0,427624000.0,730709000.0,18.91,32.23776223776223,17.730496453900706,4.77,2023-07-17,2026-10-16
TVTODAY,INR,2026-Q1,2026-06-30,8196000000.0,-7.898729056400229,-3.39626176980372,3284600000.0,57000000.0,171600000.0,365400000.0,2.8759,-43.7377729086783,13.74611364688761,,2026-05-15,2026-11-06
KAMATHOTEL,INR,2026-Q1,2026-06-30,3935221000.0,5.962741984038895,-17.783615858714004,2151723000.0,733691000.0,401456000.0,1027257000.0000001,13.6179,-17.236538227786557,-42.646423945891485,,,
SUTLEJTEX,INR,2026-Q1,2026-06-30,26684400000.0,1.7098773431723064,0.6708117543530634,3449400000.0,-236200000.0,-553600000.0,837600000.0,-3.3792,36.439386814633686,,,,
EMPIND,INR,2026-Q1,2026-06-30,7480019000.0,8.07633001457004,-6.024693329566173,2557779000.0,744910000.0,560980000.0,910378000.0,93.4967,63.134348931388686,-25.2057873741531,,,
CREDENT,INR,,,,,,,,,,,,,,,
AGARIND,INR,2026-Q1,2026-06-30,14919329000.0,-34.702353639597156,6.8892559488129015,3654768000.0,580549000.0,408847000.0,1109793000.0,27.3334,-54.42815532847495,-34.282837685096354,,,
SHIVALIK,INR,2026-Q1,2026-06-30,3750324000.0,14.881083844612098,-6.299816078672799,1053087000.0,276041000.0,136700000.0,459673000.0,8.7236,-9.464900992154103,-24.819017123764453,,,
E2ERAIL,INR,2025-H2,2026-03-31,,,,,,,,,,,,,
CCCL,INR,2026-Q1,2026-06-30,3636679000.0,77.34084241653467,16.53988821532118,-20061999.999999903,-236114000.0,-44078000.0,-211958000.0,-0.0987,-102.54992636990725,-174.33035714285714,,,
INNOVISION,INR,2026-Q1,2026-06-30,,,-1.3842059225921246,,,,,,,-150.45733788395904,,,
NAMOEWASTE,INR,2025-H2,2026-03-31,1945933000.0,29.874239231780102,,337067000.0,206025000.0,143513000.0,225641000.0,6.2758,69.60246466502717,,,,
PASUPTAC,INR,2026-Q1,2026-06-30,10323700000.0,51.223120642174955,-2.6039324694436496,2877200000.0,1314800000.0,955600000.0,1441300000.0,10.721,269.24401584294816,4.222629222629233,,,
DCMSIL,INR,,,,,,,,,,,,,,,
DHUNINV,INR,2026-Q1,2026-06-30,5279232000.0,-12.592385324974318,297.2435051014812,1576982000.0,-584011000.0,981811000.0,-318626000.0,161.0271,1.1078551349437094,,,,
ZTECH,INR,2026-Q1,2026-06-30,1644588000.0,,-50.467448580656125,563020000.0,417030000.0,368697000.0,446445000.0,22.781,,-79.07058508808804,,,
GFLLIMITED,INR,2026-Q1,2026-06-30,40800000.0,7.822410147991543,17.894736842105264,,18100000.0,606300000.0,18200000.0,5.5194,,-70.89135293106412,,,2026-11-17
KSOLVES,INR,2026-Q1,2026-06-30,1664439000.0,15.966314539761637,-3.687848321317846,476632000.0,476632000.0,371033000.0,509346000.0,15.6447,16.681831742243443,-4.979557862266502,,,
UGARSUGAR,INR,2026-Q1,2026-06-30,16058023000.0,17.17927600853719,22.6933056324786,1199805000.0,891301000.0,288352000.0,1249455000.0,2.5631,,-96.74255088995969,,,
SOUTHWEST,INR,2026-Q1,2026-06-30,2644876000.0,39.23331227626869,-20.610051341719103,645616000.0,550907000.0,399617000.0,674538000.0,13.09,119.0721649484536,-28.33723653395784,,,
SHREERAMA,INR,2026-Q1,2026-06-30,2648475000.0,20.27009598992964,28.92558410616386,649001000.0,332988000.0,254764000.0,427994000.0,1.8714,-54.16605437178546,83.03030303030302,,,
VIRAT,INR,2026-Q1,2026-06-30,276435000.0,-19.26854412653725,85.60298302423706,107797000.0,17248000.0,61879000.0,21627000.0,4.2607,112.84344090318714,103.20929589154795,,,
FOCE,INR,2025-H2,2026-03-31,1453188000.0,39.39239301842848,,249605000.0,197075000.0,149657000.0,200070000.0,5.6367,-54.04052346202454,,,,
OSELDEVICE,INR,2025-H2,2026-03-31,2926681000.0,56.95302050854675,,604265000.0,521049000.0,292450000.0,533568999.99999994,11.56,-7.017896641866067,,,,
SAURASHCEM,INR,2026-Q1,2026-06-30,16992178000.0,7.859848665178531,2.2609144990884293,4874568000.0,-62225000.0,66910000.0,383918000.0,0.6006,-51.77840224809314,-51.52482269503545,,,
SHRJAGP,INR,2026-Q1,2026-06-30,4827626000.0,-3.526318292691213,78.13506073234264,1480168000.0,469536000.0,443676000.0,595799000.0,50.6595,-13.042694638838679,126.58292565562597,,,
SNOWMAN,INR,2026-Q1,2026-06-30,6193621000.0,7.714154982571466,24.851224041941855,876749000.0,256866000.0,53062000.0,951481000.0,0.3176,-17.634854771784234,-17.992766726943934,,2022-08-01,2026-11-10
MALLCOM,INR,2026-Q1,2026-06-30,5266653000.0,3.9145843576838724,-25.359373221198844,480060000.000001,429367000.0,267548999.99999997,564712000.0,42.8764,-54.46707240534505,4.208254119138156,,2026-01-20,
HMVL,INR,2026-Q1,2026-06-30,8218200000.000001,9.038078811198103,-8.51389597735814,4205800000.0,719700000.0,896200000.0,887200000.0,12.1907,2.4222005645920115,86.20920278223649,,2021-06-17,2026-11-02
PROV,INR,2025-H2,2026-03-31,9249874000.0,59.05287109818648,,804682000.0,171912000.0,141406000.0,184453000.0,40.8494,92.2550888339805,,,,
DICIND,INR,2026-Q2,2026-06-30,9795779000.0,11.70742076274535,18.057479030028375,1653127000.0,359723000.0,289308000.0,546793000.0,31.5186,79.88323050845524,236.78771070763096,,,
PYRAMID,INR,2026-Q1,2026-06-30,7395872000.0,18.996122583573456,14.222194385562496,1515576000.0,495899000.0,313549000.0,629676000.0,8.5239,16.07091792965398,4.255397268321352,,,
OMPOWER,INR,2026-Q1,2026-06-30,,,-30.345643535382976,,,,,,,-34.201563671414796,,,
VAKRANGEE,INR,2026-Q1,2026-06-30,2418497000.0,-8.78556226595274,-1.4433727338255016,290660000.0,86340000.0,106947000.0,264820000.0,0.0987,40.598290598290596,28.19148936170212,0.01,2024-02-06,2026-11-14
ORIENTBELL,INR,2026-Q1,2026-06-30,7523688000.0,13.218695402895595,-5.041655446422841,1496571000.0,287696000.0,211196000.0,511534000.0,14.31,386.4864864864865,33.412322274881525,5.7,2026-08-11,2026-11-04
KSE,INR,2026-Q1,2026-06-30,17181554000.0,5.144201286302755,10.877007752392684,1603791000.0,512585000.00000006,464303000.0,595533000.0,14.5095,-58.355935559975556,,,,
BIGBLOC,INR,2026-Q1,2026-06-30,3062101000.0,33.46861368082265,-8.94770687689598,1237386000.0,55655000.0,17136000.0,225904000.0,0.121,-18.29844699527347,-82.40887480190175,,,
SAYAJIHOTL,INR,2026-Q1,2026-06-30,1332573000.0,-8.632441419976345,-46.86802736989736,238685000.0,91170000.0,-8899000.0,331788000.0,-0.508,79.40985732814526,-95.09718847622352,,,
HITECHCORP,INR,2026-Q1,2026-06-30,7011660000.0,20.122218120112624,35.944508634306146,1756162000.0,371037000.0,175491000.0,770865000.0,10.2174,79.09553023663453,-20.01236882283594,,,
PANCHMAHQ,INR,2026-Q1,2026-06-30,3906692000.0,4.873358187800122,-11.319611562526552,444659000.0,115445000.0,39980000.0,195350000.0,2.0956,,,,,
NAHARPOLY,INR,2026-Q1,2026-06-30,6673647000.0,-3.9648193906350526,-4.628218745583049,1258750000.0,620552000.0,722796000.0,945175000.0,29.3963,26.158963134629428,-43.00127162359942,,,
ONMOBILE,INR,2026-Q1,2026-06-30,5142750000.0,-10.538932155537271,-3.8520282283646505,1126300000.0,-144700000.0,-557850000.0,217000000.0,-5.2468,-564.2359792378782,21.101477947166295,,,
HINDCOMPOS,INR,2026-Q1,2026-06-30,3080800000.0,-8.038566012954837,-80.87561999236932,1134300000.0,342900000.0,323300000.0,443300000.0,21.8905,-4.320555968355269,-25.811663721282503,,,
NAHARINDUS,INR,2026-Q1,2026-06-30,13364496000.0,-14.562276093099113,-6.758074773936966,2198698000.0,232045000.0,722267000.0,741278000.0,16.717,233.20045444579537,0.01557201190393243,,,
MOLDTECH,INR,2026-Q1,2026-06-30,2079277000.0,48.677490051947956,7.307411579184501,169342000.0,169342000.0,184114000.0,227659000.0,6.4149,141.06196685581153,297.6535889996216,,2024-04-30,2026-11-14
KIRANVYPAR,INR,2026-Q1,2026-06-30,1127042000.0,0.10098542949893641,207.12846090259785,527977000.0,236544000.0,69016000.0,238929000.0,2.5579,-84.81534908846979,,,,
TRITONV,INR,2026-Q1,2026-06-30,6302818000.0,21.860272133465116,17.112503193064445,1168607000.0,317931000.0,179656000.0,439499000.0,56.1732,450.42624492915525,-32.04248389253153,,,
ADSL,INR,2026-Q1,2026-06-30,10093800000.0,19.17682062907339,-2.718751167046346,1661000000.0,402200000.0,357600000.0,601100000.0,6.1257,8.222179036446828,,2.2,2026-08-06,2026-11-14
CEWATER,INR,2026-Q1,2026-06-30,5408110000.0,-8.969702070358526,-58.57826483663684,657459999.999999,-26470000.0,-71000000.0,155200000.0,-3.4306,-111.38652310429293,-224.1190747726409,,,
LINC,INR,2026-Q1,2026-06-30,5449783000.0,-0.9761415679644154,0.9285260819729527,1116456000.0,432142000.0,315037000.0,584387000.0,5.2957,-14.067114529581673,-44.469089461411585,1.0,2026-08-06,2026-11-06
ORIENTCER,INR,2026-Q1,2026-06-30,4057991000.0,24.034959719114294,2.444302395648421,1193085000.0,320754000.0,261248000.0,497424000.0,2.1836,130.77573451701542,51.38448530965968,,,
GLOTTIS,INR,2026-Q1,2026-06-30,7889426000.0,,19.738291912558374,625906000.0,447230000.0,364121000.0,489139000.0,3.9099,,0.05194805194804622,,,
LAKSHMIMIL,INR,2026-Q1,2026-06-30,2464836000.0,-2.8054998791395684,-9.846395386577901,455160000.0,181966000.0,95911000.0,313523000.0,137.8923,,62.05225949291406,,,
HAZOOR,INR,2026-Q1,2026-06-30,5192211000.0,-30.533367399855482,-24.457819308033883,1812142000.0,783189000.0,292025000.0,2535192000.0,0.9288,-53.49722124868573,-99.07399163030897,,,
HTMEDIA,INR,2026-Q1,2026-06-30,18964500000.0,3.108842094961588,-14.429398872886662,9380900000.0,376700000.0,-111900000.0,1267700000.0,-0.4837,-181.0896898575021,,,2021-06-18,2026-11-10
BLACKROSE,INR,2026-Q1,2026-06-30,3522452000.0,-0.1527846201728989,-14.379646583334535,739637000.0,371065000.0,286244000.0,411395000.0,5.6126,40.22035126289754,10.40594005744947,2.0,2024-11-05,2026-11-18
UDAYJEW,INR,2026-Q1,2026-06-30,6865944000.0,91.45719184719215,-36.701426181279345,505701000.000001,414519000.0,315193000.0,427845000.0,12.0611,69.33801333801334,-32.625287554017156,,,
DHABRIYA,INR,2026-Q1,2026-06-30,2707022000.0,13.499400852140036,-2.0391072667932386,873695000.0,477100000.0,324583000.0,580002000.0,29.9867,62.937545506906176,6.412690157326756,,,
IL&FSENGG,INR,2026-Q1,2026-06-30,1843000000.0,-33.48491410422982,26.132170412613213,-3600000.00000009,-472100000.0,106200000.0,-405400000.0,0.8099,,-99.89603638726446,,,
PRIMO,INR,2026-Q1,2026-06-30,5600258000.0,-2.7012874285256605,-3.1659436877172737,1032253999.9999999,157520000.0,159768000.0,686978000.0,0.6593,-15.409289196818063,-22.895891503789382,,,
3IINFOLTD,INR,2026-Q1,2026-06-30,7007500000.0,-2.2063749023110417,1.2288087381954715,416400000.0,-291300000.0,343000000.0,-94700000.0,1.8513,-52.998375139636444,-11.12696148359486,,,
MGEL,INR,2026-Q1,2026-06-30,34779782000.0,41.378313869710084,-10.516666119965837,967292999.999994,642083000.0,472186000.0,668993000.0,1.4328,100.72849537685629,-32.49736008447731,,,
GGBL,INR,2025-H2,2026-03-31,10675982000.0,235.71014166451002,,1196686000.0,1040704999.9999999,752068000.0,1135841000.0,30.3241,148.8437551288364,,,,
CHEMFAB,INR,2026-Q1,2026-06-30,2926416000.0,-16.24072188745853,-2.1609961524933903,321399000.0,-37598000.0,-2435999.99999999,260486000.0,-0.1701,95.40319965409144,1082.6460990803914,,,
SUPREMEPWR,INR,2026-Q1,2026-06-30,1948055000.0,5.092074350003911,-31.69655438062829,406555000.0,326433000.0,208871000.0,350127000.0,8.3184,-8.942235066171886,-35.47854785478547,,,
PANSARI,INR,2026-Q1,2026-06-30,,,7.878301344842316,,,,,,,-51.75242041178709,,,
ANLON,INR,2025-H2,2026-03-31,1059169000.0000001,110.85123325304085,,268869000.0,195712000.0,138752000.0,206864000.0,22.1812,113.79057753103557,,,2026-05-26,
DCMSRIND,INR,2026-Q1,2026-06-30,13516700000.0,-32.28954289292423,7.344446881626087,2486800000.0,510700000.0,258800000.0,748400000.0,2.975,-70.24583441681835,-90.25643829624364,,,
TPLPLASTEH,INR,2026-Q1,2026-06-30,4565384000.0,25.916861042228106,9.040301363834411,693513000.0,434663000.0,301200000.0,495542000.0,3.8614,22.479144859961313,-19.000581057524688,,,
PTL,INR,2026-Q1,2026-06-30,643411000.0,0.0,0.05536822983414416,557289000.0,557289000.0,457006000.0,579214000.0,3.4523,13.443086225026288,-33.91304347826086,,,
APTECHT,INR,2026-Q1,2026-06-30,5167421000.0,8.599670171402007,20.489575441229597,4348061000.0,250431000.0,244408000.0,332952000.0,4.2137,17.76690888764674,329.06901041666674,,,
MAZDA,INR,2026-Q1,2026-06-30,2427625000.0,17.433204385172687,25.15500470466541,698505000.0,343076000.0,299281000.0,386005000.0,14.9454,11.37159634558922,16.64331210191082,,,
MEGATHERM,INR,2025-H2,2026-03-31,3462271000.0,8.02434507176723,,683666000.0,285993000.0,236807000.0,332052000.0,12.5707,11.16446472471305,,,,
MUNJALSHOW,INR,2026-Q1,2026-06-30,13768790000.0,12.330896346346995,0.12193333485077716,1654331000.0,72942000.0,248158000.0,178363000.0,6.2047,-1.651634991836937,,,,
OSWALGREEN,INR,2026-Q1,2026-06-30,965388000.0,-1.9538383101807184,-45.721946149882534,637885000.0,443702000.0,-606620000.0,472497000.0,-2.3622,-676.5682206492555,,,,
AQYLON,INR,2026-Q1,2026-06-30,216347000.0,328.57114557952497,118.10264866536122,76765000.0,55532000.0,118493000.0,61281000.0,0.467,,,,,
CHANDAN,INR,2026-Q1,2026-06-30,,,6.97201509322128,,,,,,,2.371541501976287,,,
BLUEWATER,INR,2026-Q1,2026-06-30,5463929000.0,,56.018495606924056,595696000.0,543690000.0,357005000.0,610006000.0,32.9056,,52.02254721271452,,,
UNIVASTU,INR,2026-Q1,2026-06-30,3176622000.0,106.67515933512554,-5.227427019687701,617044000.0,451953000.0,303536000.0,470075000.0,8.4347,152.6266922247514,-2.6791364882919644,,,
SUKHJITS,INR,2026-Q1,2026-06-30,14589500000.0,-0.8831821733075171,-1.5036470910403545,3020800000.0,599700000.0,341700000.0,939100000.0,10.9365,9.724897664339037,-16.722701672484312,3.645,2023-11-01,2026-11-04
MINDTECK,INR,2026-Q1,2026-06-30,4100800000.0,-1.7937112340445913,0.1636031180829679,615599999.999999,319300000.0,311300000.0,364500000.0,9.7358,0.46435794774425154,-17.91420304440811,,,
CSM,INR,2026-Q1,2026-06-30,,,-29.338118853659385,,,,,,,-189.0554971504454,,,
NILASPACES,INR,2026-Q1,2026-06-30,1908541000.0,31.148578492644912,-6.291539663225024,768280000.0,577327000.0,311668000.0,633391000.0,0.7912,72.82656181738751,-7.922912205567459,,,
THEINVEST,INR,2026-Q1,2026-06-30,2897239000.0,-20.724583749469854,17.726420198376918,2511617000.0,251730000.0,333313000.0,347654000.0,6.3801,-15.183058147882269,101.81941846624727,,,
SJLOGISTIC,INR,2025-H2,2026-03-31,,,,,,,,,,,,,
NBIFIN,INR,2026-Q1,2026-06-30,216300000.0,8.771082883263434,64.13849958779885,211155000.0,185069000.0,138860000.0,185070000.0,46.9943,12.472835712302672,323.24293785310726,,,
DISHTV,INR,2026-Q1,2026-06-30,10990800000.0,-23.76341326378436,9.363557822849385,-1970000000.0,-6126300000.0,-9991300000.0,-1884300000.0,-5.3555,-69.82717615348025,1.5886075949367164,,2025-05-28,2026-11-05
MAWANASUG,INR,2026-Q1,2026-06-30,15860700000.0,8.61038258475824,11.017333938730282,1821700000.0,579400000.0,275400000.0,887700000.0,7.0404,-72.58400538942908,-136.74986458806754,,,
CSLFINANCE,INR,2026-Q1,2026-06-30,2630385000.0,19.69075162525806,0.622547798354539,1713146000.0,1231940000.0,869399000.0,1236080000.0,38.0533,16.871314496314486,13.94799054373522,,,
PENINLAND,INR,2026-Q1,2026-06-30,1545700000.0,-46.09778211745013,-51.228978007761974,1042700000.0,194500000.0,-1563100000.0,240600000.0,-4.712,-291.65489153021355,93.53942828288496,,,
ALBERTDAVD,INR,2026-Q1,2026-06-30,3643671000.0,11.434744845218944,18.019435522003555,1303338000.0,170951000.0,225655000.0,267555999.99999997,39.5389,258.52541665911025,,,,
VTMLTD,INR,2026-Q1,2026-06-30,3983983000.0,11.480341572299256,-10.677173159245799,980802000.0,134952000.0,85265000.0,251288000.0,0.8478,-80.9453172409143,115.60044893378225,,,
KHAICHEM,INR,2026-Q1,2026-06-30,9882491000.0,19.873860924360816,14.490619226892672,2906762000.0,945080000.0,540971000.0,1048672000.0,5.5776,36.87697857616137,764.8731744811683,,,
GPECO,INR,2025-H2,2026-03-31,4143841999.9999995,68.15165715231775,,766011000.0,577434000.0,401219000.0,592643000.0,33.913,276.15492973368674,,,,
SINGERIND,INR,2026-Q1,2026-06-30,6097800000.0,43.45064458454879,-13.08922558922559,1048099999.9999999,183000000.0,181200000.0,225400000.0,2.9216,302.09193503991196,-49.15111251713593,,,
IRIS,INR,2026-Q1,2026-06-30,1360599000.0,6.148355034756083,-16.34780165753617,59713000.0,59713000.0,1253396000.0,89921000.0,60.3175,1071.5775774998058,-123.625,,,
INDOTHAI,INR,2026-Q1,2026-06-30,1107871000.0,249.4519463396324,-45.93815656900955,1024818000.0,883228000.0,689608000.0,890400000.0,5.39,423.2501698864188,-57.920792079207914,,,
CONNPLEX,INR,2025-H2,2026-03-31,1475206000.0,,,502957000.0,325090000.0,260791999.99999997,349288000.0,13.654,,,,,
ZEEMEDIA,INR,2026-Q1,2026-06-30,7676700000.0,22.18013401028155,20.959563949803524,2351200000.0,-10899999.999999901,-14100000.0,1021900000.0,-0.0188,99.00228201454121,55.20980669495521,,,
INTLCONV,INR,2026-Q1,2026-06-30,2129900000.0,44.97005172883202,-63.59888694218283,881400000.0,402900000.0,1361300000.0,419300000.0,21.2965,20.627251512336585,2893.925831202046,0.7,2021-07-31,2026-11-16
KDGREEN,INR,2026-Q1,2026-06-30,1166006000.0,15916.565934065935,49.71793973370708,250037000.0,132187999.99999999,42467000.0,151784000.0,1.385,,-76.0,,,
PLASTIBLEN,INR,2026-Q1,2026-06-30,8106385000.0,5.4825414906268,5.216856240898953,1522223000.0,465331000.0,427158000.0,615079000.0,16.436,35.53228333470767,7.845747173843757,,,
ENIL,INR,2026-Q1,2026-06-30,5619151000.0,2.6158579333586442,-20.015450241568324,1141636000.0,-394342000.0,-82837000.0,464165000.0,-1.7377,-171.13558211888,-172.86019765358606,,2026-05-15,2026-11-11
MUFTI,INR,2026-Q1,2026-06-30,5974330000.0,-2.7351184322561632,-22.818291600946374,2370320000.0,743440000.0,434060000.0,1497230000.0,6.6409,-33.54049077298747,-85.00300454974676,,,
SHARDUL,INR,2026-Q1,2026-06-30,648274000.0,,,424629000.0,251431000.0,231565000.0,257492000.00000003,2.6467,,,,,
HPTL,INR,2025-H2,2026-03-31,23916863000.0,,,458480999.99999803,408663000.0,254880000.0,409423000.0,21.392,,,,,
SIGMA,INR,2026-Q1,2026-06-30,979912000.0,21.23407577315315,-6.539575877096876,442953000.0,301648000.0,312745000.0,310223000.0,3.043,53.748989490703316,134.36123348017622,,,
SARVESHWAR,INR,2026-Q1,2026-06-30,14022780000.0,16.417682947078145,-6.4274778356074025,1028958000.0000001,630955000.0,331075000.0,646625000.0,0.2695,-3.4050179211469564,11.166666666666664,,,
MEDICAMEQ,INR,2026-Q1,2026-06-30,2026218000.0,24.657122132994715,-21.022942753592123,593217000.0,120935000.0,108294000.0,192977000.0,8.1897,10.890405394426848,-48.770007871949616,,,
VISACHROME,INR,2026-Q1,2026-06-30,5122420000.0,-15.013870085742347,-29.559012750029247,1237350000.0,-241160000.0,10362690000.0,21110000.0,79.9109,,-100.78308432756499,,,
SCHAND,INR,2026-Q1,2026-06-30,8106730000.0,13.92000741973199,-79.09036478869126,3108400000.0,997090000.0,713290000.0,1443380000.0,20.2223,36.729546991210285,-110.54154669458744,,2025-11-11,2026-11-17
APS,INR,2025-H2,2026-03-31,,,,,,,,,,,,,
IWARE,INR,2025-H2,2026-03-31,2576619000.0,,,236615000.0,236615000.0,150617000.0,290834000.0,14.0553,,,,,
SILINV,INR,2026-Q1,2026-06-30,747000000.0,19.310014374700526,,704800000.0,614800000.0,500900000.0,643000000.0,47.3015,41.701866331146455,,,,
MOMSBELIEF,INR,,,,,,,,,,,,,,,
AZADIND,INR,2026-Q1,2026-06-30,736949000.0,340.59295839486316,87.90311529325781,62303000.0,24141000.0,30797000.0,26041000.0,0.5657,,-45.11162432640492,,,
URJA,INR,2026-Q1,2026-06-30,616512000.0,-18.750214157878506,-20.56788831112679,63051999.9999999,15698000.0,20550000.0,20543000.0,0.0369,-0.5390835579514792,-48.0,,,
KAYA,INR,2026-Q1,2026-06-30,2298189000.0,5.366365585718667,7.771437583334528,648274000.0,-567940000.0,-972649000.0,-118680000.0,-64.0432,-59.10642505428327,45.33606068727131,,,
SHIVACEM,INR,2026-Q1,2026-06-30,4810539000.0,50.24910133931597,24.829393297682124,1136187000.0,-89191000.0,-1166051000.0,341687000.0,-3.9527,22.82897305739945,25.44817638574078,,,
AKIKO,INR,2026-Q1,2026-06-30,,,18.01152712790192,,,,,,,74.65284408675488,,,
BBTCL,INR,2026-Q1,2026-06-30,6445683000.0,19.85949752858983,11.163380318128311,1752495000.0,643395000.0,332790000.0,1060442000.0,16.2248,,60.49435665914221,,,
LANCER,INR,2026-Q1,2026-06-30,4188221999.9999995,-33.612006523051335,-5.029017161135799,-23839000.0000002,-200506000.0,155328000.0,6707000.0,0.5421,,-64.66666666666666,,,
VISHAL,INR,2026-Q1,2026-06-30,15840288000.0,0.44021690127020324,8.88682654699339,1051970000.0,804549000.0,347156000.0,1104704000.0,1.48,-0.490822295434686,-19.90022172949003,,,
OSWALAGRO,INR,2026-Q1,2026-06-30,184630000.0,-90.45092152253574,-4.099814037970852,181297000.0,24975000.0,-343636000.0,27297000.0,-2.56,-127.16295651804852,,,,
RUSHIL,INR,2026-Q1,2026-06-30,9120890000.0,7.05156870408646,-0.8198496292703208,2938420000.0,556230000.0,227850000.0,904290000.0,0.7765,10.361000568504828,-80.40011597564512,,2024-01-25,
FROG,INR,2025-H2,2026-03-31,1060705999.9999999,-50.757756178225556,,97236000.0000001,-67793000.0,-15659000.0,-15763000.0,-1.0109,-105.58866455850158,,,,
CORDSCABLE,INR,2026-Q1,2026-06-30,9754015000.0,15.119414079198354,-7.380343263763373,1171166000.0,503662000.0,245749000.0,597514000.0,19.0094,56.926099590542854,-5.84011115100614,,,
MANCREDIT,INR,2026-Q1,2026-06-30,776529000.0,48.82677516975967,3.9786217705078037,408381000.0,258670000.00000003,179980000.0,277245000.0,8.536,38.34683954619124,3.8811377476297015,,,
KNAGRI,INR,2026-Q1,2026-06-30,19447600000.0,7.04256361424695,5.844439362122378,1909000000.0,518600000.0,356600000.0,552900000.0,14.2646,6.992791941375454,6.825125987064013,,,
ABCOTS,INR,2026-Q1,2026-06-30,3331824000.0,11.573965860313535,-3.087414862196224,580548000.0,269249000.0,139575000.0,422416000.0,6.3392,-13.144986709779962,165.32755078749148,,,
RKSWAMY,INR,2026-Q1,2026-06-30,3468040000.0,14.274642821720763,-17.109532292264547,951394000.0,264688000.0,226966000.0,461357000.0,4.4964,17.261702959968723,-78.26706344181335,,,
BMWVENTLTD,INR,2026-Q1,2026-06-30,24025445000.0,,-16.43220929484096,1887850000.0,770449000.0,400343000.0,836035000.0,4.6168,,-2.494204172995435,,,
UNIDT,INR,2026-Q1,2026-06-30,1839388000.0,26.40200001511831,-20.38974799343495,498210000.0,282704000.0,203182000.0,329006000.0,10.0074,48.979500692242425,-10.10726247509221,,,
KAVDEFENCE,INR,2026-Q1,2026-06-30,59503000.0,-70.87526431200564,56.42137206025794,-3413999.9999999898,-41352000.0,-10523000.0,-38843000.0,-0.3085,-112.39254438820598,-540.375,,,
MCLEODRUSS,INR,2026-Q1,2026-06-30,11997400000.0,-0.38774171586087797,100.31453778289222,3421900000.0,-658000000.0,-934000000.0,-39400000.0,-8.9416,57.676305338741976,81.58832830242922,,,
SHERA,INR,2026-Q1,2026-06-30,17409830000.0,27.221669372132645,5.370571833234843,1447012000.0,900449000.0,342108000.0,968765000.0,13.9984,72.07832917429839,4.411179629997999,,,
HALEOSLABS,INR,2026-Q1,2026-06-30,3242321000.0,-3.1217291507497165,-2.9236442810733694,441434000.0,250093000.0,158017000.0,408989000.0,52.2666,-8.490440507038313,507.41049125728557,,,
HLVLTD,INR,2026-Q1,2026-06-30,2068600000.0,2.8642466434609646,-26.430260047281322,1117800000.0,-24300000.0,47700000.0,171600000.0,0.0724,-77.30407523510972,-109.04907975460122,,,
OPTIVALUE,INR,2025-H2,2026-03-31,907388000.0,,,195964000.0,173398000.0,137625000.0,178851000.0,5.8786,,,,,
RAMANEWS,INR,2026-Q1,2026-06-30,332673000.0,-20.662369160984753,23.51162495235675,90121000.0,-57772000.0,-687563000.0,-15375000.0,-4.6608,35.33761567169356,72.3063154208335,,,
BRAHMINFRA,INR,2026-Q1,2026-06-30,3880400000.0,49.309323175189505,17.972742759795572,1068500000.0,889000000.0,610200000.0,902600000.0,,,,,,
ELIN,INR,2026-Q1,2026-06-30,13550440000.0,14.629749472339599,11.908992202151811,1131230000.0,162650000.0,-82150000.0,419880000.0,-1.6498,-124.81275379756353,-2706.3843648208467,,2025-05-26,2026-11-17
JENBURPH,INR,2026-Q1,2026-06-30,1687258000.0,9.078719907733642,-20.434304304281877,823834000.0,377840000.0,328299000.0,408099000.0,74.3886,1.2132484499346234,-45.7524528547487,,,
ADVANIHOTR,INR,2026-Q1,2026-06-30,1078036000.0,2.4012188947686766,-40.79531788211901,614412000.0,277155000.0,228991000.0,308501000.0,2.4772,-9.036830316160547,-88.16007577551504,,,
NILE,INR,2026-Q1,2026-06-30,10759109000.0,17.01069681616456,22.1695093466587,2134493000.0,619666000.0,485114000.0,659291000.0,161.6023,12.42032079683726,-40.44159316626808,,,
SHETHJI,INR,2025-Q4,2026-03-31,,,,,,,,,,,,,
GUJAPOLLO,INR,2026-Q1,2026-06-30,518782000.00000006,17.650180404714348,-22.322325440147015,-31123000.0000001,-174967000.0,56074000.0,-118685000.0,4.5116,,-55.87400681044268,,,
MODINATUR,INR,2026-Q1,2026-06-30,7197608000.0,7.347195666504598,-35.98422874247506,1344425000.0,690859000.0,522922000.0,780046000.0,39.2985,53.553552380170885,-36.45654379438621,,,
DCI,INR,2026-Q1,2026-06-30,7561203000.0,29.178617916444637,-30.161329254165402,552753000.000001,359800000.0,216947000.0,367859000.0,13.2644,33.84863773965691,-21.465909090909086,,,
CYBERTECH,INR,2026-Q1,2026-06-30,2474055000.0,4.738529925384982,9.807856745227701,435445000.0,159678000.0,317335000.0,195293000.0,10.1802,-11.306847882906435,34.349396528940176,,,
REPRO,INR,2026-Q1,2026-06-30,5174200000.0,10.058919873226554,0.31548003154800314,1426900000.0,-8700000.0,979900000.0,330500000.0,67.9866,,,,,
DONEAR,INR,2026-Q1,2026-06-30,,,-11.239011709823364,,,,,,,119.16616069621536,,,
POEL,INR,2026-Q1,2026-06-30,15252921000.0,4.555369356967781,40.25183163273751,1157714000.0,578385000.0,363231000.0,633647000.0,11.7707,-8.889164105858772,-52.648783770791276,,,
AMCL,INR,2025-H2,2026-03-31,,,,,,,,,,,,,
WSI,INR,2026-Q1,2026-06-30,658800000.0,-65.93322436239852,-97.93566970715314,73700000.0,15400000.0,30800000.0,32000000.0,0.3358,,-37.232524964336655,,,
MANAKSIA,INR,2026-Q1,2026-06-30,8334607000.0,4.272379052411508,-5.883786968548399,1315662000.0,422146000.0,628479000.0,476568000.0,9.5901,16.507720530171426,116.44330756825893,,,
DIVINEHIRA,INR,2026-Q1,2026-06-30,8838264000.0,,,119473999.999999,108348000.0,71254000.0,109190000.0,1.8204,,,,,
MAXVOLT,INR,2025-H2,2026-03-31,2967648000.0,,,443009000.0,346247000.0,243754000.0,357389000.0,22.3547,,,,,
MVKAGRO,INR,2026-Q1,2026-06-30,3312155000.0,,-51.06183775131106,582965000.0,472960000.0,481537000.0,556519000.0,12.8325,,-84.22808310740746,,,
DENORA,INR,2026-Q1,2026-06-30,1149248000.0,17.51783093968413,60.55407109334814,418684000.0,78074000.0,121959000.0,99261000.0,22.9737,491.9531048698789,,,,
INFINIUM,INR,2025-H2,2026-03-31,1896317000.0,21.785803279446558,,293512000.0,185045000.0,121501000.0,215653000.0,7.797,35.93570208166253,,,,
ACSTECH,INR,,,,,,,,,,,,,,,
AARTISURF,INR,2026-Q1,2026-06-30,9161001000.0,25.22288878962065,6.474840075137567,1077676000.0,374523000.0,183992000.0,555403000.0,21.7139,20.396666537290756,114.79757085020243,,,
TAURIAN,INR,2025-H2,2026-03-31,993444000.0,,,336924000.0,228517000.0,162090000.0,247745000.0,20.2802,,,,,
NAHARCAP,INR,2026-Q1,2026-06-30,525842000.0,21.364211264875046,274.4190766108575,500706000.0,370056000.0,1190989000.0,382663000.0,71.1201,140.062986066105,270.6566158603931,,,
TECHD,INR,2025-H2,2026-03-31,518076000.0,,,213500000.0,178294000.0,140396000.0,187144000.0,18.6803,,,,,
BASILIC,INR,2026-Q1,2026-06-30,4164130000.0,305.5854897652275,-8.73015873015873,,596920000.0,450290000.0,762550000.0,19.109,61.313196971103935,-52.0327868852459,,,
IGCL,INR,2026-Q1,2026-06-30,6838060000.0,,11.75390205413147,1535180000.0,618560000.0,385740000.0,736440000.0,6.1012,,-79.21158662746379,,,
SANGINITA,INR,2026-Q1,2026-06-30,1558589000.0,-28.71362075250517,-41.09797843697131,-180728000.0,-202300000.0,-212252000.0,-180771000.0,-7.3492,-4716.331658291457,-46.10788245886878,,,
ASAHISONG,INR,2026-Q1,2026-06-30,5745037000.0,-0.5982063498737198,31.137743672549078,1178130000.0,523312000.0,348374000.0,710822000.0,29.5551,96.3454818436682,76.91598716169325,,,
SHEETAL,INR,2025-H2,2026-03-31,1737628000.0,64.43178925513863,,200319000.0,156297000.0,115078000.0,187376000.0,10.0502,23.82583411364644,,,,
RAMAPHO,INR,2026-Q1,2026-06-30,9275258000.0,18.86639852520058,2.6113887937920803,2532632000.0,809499000.0,537401000.0,886472000.0,15.1866,91.7451579505568,217.96782276144012,,,
GANESHIN,INR,2026-Q1,2026-06-30,10336535000.0,77.14096664674733,64.97887924538492,1457085000.0,1311996000.0,912748000.0,1442709000.0,21.3651,82.21212069524282,21.48958096801802,,,
FOCUS,INR,2026-Q1,2026-06-30,1951973000.0,14.939179139192566,-18.434520471116098,410079000.0,74500000.0,57810000.0,178207000.0,0.854,-31.217783505154646,9.912235415591116,,,
VRAJ,INR,2026-Q1,2026-06-30,6434450000.0,29.014632933524215,13.877726076330138,1001500000.0,382690000.0,359260000.0,633750000.0,10.8924,-0.5859481956081228,-26.05453274295037,,,
EBIX,INR,2025-Q4,2026-03-31,24378600000.0,91.45991068094294,-7.49140250170659,8411910000.0,-471740000.0,-2839500000.0,1030630000.0000001,-14.6829,24.410020386730086,11.316943674976914,,,
S&SPOWER,INR,2026-Q1,2026-06-30,2755926000.0,32.062667239145284,9.437891100429058,361599000.0,83512000.0,80847000.0,108574000.0,6.5509,15313.882352941175,-113.61660720077846,,,
PURPLEUTED,INR,2025-H2,2026-03-31,1706321000.0,65.45741921407964,,735038000.0,292664000.0,151945000.0,356856000.0,15.8115,45.06229472100405,,,,
NEPTUNE,INR,2025-H2,2026-03-31,10520463000.0,,,694231000.0,310618000.0,303339000.0,317921000.0,12.6418,,,,,
RADIANTCMS,INR,2026-Q1,2026-06-30,4351370000.0,1.8297848440739568,4.9327710245596625,3144400000.0,334850000.0,313110000.0,452280000.0,2.9343,-27.165090475835875,17.109375,,,
KRITINUT,INR,2026-Q1,2026-06-30,9395519000.0,21.144716293328603,-3.1949351198379827,753146000.000001,380474000.0,333303000.0,438771000.0,6.6522,3.4749875559980063,40.21268215833004,,,
CHAVDA,INR,2026-Q1,2026-06-30,,,-49.86557744421732,,,,,,,-57.63388718533838,,,
MIRZAINT,INR,2026-Q1,2026-06-30,5135248000.0,-11.433923325660276,25.193056969356594,769637000.0,-227524000.0,-224497000.0,76450000.0,-1.6244,-264.7965912549457,69.21066387872452,,,
KESORAMIND,INR,2026-Q1,2026-06-30,2642384000.0,4.636439234942383,16.576675568204845,-271917000.0,-774836000.0,-89740000.0,-570390000.0,-0.2889,-100.16238036462232,-164.99,,,
SINCLAIR,INR,2026-Q1,2026-06-30,636944000.0,21.1569700866244,20.24372922423208,328939000.0,135052000.0,107795000.0,214155000.0,2.1029,-19.156543133938182,,,,
PRIORITY,INR,2026-Q1,2026-06-30,,,3.9804454256775648,,,,,,,279.557043915062,,,
NDL,INR,2026-Q1,2026-06-30,24465855000.0,-36.82530316274816,15.261616413215688,2230641000.0,376682000.0,367255000.0,818926000.0,0.2548,-1.2403100775193723,55.454545454545446,,,
MANOMAY,INR,2026-Q1,2026-06-30,7442771000.0,5.502037458273815,-3.169118523032513,2243948000.0,547542000.0,201444000.0,838143000.0,11.1611,8.34336413760968,-0.9065626467295165,,,
AEPL,INR,2026-Q1,2026-06-30,770803000.0,-3.309273643224149,-60.0626245374324,129811000.0,112641000.0,86692000.0,124199000.0,0.3453,1.7083946980854112,-58.456486042692944,,,
XTGLOBAL,INR,2026-Q1,2026-06-30,3697176000.0,33.40554763130728,4.229290340742793,397888000.0,209484000.0,124722000.0,270062000.0,0.9317,8.123476848090977,-17.91472590469366,,,
BIRLAPREC,INR,2026-Q1,2026-06-30,2479567000.0,9.595284104671165,-8.664686454685276,1013494000.0,84063000.0,137656000.0,134614000.0,2.0124,65.0861361771944,140.57615691081827,,,
NDLVENTURE,INR,2026-Q1,2026-06-30,0.0,,,0.0,-39848000.0,7572000.0,,0.2249,15.274218349564322,-41.333333333333336,,,
COMMITTED,INR,2025-H2,2026-03-31,2509850000.0,32.392534091796236,,197859000.0,129854999.99999999,117046000.0,143697000.0,10.1628,40.79410379318944,,,,
MANORG,INR,2026-Q1,2026-06-30,6551101000.0,17.281947290714207,16.582952518585063,2223967000.0,599040000.0,207956000.0,884184000.0,24.2813,-10.190668170806127,21.51335099148114,,,
VINYLINDIA,INR,2026-Q1,2026-06-30,6008500000.0,-3.2213900297978575,-44.595195729537366,273999999.999999,227000000.0,186700000.0,228200000.0,10.1816,-14.592490688856834,42.36927202460761,,,
VPRPL,INR,2026-Q1,2026-06-30,7126680000.0,-43.31582702398309,35.67464378493269,-661390000.0,-1799210000.0,-1964370000.0,-1579840000.0,-15.7598,-486.383249975483,69.93929344045135,,2026-08-13,
SAHYADRI,INR,2026-Q1,2026-06-30,7227300000.0,19.925329793412427,32.9323462882994,2464300000.0,558800000.0,447500000.0,798900000.0,40.8814,152.39794532388316,151.3737289894169,,,
ACL,INR,2026-Q1,2026-06-30,4851300000.0,56.39769173732228,-8.188569583467872,990199999.999999,-752800000.0,-734700000.0,131600000.0,-7.971,53.540828816226615,-174.05064493455674,,,
KOTHARIPRO,INR,2026-Q1,2026-06-30,10312400000.0,7.574350896592011,-14.750939701190816,112100000.0,-636900000.0,202700000.0,-612000000.0,3.396,,,,,
PELATRO,INR,2026-Q1,2026-06-30,1517589000.0,,2.85709901643369,220101000.0,220101000.0,199734000.0,280638000.0,18.9003,,-11.144850083287071,,,
GOKUL,INR,2026-Q1,2026-06-30,42107980000.0,15.388826921546936,-3.6972914054270776,1094769999.99999,279947000.0,207026000.0,390015000.0,2.0913,27.603880651656592,4.01150981719703,,,
BATLIBOI,INR,2026-Q1,2026-06-30,4961728000.0,47.53440205001399,-0.27334409516258956,893540999.999999,194227000.0,93034000.0,259495999.99999997,1.9363,12.028465632955333,-77.27835051546391,,,
ALUFLUOR,INR,2026-Q1,2026-06-30,1915761000.0,-3.519655286508341,-48.507125676663094,501103000.0,324314000.0,247763000.0,422946000.0,31.6813,43.09336368522559,-41.13368195226602,,,
MUTHOOTCAP,INR,2026-Q1,2026-06-30,6456373000.0,23.27130856122856,-4.7622604863108355,3204261000.0,911673000.0,239653000.0,983832000.0,14.5708,-20.85216408830176,51.38101223138468,,2022-11-10,
MADHUSUDAN,INR,2026-Q1,2026-06-30,3329361000.0,105.23764669910824,1.1442525979545675,457270000.0,354376000.0,216814000.0,381930000.0,14.6651,105.69028149852029,-0.47393364928908943,,,
PSRAJ,INR,2025-H2,2026-03-31,2663624000.0,1.08480367842753,,237414000.0,115748000.0,85812000.0,131107000.0,2.2767,15.80955287654509,,,,
LORDSCHLO,INR,2026-Q1,2026-06-30,3962865000.0,29.769086332947147,8.912933272568067,789295000.0,490057000.0,329899000.0,656029000.0,11.8405,112.85909466796105,240.69069069069067,,,
FOODSIN,INR,2026-Q1,2026-06-30,7893635000.0,-20.395794597938323,-45.48609524600719,2547804000.0,702992000.0,244236000.0,952737000.0,3.3217,-41.18594851092461,-80.34481457728148,,2025-11-13,2026-11-12
DIGISPICE,INR,2026-Q1,2026-06-30,4486403000.0,-2.9766159181478202,0.5402515388771165,857671000.0,145549000.0,186050000.0,227005000.0,0.8928,,139.81481481481484,,,
VISHNUINFR,INR,2026-Q1,2026-06-30,3641062000.0,57.93959358032681,-51.42988357761361,664862000.0,498169000.0,422103000.0,584341000.0,16.9956,12.247378014952579,-29.142857142857142,,,
HOACFOODS,INR,2026-Q1,2026-06-30,501100000.0,,,123363000.0,64899000.0,44108000.0,69295000.0,10.4391,,,,,
MENNPIS,INR,2026-Q1,2026-06-30,3071344000.0,16.098148080947368,13.714047690584795,511173000.0,354084000.0,260430999.99999997,478519000.0,5.1065,6.106886090678632,85.33363960032156,,,
MAJESAUT,INR,2026-Q1,2026-06-30,199958000.0,-68.5834770941154,-100.0,5546000.00000001,-140594000.0,966522000.0,-76014000.0,92.9573,880.9657981659121,,,,
MARKOLINES,INR,2026-Q1,2026-06-30,3516336000.0,1.249429878512294,-27.850676344629044,2392009000.0,339673000.0,267998000.0,410246000.0,12.1356,33.99878540274941,-61.941747572815544,,,
CPL,INR,2026-Q1,2026-06-30,4286929000.0,46.9646346563912,-42.62821283110839,943150000.000001,431314000.0,281439000.0,459026000.0,4.6883,-18.95764909248056,-52.237426035502956,,,
NICCOPAR,INR,2026-Q1,2026-06-30,591021000.0,-22.81106622731921,24.113623037331422,286701000.0,21622000.0,59043000.0,51888000.0,1.2616,-43.73132331296553,,,,
INNOMET,INR,2025-H2,2026-03-31,538641000.0,65.60779213591964,,97905000.0,29386000.0,15726000.0,56068000.0,1.2153,-16.686090354425176,,,,
SURAJLTD,INR,2026-Q1,2026-06-30,1945353000.0,-15.177802156403807,-10.146265543447981,544336000.0,118543000.0,83157000.0,176966000.0,4.5282,-19.645804127553102,42.53317777453699,,,
BANSWRAS,INR,2026-Q1,2026-06-30,13661334000.0,2.9059350061070894,-13.625742445367125,2834532000.0,792241000.0,371816000.0,1331112000.0,10.8616,89.10458415307207,-59.850403790565295,,,
UYFINCORP,INR,2026-Q1,2026-06-30,2142422999.9999998,115.71998187584956,1.5819536574538904,1616164000.0,875517000.0,619286000.0,893198000.0,3.2553,391.0695429174838,12.491817586733573,,,
TRANSWORLD,INR,2026-Q1,2026-06-30,4654200000.0,4.060278137995796,-22.632532850022656,4900000.00000009,-1075000000.0,-344700000.0,-121000000.0,-15.6985,-243.20704974411836,,,,
LIBERTSHOE,INR,2026-Q1,2026-06-30,7370578000.0,6.4585519450272075,-19.896031649840857,2060496000.0,276938000.0,85458000.0,618555000.0,5.0151,-30.104110047246717,-87.0951140274695,,,
GVKPIL,INR,2026-Q1,2026-06-30,0.0,-100.0,,-500000.0,-122000000.0,-58500000.0,-121500000.0,-0.037,97.73450893950528,81.57894736842105,,,
SBGLP,INR,2026-Q1,2026-06-30,1691621000.0,294.8759666941337,-28.577678298911387,653158000.0,576678000.0,419126000.0,596194000.0,2.4169,241.5147661438463,-29.668320710368253,,,
ADISOFT,INR,2025-H2,2026-03-31,,,,,,,,,,,,,
TARACHAND,INR,2026-Q1,2026-06-30,2914040000.0,10.702850882191598,-24.476110177393867,1784246000.0,383488000.0,229080000.0,1011979000.0,2.9062,-14.731684417451515,-80.60293168618051,,,
AVONMORE,INR,2026-Q1,2026-06-30,1863500000.0,1.8695675941617012,9.11086717892426,936700000.0,156300000.0,154100000.0,218500000.0,0.5307,-48.719683061165334,,,,
JKIPL,INR,2026-Q1,2026-06-30,3653028000.0,,-70.53809622522206,777682000.0,97737000.0,85374000.0,106599000.0,2.2238,,-76.0891705329863,,,
ENCOMPAS,INR,2025-H2,2026-03-31,,,,,,,,,,,,,
EUROBOND,INR,2026-Q1,2026-06-30,5181805000.0,31.110087785327618,-15.078359840749952,1070410000.0000001,464743000.0,256237000.00000003,557784000.0,10.4586,75.36805392534961,-43.89086936522539,,,
SHANKARA,INR,2026-Q1,2026-06-30,13911600000.0,-77.00455558273771,2.8928046989720997,521599999.999999,154100000.0,49600000.0,238700000.0,2.0444,-94.71165536258425,-79.03960396039605,,2021-06-10,2026-11-09
KALYANIFRG,INR,2026-Q1,2026-06-30,2373082000.0,-2.75756573676936,17.236501239126927,791671000.0,221515000.0,123905000.0,326698000.0,34.0497,32.149219323064024,-23.77161323073305,,,
TEAMTECH,INR,2025-Q4,2026-03-31,,,,,,,,,,,,,
RUBFILA,INR,2026-Q1,2026-06-30,5910592000.0,4.591977307052881,-16.879692997995623,996677000.0,286561000.0,257253000.0,399083000.0,4.7405,-11.29635866921148,-9.588230320453214,,,
GOACARBON,INR,2026-Q1,2026-06-30,5628697000.0,-2.9414346162686775,-67.33447095242782,220070000.00000098,-276437000.0,-468658000.0,-245605000.0,-51.2136,-42.17627397199426,-246.52844253447114,,,
OMAXAUTO,INR,2026-Q1,2026-06-30,5068516000.0,31.75475937708283,-30.0552206791725,681093000.0,375253000.0,405029000.0,547216000.0,18.937,55.546429011458386,-38.86497885092057,,,
ORIENTPPR,INR,2026-Q1,2026-06-30,8952215000.0,-0.06943177016967807,-1.666132400628677,1314965000.0,-867134000.0,-710488000.0,-278415000.0,-3.3484,-398.57057772483626,24.60732984293195,-0.31,2024-05-28,2026-11-18
AFIL,INR,2026-Q1,2026-06-30,1589533000.0,40.30728909259921,-1.9375058690956897,952707000.0,591790000.0,442819000.0,616758000.0,1.0164,26.70157068062827,-13.073713490959674,,,
GINNIFILA,INR,2026-Q1,2026-06-30,3700441000.0,-6.939546080056655,14.189111200884316,1606674000.0,494448000.0,354806000.0,592313000.0,4.1425,140.06142790913304,27.01273732275894,,,
FORCAS,INR,2025-H2,2026-03-31,1976494000.0,38.94949225107297,,511817000.0,204310000.0,137273000.0,210217000.0,7.8085,59.10063367224273,,,,
PAKKA,INR,2026-Q1,2026-06-30,3916266000.0,0.1034963040138111,15.40881184472024,962942999.9999989,244705000.0,147030000.0,411353000.0,2.9763,-62.54671750537959,50.806640168342284,,,
ECOLINE,INR,2025-H2,2026-03-31,2783997000.0,,,1214937000.0,215930000.0,201850000.0,242967000.0,9.8389,,,,,
KOTYARK,INR,2026-Q1,2026-06-30,,,44.49031398644021,,,,,,,-58.880542767143204,,,
HALDER,INR,2026-Q1,2026-06-30,7300686000.0,-6.564267313198247,-37.62371483777823,794665000.0,295455000.0,318920000.0,364821000.0,27.5628,52.86340191891743,-65.49521683902313,,,
FELIX,INR,2026-Q1,2026-06-30,1098137000.0,188.0956316194044,-24.61131591601218,574037000.0,291966000.0,201247000.0,317120000.0,12.6429,214.18737574552682,38.80892255892256,,,
C2C,INR,2025-H2,2026-03-31,1456423000.0,,,522669999.99999994,201074000.0,183296000.0,232108000.0,11.0763,,,,,
AUTOIND,INR,2026-Q1,2026-06-30,9375500000.0,42.20816648464992,-8.240295876395562,2198500000.0,610000000.0,399000000.0,843000000.0,8.7934,204.01742497579866,-93.81817096644235,,,
MBLINFRA,INR,2026-Q1,2026-06-30,1905400000.0,55.848192376901686,-28.037562284400146,1088500000.0,-605700000.0,-153700000.0,-58300000.0,-1.0074,81.29942454056062,38.69455463397043,,,
VARDHACRLC,INR,2026-Q1,2026-06-30,3274300000.0,11.408642395372576,-6.287425149700598,932400000.0,321000000.0,417200000.0,350500000.0,5.1914,351.5046094973039,4.0414454353317195,,,
ABMKNO,INR,2026-Q1,2026-06-30,1045228000.0000001,4.364895912484423,2.5194777724244095,243783000.0,137069000.0,84564000.0,179634000.0,4.2277,-42.68691113671797,54.64591790708163,,,
GRETEX,INR,2025-Q4,2026-03-31,718976000.0,151.34162879286828,70.43569553805774,33333000.000000097,6658000.0,26586000.0,16759000.0,2.3132,35.990593768371546,-87.86907147628591,,,
DREAMFOLKS,INR,2026-Q1,2026-06-30,3506210000.0,-73.43844694674068,-25.889549573510134,-190180000.0,-486230000.0,-233820000.0,-448480000.0,-4.4213,-134.5684128225176,-4.2764227642276404,,2026-05-29,2026-10-30
DANGEE,INR,2026-Q1,2026-06-30,296913000.0,9.619836297382014,-2.2385201367511667,91952000.0,1357000.0,-14062000.0,48969000.0,-0.0913,-87.86008230452677,53.188405797101446,,,
ANNU,INR,2025-Q4,2026-03-31,,,,,,,,,,,,,
ROSSELLIND,INR,2026-Q1,2026-06-30,2194000000.0,12.449387524985905,121.8335343787696,423200000.0,155500000.0,116600000.0,207800000.0,3.0931,-42.64708609148726,,,,
MONEYBOXX,INR,2026-Q1,2026-06-30,2251309000.0,5.868923012679026,-17.57065158083356,1312221000.0,264095000.00000003,13049000.0,362250000.0,0.2248,,-57.714285714285715,,,
SWISSMLTRY,INR,2026-Q1,2026-06-30,2579032000.0,13.378695972138818,-17.307988729337634,341610000.0,91510000.0,69912000.0,100393000.0,0.2962,-24.477307496175417,-0.6872852233677053,,,
EMAMIREAL,INR,2026-Q1,2026-06-30,928150000.0,11.978293234370815,-92.248775809252,-322557000.0,-1121305000.0,-1554834000.0,-1104032000.0,-34.8664,15.570568934413334,78.48531849317347,,,
UHTL,INR,2025-H2,2026-03-31,728791000.0,9.076772257518952,,242574000.0,83997000.0,50062000.0,104591000.0,2.6343,-5.594180045871557,,,,
METALIC,INR,,,,,,,,,,,,,,,
VGINFOTECH,INR,2026-Q1,2026-06-30,,,-26.134132932801812,,,,,,,-38.741892309276224,,,
THOMASCOTT,INR,2026-Q1,2026-06-30,2668152000.0,42.24097810157495,-15.411712845214579,1184975000.0,332321000.0,211366000.0,358774000.0,14.4002,31.43785540211211,-9.781972490488723,,,
RRECL,INR,2026-Q1,2026-06-30,2611558000.0,157.92121010408465,-76.8351872653665,667678000.0,88553000.0,-177483000.0,211114000.0,-7.7757,-19065.121951219513,-56.21634615384614,,,
TOLINS,INR,2026-Q1,2026-06-30,3166440000.0,3.5153044712005252,1.6387136482535776,554670000.0,392000000.0,325710000.0,432730000.0,8.244,-16.63885939632944,-30.747469389559306,,,
VGL,INR,2026-Q1,2026-06-30,716082000.0,152.41084678371644,-64.69126721774866,328330000.0,-53214000.0,-195889000.0,-3837000.0,-3.6069,-208.10754106222277,77.06489808423595,,,
HARRMALAYA,INR,2026-Q1,2026-06-30,5475434000.0,2.783571475098594,-15.095406590986638,1555395000.0,164107000.0,271027000.0,234055000.0,14.6855,2.410058647549838,-56.82720349967596,,,
CGRAPHICS,INR,2025-H2,2026-03-31,3459800000.0,37.796718177473316,,535500000.0,278900000.0,187800000.0,333900000.0,7.7376,-9.526092396197527,,,,
APEXECO,INR,2025-H2,2026-03-31,1486507000.0,,,284303000.0,215585000.0,170230000.0,217621000.0,12.9106,,,,,
OPTIMYSTIX,INR,,,,,,,,,,,,,,,
BELLACASA,INR,2026-Q1,2026-06-30,4464344000.0,22.449749825692606,8.402750727312329,396962000.0,272755000.0,179616000.0,320204000.0,13.4167,2.365983550272384,-44.46627565982405,,,
ZODIAC,INR,2026-Q1,2026-06-30,5872649000.0,37.697904207833325,-32.82967032967032,1005886000.0,515673000.0,254062000.0,618564000.0,15.96,19.610591083165346,-34.90701001430615,,,
GRCL,INR,2025-H2,2026-03-31,417859000.0,30.95579847312933,,128933000.0,81784000.0,55869000.0,87948000.0,9.7367,96.20554156171285,,,,
PPAP,INR,2026-Q1,2026-06-30,6068023000.0,10.73895525455081,-10.426950742973796,1062646000.0,185468000.0,463311000.0,545950000.0,32.716,900.5198935747271,-98.09442193829854,,,
INSPIRISYS,INR,2026-Q1,2026-06-30,4982500000.0,35.173629951166575,-24.546801156803273,708100000.0,328800000.0,388600000.0,384300000.0,9.809,9.867831541218619,-53.59353119212178,,,
SHEMAROO,INR,2026-Q1,2026-06-30,5752301000.0,-14.173455441762753,-5.5916968016311595,-1675642000.0,-2170778000.0,-1808595000.0,-2111553000.0,-64.7595,-55.75124823227222,88.83373701319395,,,
KRITI,INR,2026-Q1,2026-06-30,5364232000.0,-22.122146507690832,22.095730462289335,690842000.0,75055000.0,-83396000.0,251379000.0,-1.5826,34.165314696950794,-155.07417618484968,,,
IITL,INR,2026-Q1,2026-06-30,-40394000.0,-119.08077468115256,,-66662000.00000001,-187429000.0,-74114000.0,-165795000.0,-3.7696,-174.5599113888999,,,,
TRACXN,INR,2026-Q1,2026-06-30,838496000.0,-1.5052096181179593,2.894214012701543,-107982000.0,-107982000.0,-120200000.0,-105823000.0,-1.1247,-22.543037698845076,-14.146736927442245,,,
SHAH,INR,2026-Q1,2026-06-30,2362953000.0,48.834682509088985,-8.155430531203638,318679000.0,-7512000.0,131590000.0,33253999.999999996,0.1593,-21.604330708661415,-61.935483870967744,,,
ASHUTOSH,INR,,,,,,,,,,,,,,,
HCL_INSYS,INR,2026-Q1,2026-06-30,187500000.0,-22.4244931733554,-20.833333333333336,-133500000.0,-631700000.0,-451000000.0,-628200000.0,-1.37,-109.86519607843137,-26.675000000000004,,,
TREJHARA,INR,2026-Q1,2026-06-30,1739677000.0,461.7315522491193,61.551800322445814,193459000.0,48204000.0,126896000.0,90849000.0,5.3139,153.2237312365976,56.882099490795156,,,
AASTHA,INR,2026-Q1,2026-06-30,,,-40.11272618483476,,,,,,,-56.48447204968944,,,
NIMBSPROJ,INR,2026-Q1,2026-06-30,2277952000.0,3783.1816167195116,-98.65492222945736,321189000.0,-340628000.0,-399264000.0,-324338000.0,-20.6671,82.90766029521711,96.76174292996723,,,
KCPSUGIND,INR,2026-Q1,2026-06-30,2786025000.0,-0.908531855344827,13.41603097818503,451660000.0,-23151000.0,382261000.0,37289000.0,3.3714,,,,,
UCL,INR,2025-H2,2026-03-31,1388900000.0,77.95094401508784,,-7894999.99999989,-29505000.0,-2044000.0,3164000.0,-0.5065,78.89231538589765,,,,
OILCOUNTUB,INR,2026-Q1,2026-06-30,629615000.0,-48.59056084434889,-41.598729912045066,-495604000.0,-719258000.0,-677833000.0,-30889000.0,-13.0322,-96.17353082851636,-10.564642189942425,,,
SYSTANGO,INR,2025-H2,2026-03-31,903786000.0,34.603332519167644,,475437000.0,332992000.0,318767000.0,340379000.0,21.7274,34.302138706885884,,,,
HPAL,INR,2026-Q1,2026-06-30,2516646000.0,-2.657962283067297,9.677848936453554,469887000.0,5229000.00000001,18777000.0,62146000.0,0.2044,-88.84096740732653,61.81254841208366,,,
SCANSTL,INR,2026-Q1,2026-06-30,8640439000.0,9.699327389387689,-8.475552322350971,1210864000.0,376803000.0,247649000.0,533905000.0,4.0971,37.50041950531934,69.08527131782945,,,
ESSARSHPNG,INR,2026-Q1,2026-06-30,1300000.0,-98.61849096705633,0.0,-95900000.0,995200000.0,909900000.0,1003100000.0,4.3961,-87.40430238155271,,,,
YASHOPTICS,INR,2025-H2,2026-03-31,539898000.0,24.951803464596086,,242787000.0,121193000.0,90481000.0,147282000.0,3.6535,-5.630892418959059,,,,
REMSONSIND,INR,2026-Q1,2026-06-30,4888033000.0,22.289760228125903,-8.190780014033582,989563000.0,309264000.0,172881000.0,493951000.0,4.9587,13.00077480515929,-45.019999999999996,,,
ATMASTCO,INR,2026-Q1,2026-06-30,2632885000.0,,,1176864000.0,483413000.0,247440000.0,524964000.00000006,10.0062,,,,,
ASHIMASYN,INR,2026-Q1,2026-06-30,304600000.0,107.6346284935242,43.32386363636363,253100000.0,126700000.0,-158300000.0,129500000.0,-0.8259,30.421229991575405,,,,
KATARIA,INR,2025-H2,2026-03-31,3310382000.0,-5.581486751701975,,412348000.0,158639000.0,121246000.0,211538000.0,5.6312,10.669575300198485,,,,
VERTOZ,INR,2026-Q1,2026-06-30,3030091000.0,14.120672018752892,10.790440403152154,608073000.0,350117000.0,263983000.0,538611000.0,3.0973,-2.8389484911224048,-0.08890017780035991,,,
BEDMUTHA,INR,2026-Q1,2026-06-30,16975698000.0,51.927117360774254,24.28779371056131,1651337000.0,416472000.0,167259000.0,664669000.0,5.1841,45.7845894263217,-52.70073636403721,,,
DEVX,INR,2026-Q1,2026-06-30,2352801000.0,,-10.446656195490027,1115812000.0,623393000.0,101538000.0,1243925000.0,1.1189,,-81.73307455188949,,,
CPEDU,INR,2026-Q1,2026-06-30,510551000.0,-0.6056511869673169,34.656131823172274,413455000.0,254402000.0,238553000.0,260130999.99999997,13.1124,13.795258096990306,44.58944901877827,,,
SHANTIINOR,INR,,,,,,,,,,,,,,,
GEEKAYWIRE,INR,2026-Q1,2026-06-30,4438162000.0,-2.004896043531378,-13.225094692815045,700501000.0,294628000.0,286862000.0,390553000.0,2.7446,-14.067441059519709,-14.608480346641914,,,
NURECA,INR,2026-Q1,2026-06-30,1531300000.0,23.92366955846174,13.947182601327496,388350000.0,104790000.0,43370000.0,125720000.0,4.1917,,,,,
SIMCA,INR,2025-H2,2026-03-31,,,,,,,,,,,,,
RUCHIRA,INR,2026-Q1,2026-06-30,6551944000.0,-1.2563697118506028,-3.893115552847463,660993000.0,495399000.0,333071000.0,684509000.0,11.16,-52.096425260121556,-35.53871684879607,,,
AVG,INR,2026-Q1,2026-06-30,5648644000.0,2.028782997526879,-14.684059998235421,764644000.0,416711000.0,276532000.0,832300000.0,17.7209,26.422538024712495,-41.182435858432214,,,
QMSMEDI,INR,2026-Q1,2026-06-30,1832480000.0,6.451897740000093,28.009310324645796,627684000.0,231953000.0,108869000.0,277435000.0,5.727,-19.031259278110017,112.02247191011236,,,
DBEIL,INR,2026-Q1,2026-06-30,5375324000.0,-7.844837547527768,-61.965336220711755,756716999.9999989,594874000.0,275405000.0,666047000.0,0.5912,-51.786005545588,-80.16688061617458,,,
ALMONDZ,INR,2026-Q1,2026-06-30,1874100000.0,22.091205211726383,-19.928762243989315,911000000.0,202800000.0,325300000.0,259200000.0,1.8682,77.18133535660093,138.70390261367703,,,
HILINFRA,INR,2026-Q1,2026-06-30,7993330000.0,,10.434956759217114,283139999.99999905,156830000.0,258777000.0,183230000.0,3.6079,,-87.92093704245974,,,
CLAYCRAFT,INR,,,,,,,,,,,,,,,
DCMNVL,INR,2026-Q1,2026-06-30,10618800000.0,0.21233826901843095,9.27235401459854,2009600000.0,588400000.0,293500000.0,877200000.0,15.7139,114.07708131820225,533.0459770114942,,,
AVANA,INR,2025-H2,2026-03-31,,,,,,,,,,,,,
SILKFLEX,INR,2025-Q4,2026-03-31,1102033000.0,,16.461760444553093,264672000.00000003,198687000.0,121533000.0,217455000.0,10.4707,,14.561137928079754,,,
SHREEDHAR,INR,,,,,,,,,,,,,,,
TIRUPATI,INR,2025-H2,2026-03-31,2005949000.0,-3.700750394736136,,527717000.0,94438000.0,28450000.0,125423000.0,2.8085,-80.1670809558782,,,,
GULFPETRO,INR,2026-Q1,2026-06-30,7143886000.0,18.758251619237416,41.59883293814461,930311999.999999,535573999.99999994,406150000.0,575326000.0,7.9846,53.196469685341526,120.70850645090752,,,
MEGASTAR,INR,2026-Q1,2026-06-30,5578122000.0,35.58112425356664,-9.237184801890145,490073999.999999,268017999.99999997,99124000.0,359537000.0,8.7769,99.20788034226831,-0.3981854838709687,,,
CINELINE,INR,2026-Q1,2026-06-30,2506810000.0,14.237474280948875,-4.745176562093226,952185000.0,240079000.0,123648000.0,553638000.0,3.6084,,-136.4923522116577,,,
CLEDUCATE,INR,2026-Q1,2026-06-30,5299472000.0,28.517380069818564,8.387572795067063,3635177000.0,39466000.0,-235587000.0,478281000.0,-4.3447,-21.184313287961608,84.99156829679596,,,
PONNIERODE,INR,2026-Q1,2026-06-30,4464900000.0,22.292522596548892,2.6021889658253294,580800000.0,314300000.0,494800000.0,427100000.0,57.5455,213.3637918077957,-104.61020335814884,,,
ESFL,INR,2026-Q1,2026-06-30,1535417000.0,-14.517833362283596,-1.4620310899541402,258158000.00000003,-60612000.0,-54542000.0,-24236000.0,-2.1958,-149.045140827768,,,,
APOLSINHOT,INR,2026-Q1,2026-06-30,6716384000.0,21.59190109545939,-2.2437349261484094,742526000.0,164531000.0,83123000.0,308443000.0,31.9655,-18.38998585601732,-35.13176210819373,,,
DAVANGERE,INR,2026-Q1,2026-06-30,2494181000.0,28.90903527840574,-58.585031936037254,569537000.0,356776000.0,81409000.0,483817000.0,0.0569,-51.074806534823736,-51.470588235294116,,,
AKSHARCHEM,INR,2026-Q1,2026-06-30,4163380000.0,16.517108512500865,33.164597406476815,892680000.0,163008000.0,140628000.0,332128000.0,17.5061,224.78849721706865,214.63414634146346,,,
AXITA,INR,2026-Q1,2026-06-30,2719809000.0,-58.44339730749309,-4.506860403005666,123470000.0,22701000.0,38806000.0,28763000.0,0.1014,,,,,
RHL,INR,2026-Q1,2026-06-30,1488843000.0,6.521536933745059,-15.981951617826997,910682000.0,333592000.0,267947000.0,503139000.0,15.4957,40.09945300845351,-21.079273051622245,,,
BRANDMAN,INR,2026-Q1,2026-06-30,,,,,,,,,,,,,
ARIHANTACA,INR,2026-Q1,2026-06-30,667128000.0,42.02462281282532,40.31322135924806,103304000.0,103304000.0,91981000.0,138270000.0,15.1917,63.95277307115338,-38.26593806921675,,,
AMBALALSA,INR,2026-Q1,2026-06-30,2054955000.0,4.9369981233483555,-33.47931583681111,507543000.0,104150000.0,135559000.0,148253000.0,1.7689,5.846098611775964,-38.84959924563885,,,
UCAL,INR,2026-Q1,2026-06-30,8464442999.999999,4.532243310762009,-12.989680212512067,2015824000.0,263909000.0,-214767000.0,596630000.0,-9.7119,-8.599000324279597,,,,
HIGREEN,INR,2025-H2,2026-03-31,1386816000.0,43.287875328174835,,293188000.0,122980000.0,34317000.0,231276000.0,1.3732,-69.16513225849913,,,,
GRAVISSHO,INR,2026-Q1,2026-06-30,652200000.0,5.670771224886584,-31.087824351297407,318100000.0,21900000.0,400000.0,93100000.0,0.0057,-99.48924731182795,-988.3838383838382,,,
ATLANTAA,INR,2026-Q1,2026-06-30,777177000.0,41.885090123066874,-39.854125094612264,33535999.999999903,-124511000.0,-50620000.0,320876000.0,-0.6211,-133.47887020267356,-123.41917725575959,,,
MAHICKRA,INR,2025-H2,2026-03-31,1063281000.0,20.611108716415337,,119345000.0,73207000.0,51544000.0,76384000.0,6.2783,101.3566388710712,,,,
LYKALABS,INR,2026-Q1,2026-06-30,1377286000.0,-2.6011478938778048,50.939505613488066,311713000.0,-111539000.0,-88991000.0,-27963000.0,-2.5009,-218.86971814249728,,,,
DYNAMIC,INR,2025-H2,2026-03-31,4909248000.0,78.68867555393784,,2216107000.0,765669000.0,431703000.0,782536000.0,18.3561,103.6963879487322,,,,
TCL,INR,2025-H2,2026-03-31,1455740000.0,19.12278548340903,,415946000.0,259677000.00000003,127514000.0,356990000.0,5.2372,9.548810843600293,,,,
SAB,INR,2026-Q1,2026-06-30,302486000.0,-24.78279249036429,-49.30012106441735,58629000.0,33103000.0,-198458000.0,39959000.0,-13.0478,-172.87034710005304,,,,
MODIRUBBER,INR,2026-Q1,2026-06-30,,,-35.02078829203393,,,,,,,,,,
MEDICO,INR,2026-Q1,2026-06-30,2375264000.0,49.959120952106176,22.167593477644758,470782000.0,144526000.0,138151000.0,175017000.0,1.6648,33.69739800835207,-57.013318220459055,,,
RBMINFRA,INR,2025-H2,2026-03-31,4922166000.0,117.98912039794737,,2899887000.0,674646000.0,452772000.0,735738000.0,42.5818,118.22272331266335,,,,
ANNAPURNA,INR,2026-Q1,2026-06-30,5200805000.0,96.27693861407661,,1313759000.0,602924000.0,309562000.0,724056000.0,14.1871,88.94216042723772,,,,
AGARWALTUF,INR,2025-H2,2026-03-31,949239000.0,,,309831000.0,256970000.00000003,215975000.0,280639000.0,12.2195,,,,,
PRIMECAB,INR,2025-H2,2026-03-31,2348768000.0,,,319990000.0,220417000.0,122386000.0,234810000.0,6.679,,,,,
OMFREIGHT,INR,2026-Q1,2026-06-30,5758360000.0,,29.296509295171862,526640000.0,231670000.0,201090000.0,336670000.0,5.8038,,77.6157312576813,,,
EMPOWER,INR,2026-Q1,2026-06-30,1641966600.0,46.49218574980321,-15.618114226254026,32612299.999999996,25787900.0,193364100.0,25787900.0,0.1662,493.5714285714285,-89.31552587646077,,,
COOLCAPS,INR,2025-H2,2026-03-31,5308871000.0,122.60434543968677,,379319000.0,-26986000.0,83669000.0,56896000.0,0.719,-30.5716492854384,,,,
SAYAJIIND,INR,2026-Q1,2026-06-30,10878785000.0,8.506719939309244,7.6564459638637965,2138424000.0,319102000.0,121622000.0,529861999.99999994,4.811,,-35.82402879025562,,,
CKKRETAIL,INR,2025-H2,2026-03-31,,,,,,,,,,,,,
PKTEA,INR,2026-Q1,2026-06-30,608102000.0,9.321314799767013,69.92472505226279,258555999.99999997,8013000.0,-46205000.0,31675000.0,-14.9247,-184.1577291335386,,,,
VIJIFIN,INR,2026-Q1,2026-06-30,66553000.0,117.76388979778811,-11.693565558063279,57559000.0,45041000.0,41285000.0,48295000.0,0.2757,,-56.30810092961488,,,
TERASOFT,INR,2026-Q1,2026-06-30,2551760000.0,120.86409954360269,-33.2713829257719,423646000.0,355359000.0,247995000.0,363496000.0,19.8207,125.66861358745773,-35.62949484446755,,,
APCL,INR,2026-Q1,2026-06-30,4054400000.0,-10.652739212834412,-27.636246372138018,738900000.0,-107900000.0,-324600000.0,224100000.0,-11.0503,50.21467928761618,-695.4455445544555,,,
JAINIK,INR,2025-H2,2026-03-31,3934839000.0,,,220067000.0,185225000.0,140174000.0,195251000.0,10.1699,,,,,
QUALIANCE,INR,,,,,,,,,,,,,,,
AAREYDRUGS,INR,2026-Q1,2026-06-30,4146862000.0,-7.6915714057392055,-76.4474931441202,118619000.0,35798000.0,41744000.0,67947000.0,1.467,-0.34644385571631564,-34.25909007856751,,,
SONAMLTD,INR,2026-Q1,2026-06-30,1996633000.0,67.26744337035898,4.583509420741814,239781000.0,141335000.0,90015000.0,169389000.0,2.2486,38.879624482737334,3.649433231960185,,,
DYNPRO,INR,2026-Q1,2026-06-30,3706448000.0,-2.9468031566494353,-17.069779759014875,1434078000.0,356224000.0,203243000.0,522437000.0,16.5953,19.193420958126854,-14.580310245457703,,,
GENUSPAPER,INR,2026-Q1,2026-06-30,9268185000.0,2.0908264168950117,-3.258678685718456,2204304000.0,556907000.0,140242000.0,785069000.0,0.5454,393.128390596745,-7.244414353419085,,,
TIGERLOGS,INR,2026-Q1,2026-06-30,6228273000.0,15.840406889263434,-6.165485878528522,332245999.999999,221845000.0,189465000.0,231718000.0,1.7921,-80.04165181753386,-2.285714285714285,,,
VARDMNPOLY,INR,2026-Q1,2026-06-30,2379143000.0,-15.177531775317753,-6.3215342053399874,182076000.0,43342000.0,3186768000.0,112512000.0,6.6048,806.2568605927552,35105.46448087432,,,
MAHEPC,INR,2026-Q1,2026-06-30,3042100000.0,5.117484450587422,-49.38317757009346,1268700000.0,144100000.0,95700000.0,174900000.0,3.4211,-11.71126996825724,-144.77777777777777,,,
ELGIRUBCO,INR,2026-Q1,2026-06-30,3510134000.0,-5.883680960539687,-18.813509653641095,691279000.0,-2104114999.9999998,-1978764000.0,-1931628000.0,-39.5369,-656.4699129436526,,,,
PODDARMENT,INR,2026-Q1,2026-06-30,3737349000.0,3.5549818123782226,-10.275465172883738,695489000.0,125262000.0,152412000.0,224675000.0,14.3649,-21.346401292194813,-2.03762106063656,,,
TAMBOLIIN,INR,2026-Q1,2026-06-30,821470000.0,14.861992785033138,-19.002746950884518,245434000.0,132874000.0,106239000.0,176416000.0,10.7096,39.90698646600826,-48.93709747711976,,,
SAVY,INR,2025-H2,2026-03-31,6382762000.0,,,619482000.0,593698000.0,420343000.0,596093000.0,32.8066,,,,,
EXXARO,INR,2026-Q1,2026-06-30,3252000000.0,5.158931621471824,-14.696220194065138,406324000.0,160941000.0,40944000.0,257920000.00000003,0.0915,-74.50543326831985,952.2727272727271,,,
SUNDRMBRAK,INR,2026-Q1,2026-06-30,3436207000.0,-4.6860515496459785,0.6029945152158528,1082115000.0,32650000.0,35815000.0,93307000.0,9.1026,13.744111362415182,-93.54344068796897,,,
RCOM,INR,2026-Q1,2026-06-30,3050000000.0,-11.594202898550725,-8.641975308641975,370000000.0,-4590000000.0,-93750000000.0,-3500000000.0,-34.1632,3.4250370320114807,73.88839681133746,,,
ESCONET,INR,2026-Q1,2026-06-30,3544040000.0,152.15528435096718,,349693000.0,63623000.0,61549000.0,88153000.0,4.6929,6.8097503243280135,,,,
NATHBIOGEN,INR,2026-Q1,2026-06-30,4898056000.0,21.01937770363291,536.5310663503434,2223118000.0,453110000.0,386745000.0,493053000.0,20.3507,-3.1255801554697697,,,,
CMNL,INR,2025-H2,2026-03-31,5412653000.0,214.35266090190672,,823537000.000001,256406999.99999997,-41742000.0,399614000.0,-1.7295,-142.69632409213222,,,,
GICL,INR,2026-Q1,2026-06-30,1767097000.0,54.33619862947895,-31.962349014534496,226457000.0,192945000.0,99473000.0,197903000.0,1.3293,20.724729815638902,18.214285714285708,,,
PLAZACABLE,INR,2026-Q1,2026-06-30,3429330000.0,45.132252740276776,-19.09134111022443,549770000.0,177060000.0,107210000.0,208340000.0,2.4504,227.15620827770363,15.193277310924378,,,
QUINT,INR,2026-Q1,2026-06-30,1080375000.0,229.14379200458205,1.9629388702333022,-153081000.0,-153081000.0,322224000.0,-67096999.99999999,6.822,,-36.673120361406895,,,
GCHOTELS,INR,2025-H2,2026-03-31,1405383000.0,93.52108254144423,,983315000.0,146784000.0,124081000.0,196160000.0,4.9782,16.618253373313355,,,,
DJML,INR,2026-Q1,2026-06-30,1490159000.0,61.37775910279208,-31.2123539560506,241568000.0,190945000.0,117829000.0,271031000.0,3.486,54.94710640945863,-61.13489054665525,,,
BALAJIPHOS,INR,2025-H2,2026-03-31,1704737000.0,34.74498837299373,,461393000.0,177574000.0,102239000.0,189021000.0,4.2948,12.11235251122482,,,,
TECHERA,INR,2025-H2,2026-03-31,484978000.0,-2.0159367701371433,,188492000.0,54524000.0,27684000.0,83143000.0,1.6757,-10.738827038832365,,,,
MKEXIM,INR,2025-Q4,2026-03-31,,,,,,,,,,,1.0,2023-11-29,2026-11-11
NDGL,INR,2026-Q1,2026-06-30,4914665000.0,168.691310318887,5.104983490306827,3867537000.0,-186877000.0,-3275000.00000002,2330000.0,-3.275,-100.7357252453728,,,,
SSFL,INR,2025-H2,2026-03-31,1744215000.0,53.262938313999165,,436928000.0,262697999.99999997,162349000.0,297834000.0,18.943,47.9690673332292,,,,
RPPINFRA,INR,2026-Q1,2026-06-30,14952300000.0,3.675583475475309,-23.145564855409415,642100000.0,-55900000.0,47500000.0,21100000.0,0.962,-92.84396572244704,,,,
CPS,INR,2025-H2,2026-03-31,312532000.0,1.2839874258677124,,111474000.0,10828000.0,1280000.0,21079000.0,0.2924,-56.79030589626126,,,,
SKP,INR,2026-Q1,2026-06-30,1027017000.0,98.7919764473152,-41.78853398551545,334577000.0,48224000.0,5882000.0,97129000.0,0.3548,-94.48348777909074,,,,
SOMATEX,INR,2026-Q1,2026-06-30,1072200000.0,956.3546798029556,-44.13616686343959,117200000.0,29200000.0,89500000.0,30800000.0,2.7095,-87.5180813915992,-43.4373519258106,,,
CHEMBOND,INR,2026-Q1,2026-06-30,2648146000.0,-26.356885779931577,0.9224611413766817,623669000.0,138739000.0,146267000.0,175822000.0,10.8763,-55.58536595325892,64.31520858256475,,,
SHREEKARNI,INR,2025-H2,2026-03-31,2035441000.0,21.8989721381957,,361109000.0,216502000.0,152354000.0,311954000.0,21.0809,-1.3112681990543555,,,,
EPWINDIA,INR,2025-H2,2026-03-31,,,,,,,,,,,,,
KMSUGAR,INR,2026-Q1,2026-06-30,6400800000.0,-8.263823200619141,79.1961505802434,1484100000.0,542800000.0,481200000.0,765000000.0,5.2304,15.479213123440713,-15.26284348864994,,,
YAAP,INR,2025-H2,2026-03-31,,,,,,,,,,,,,
TAKE,INR,2026-Q1,2026-06-30,845586000.0,,-43.945498133257544,-35999.9999999327,-17357000.0,128216000.00000001,-17295000.0,0.8726,-68.34276592657089,-75.63624024431626,,,
A2ZINFRA,INR,2026-Q1,2026-06-30,3643773000.0,5.881835019779983,-25.792987861396377,426615000.0,-108388000.0,36627000.0,-62089000.0,0.209,-62.068965517241395,-99.03169014084506,,,
DIAMINESQ,INR,2026-Q1,2026-06-30,406002000.0,-39.300493965960605,54.75062451546214,26235000.0,-132828000.0,-100716000.0,-94669000.0,-10.225,-700.7285118383174,95.72183611469474,,,
AARON,INR,2026-Q1,2026-06-30,972021000.0,21.534983689407305,-10.57492800134666,230693000.0,150261000.0,83006000.0,189671000.0,3.9628,11.675355784134139,10.347316193053677,,,
MARC,INR,2025-H2,2026-03-31,,,,,,,,,,,,,
NILAINFRA,INR,2026-Q1,2026-06-30,3043142000.0,2.062416489136209,-8.433953486650271,372510000.0,293848000.0,250154000.0,310157000.0,0.6351,12.566465792272236,44.30976430976431,,,
PRAMODINI,INR,,,,,,,,,,,,,,,
ASHWINI,INR,2025-H2,2026-03-31,,,,,,,,,,,,,
JAYSREETEA,INR,2026-Q1,2026-06-30,9464700000.0,6.64931377188831,16.03444394416928,1197800000.0,19700000.0,-220200000.0,242300000.0,-7.6253,-130.77559520686438,82.61097444481076,,,
SIKKO,INR,2026-Q1,2026-06-30,646003000.0,0.9793071538661139,60.911249169979165,145272000.0,70008000.0,60509000.0,77324000.0,0.1385,10.446570972886763,,,,
ACTIVEINFR,INR,2025-Q4,2026-03-31,,,48.52293340243586,,,,,,,94.79695431472084,,,
SRD,INR,2026-Q1,2026-06-30,4780961000.0,12.407030093166227,-2.6922259678058476,295583000.0,258200000.0,184399000.0,259505999.99999997,2.8827,51.78496208930075,91.27481017716796,,,
STARPAPER,INR,2026-Q1,2026-06-30,4122426000.0000005,-2.690557026009506,-8.103381353305199,835634000.0,78846000.0,309493000.0,149977000.0,19.8287,-22.715916576047764,,,,
PUSHPA,INR,2025-H2,2026-03-31,4183886999.9999995,,,442511999.999999,372024000.0,258850000.00000003,382348000.0,10.6862,,,,,
CPCAP,INR,2026-Q1,2026-06-30,790505000.0,-13.738749552601027,18.042693539030104,649823000.0,590206000.0,451110000.0,614615000.0,24.7959,-0.9617880950764284,45.69636635141861,,,
GLOBECIVIL,INR,2026-Q1,2026-06-30,4306690000.0,,-35.53289565581785,638830000.0,511150000.0,253400000.0,574660000.0,4.2432,,23.148724331051657,,,
SHRADHA,INR,2026-Q1,2026-06-30,1121623000.0,8.13398466912124,-42.575832147351115,221021000.0,157520000.0,266159000.0,192857000.0,3.7684,28.41710683250981,-68.95324841670818,,,
ALLETEC,INR,2026-Q1,2026-06-30,1409790000.0,0.05088451769354746,7.009353863865305,329263000.0,213027000.0,244690000.0,227153000.0,12.1169,-19.243278548673047,-13.450050070789734,,,
KRISHCA,INR,2025-H2,2026-03-31,2336494000.0,56.599165427855624,,335171000.0,201812000.0,113318000.0,285303000.0,7.6653,-10.341076566776616,,,,
BIMETAL,INR,2026-Q1,2026-06-30,3048553000.0,20.756484532268377,-15.648311273415349,820867000.0,92781000.0,114212000.0,173047000.0,29.8593,-0.24821605152737183,3.7893294096305525,,,
LANCORHOL,INR,2026-Q1,2026-06-30,2270009000.0,14.163970999448797,-28.127866436187354,1255621000.0,912424000.0,575801000.0,944490000.0,7.8286,2955.659640905543,-59.9443077764111,,,
SPENCERS,INR,2026-Q1,2026-06-30,18536334000.0,-0.48766393524470597,7.641490118086794,1504128000.0,-891985000.0,-2481707000.0,36272000.0,-27.5708,6.188264516238803,7.831242623040814,,2025-01-16,
VMSTMT,INR,2026-Q1,2026-06-30,8740556000.0,,2.75640222735217,2023988000.0,429119000.0,169247000.0,530068000.0,3.4101,,95.08019072388385,,,
EQUIPPP,INR,2026-Q1,2026-06-30,482421000.0,196.91465921540149,2.6171251713880226,445035000.0,25937000.0,14760000.0,33932000.0,0.1432,104.86409155937051,-69.37033084311632,,,
AKANKSHA,INR,2025-H2,2026-03-31,916187000.0,16.3499233593374,,158345000.0,100274000.0,58339000.0,113912000.0,2.9863,27.49434316697264,,,,
MAGSON,INR,2025-H2,2026-03-31,1085500000.0,61.12130333849871,,161154000.0,4572000.0,7557000.0,26391000.0,0.56,9.6319498825372,,,,
SVGLOBAL,INR,2026-Q1,2026-06-30,235708000.0,204.32784176005785,381.1998512141984,,-24109000.0,-50514000.0,-13125000.0,-2.7935,-1028.0730897009967,,,,
MERCANTILE,INR,2026-Q1,2026-06-30,952937000.0,24.540554810615266,-2.710568556222016,83239999.9999999,-1539000.0,71193000.0,7374000.0,0.6361,-34.58453311394488,-118.53269537480062,,,
ASCOM,INR,2025-H2,2026-03-31,130633000.00000001,1.095831043902892,,122994000.0,70068000.0,52268000.0,72255000.0,4.4619,2.2527271060592184,,,,
MARALOVER,INR,2026-Q1,2026-06-30,10185831000.0,-0.29588709305613836,1.932636363073072,2157859000.0,318682000.0,218114000.0,634940000.0,5.2547,,-55.07359361357116,-3.47,2023-08-04,2026-10-30
VOLERCAR,INR,2026-Q1,2026-06-30,547027000.0,,1.8564312081138228,53761000.000000104,16896000.0,32956000.000000004,18752000.0,2.9574,,57.2296865003199,,,
VETO,INR,2026-Q1,2026-06-30,4112000000.0,35.24594073057147,-35.64931141439653,811188000.0,366192000.0,273628000.0,408751000.0,14.315,31.03334645344952,-32.53743687967962,,,
SAKUMA,INR,2026-Q1,2026-06-30,16658332999.999998,-13.44417190543771,-53.3613066763829,650588000.0,31153000.0,106783000.0,56500000.0,0.0681,-0.7288629737609337,-56.730769230769226,,,
IVC,INR,2026-Q1,2026-06-30,667837000.0,46.333217202293696,-73.22730512367025,,118989000.0,49248000.0,121019000.0,0.1568,-71.76301098505313,-12.464589235127473,,,
SAHLIBHFI,INR,2026-Q1,2026-06-30,427200000.0,15.45945945945946,1.0018214936247722,364600000.0,260800000.0,198200000.0,262200000.0,6.4082,12.830354784752176,-4.287090558766868,,,
NIPPOBATRY,INR,2026-Q1,2026-06-30,4491658000.0,-3.5610827745948694,8.423561438197716,873297999.9999989,-341373000.0,-252279000.0,-208439000.0,-33.6372,-186.74259215057793,,,,
AHLEAST,INR,2026-Q1,2026-06-30,1241965000.0,7.517242633086636,-21.745310497495048,802265000.0,329544000.0,-477959000.0,378297000.0,-27.641,-520.0121562072633,-42.39509077906199,,,
COASTCORP,INR,2026-Q1,2026-06-30,10408847000.0,53.28231309046366,-21.804962396103413,3083160000.0,482610000.0,322309000.0,652906000.0,4.8122,348.4391016680645,16.930572472594395,,2022-11-12,
SPUNWEB,INR,2025-H2,2026-03-31,3250824000.0,,,748420000.0,431922000.0,230680000.0,559812000.0,9.5704,,,,,
RNBDENIMS,INR,2026-Q1,2026-06-30,4826446000.0,23.436994971059434,-13.304332222544296,661719000.0,196637000.0,209163000.0,377350000.0,0.7749,-27.94979079497907,291.7874396135266,,,
PRITIKAUTO,INR,2026-Q1,2026-06-30,5133035000.0,34.12917494788256,4.6995046995047,1756994000.0,518760000.0,218018000.0,730967000.0,1.3093,20.595007829050363,42.78095238095238,,,
SAPPL,INR,2026-Q1,2026-06-30,7250094000.0,28.460622279992332,15.254854890412254,1428050000.0,865568000.0,415231000.0,1064305000.0000001,46.5859,180.02728988591147,93.64560301740956,,,
FCSSOFT,INR,2026-Q1,2026-06-30,659640000.0,84.95080707794884,-39.78761313167911,185000000.0,14848000.0,28152000.0,52587000.0,0.0165,0.6097560975609719,-88.29113924050633,,,
OLIL,INR,2025-H2,2026-03-31,1152191000.0,156.61212335829987,,67283000.0,52531000.0,28410000.0,59105000.0,5.71,-3.0033294829109205,,,,
JAINAM,INR,2025-H2,2026-03-31,2062105000.0,-7.084429008368284,,284703000.0,49113000.0,65226000.0,86597000.0,5.635,-40.512636446171065,,,,
LEMERITE,INR,2026-Q1,2026-06-30,3367637000.0,-35.9181391574953,19.17992298499535,290214000.000001,-29631000.0,27904000.0,-17090000.0,0.2112,-21.252796420581653,-665.9340659340659,,,
AVATAR,INR,2025-H2,2026-03-31,,,,,,,,,,,,,
LOTUSEYE,INR,2026-Q1,2026-06-30,572543000.0,14.078069366211915,25.335067454369103,108019000.0,2856000.0,1493000.0,48515000.0,0.0718,-77.40006295247088,,,,
FINBUD,INR,2025-H2,2026-03-31,3178797000.0,,,3129179000.0,151215000.0,114662000.0,175732000.0,6.0192,,,,,
WTICAB,INR,2025-H2,2026-03-31,8265261000.0,50.66399435643078,,771490999.9999981,463422000.0,312841000.0,936019000.0,13.138,34.001060748235496,,,,
BTTL,INR,2026-Q1,2026-06-30,276776000.0,137.70042683293397,-21.596383214405318,52178000.0,5387000.0,-79006000.0,5387000.0,-1.3535,-158.60322133702803,,,,
RVHL,INR,2026-Q1,2026-06-30,817843000.0,1078.7708450440323,37.730352303523034,696602000.0,655246000.0,477236000.0,681078000.0,7.782,,42.61576971214017,,,
SSDL,INR,2026-Q1,2026-06-30,6339800000.0,0.9504610588031102,10.526985838706537,385780000.0,259850000.00000003,236590000.0,308460000.0,5.9745,-23.252318680471703,98.04084540489195,,,
NITIRAJ,INR,2026-Q1,2026-06-30,547160000.0,-33.90550163375995,130.41723733124633,194168000.0,19269000.0,24076000.0,54753000.0,2.3504,-60.85537272666711,,,,
UFO,INR,2026-Q1,2026-06-30,4860600000.0,11.740499781604175,-16.911875093829757,1101800000.0,352600000.0,240300000.0,767100000.0,6.191,18.69931169354065,25.896725004332023,,,
TRF,INR,2026-Q1,2026-06-30,876471000.0,-17.808600702565123,34.28524265434137,170685000.0,6622000.0,-60994000.0,37081000.0,-5.5427,-125.08803693477573,,,,
STARTECK,INR,2026-Q1,2026-06-30,547512000.0,38.85917325440725,6.342773963986629,317994000.0,280334000.0,243849000.0,285816000.0,24.6056,100.30608922175186,-17.484464989390727,,,
DAICHI,INR,2026-Q1,2026-06-30,1796900000.0,-3.8936727817296894,40.21818181818182,241300000.0,-21100000.0,21700000.0,81700000.0,2.9123,-74.79662835779563,3155.1324503311257,,,
WORTHPERI,INR,2026-Q1,2026-06-30,3106830000.0,8.747532307519986,7.719943515812289,603813000.0,288388000.0,153614000.0,356042000.0,9.7527,-1.3363952735513054,21.0764380682597,,,
BI,INR,2026-Q1,2026-06-30,7730400000.0,-0.9253325814472099,20.355962911648724,1568900000.0,373300000.0,77600000.0,703800000.0,3.2958,,-5.010214144829521,,,
ZEELEARN,INR,2026-Q1,2026-06-30,4240139000.0,6.0101271354777515,-47.21152747403185,1587700000.0,622439000.0,450515000.0,1067147999.9999999,1.3769,317.8755690440061,-81.49215036727641,,,
ACCPL,INR,2025-H2,2026-03-31,896271000.0,,,187775000.0,137405000.0,96675000.0,149516000.0,8.6969,,,,,
BHADORA,INR,2025-H2,2026-03-31,1249338000.0,,,216995000.0,157900000.0,97841000.0,162921000.0,5.2603,,,,,
SETCO,INR,2025-Q4,2026-03-31,8049400000.0,13.309590506623122,27.51462732129229,2561700000.0,685100000.0,72100000.0,976600000.0,0.5368,,,,,
BPL,INR,2026-Q1,2026-06-30,800405000.0,2.02935683920024,9.054947519740631,141357000.0,4367000.0,-148255000.0,28636000.0,-3.0271,-40.52084300436357,68.56584093872229,,,
HAMPTON,INR,2025-Q3,2025-12-31,142062000.0,-89.39503426447095,-117.95159919971496,-79265000.0,-203409000.0,-172514000.0,-180356000.0,-0.6292,-174.09326424870466,59.157688540646426,,,
MANAKALUCO,INR,2026-Q1,2026-06-30,5690820000.0,1.2880776726677285,-10.32213176681006,1307212000.0,394702000.0,88492000.0,494931000.0,1.3503,28.416547788873032,-11.889811626493827,,,
SUMIT,INR,2026-Q1,2026-06-30,977969000.0,-35.11050805172746,59.380081766841045,205288000.0,134978000.0,66738000.0,145195000.0,1.4643,-52.254719749584275,243.8846153846154,,,
SHIVATEX,INR,2026-Q1,2026-06-30,3381541000.0,-0.017001190970386586,-10.929797865831953,980234000.0,181689000.0,96137000.0,322945000.0,7.4164,-26.957926252757648,498.4120351023819,,,
INM,INR,2025-H2,2026-03-31,835966000.0,41.94923240717314,,298510000.0,194161000.0,135361000.0,212299000.0,9.675,13.087793531495095,,,,
SUMAX,INR,2026-Q1,2026-06-30,1476889000.0,,,252287000.0,163937000.0,119692000.0,177307000.0,6.2892,,,,,
COMPEAU,INR,2026-Q1,2026-06-30,26459995000.0,25.379936581242923,5.969857222241489,1295815000.0,598161000.0,216735000.0,927825000.0,35.1633,19.26676141085171,-56.16938462412637,,,
SILGO,INR,2026-Q1,2026-06-30,482089000.0,9.393883696286059,-9.225974724790174,125372000.0,112317000.0,67123000.0,112553000.0,2.24,-3.7842017095485523,19.689817936614972,,,
SATKARTAR,INR,2025-H2,2026-03-31,2006952000.0,,,1598690000.0,213187000.0,171018000.0,246920000.0,10.8563,,,,,
RANASUG,INR,2026-Q1,2026-06-30,16769901999.999998,-5.874588184884953,6.077932803506659,2536672000.0,-155626000.0,56932000.0,229198000.0,0.3707,-84.48304730012558,-174.41899070385128,,,
KOTARISUG,INR,2026-Q1,2026-06-30,2635030000.0,-8.214931362269974,98.80808812664154,115994000.0,-377584000.0,54413000.0,-231128000.0,0.6565,-55.418986826022,-87.4015748031496,,,
KHADIM,INR,2026-Q1,2026-06-30,3492330000.0,-31.558235654946564,-6.837412482795763,1003750000.0,179650000.0,27700000.0,445730000.0,1.5072,-47.38899748673554,-30.68098608738102,,2022-08-06,2026-11-06
SMARTLINK,INR,2026-Q1,2026-06-30,2975991000.0,39.36189292984448,-34.30048402827474,304886000.0,146824000.0,165770000.0,189399000.0,16.6185,79.7080291970803,-18.364293910037617,,,
SUBAHOTELS,INR,2025-H2,2026-03-31,1143529000.0,,,785909000.0,227608000.0,180128000.0,252817000.0,7.5121,,,,,
VIKASLIFE,INR,2025-Q4,2026-03-31,4993633000.0,4.02918781064963,73.78647480709435,55922000.0000001,-544509000.0,-1105465000.0,-485216000.0,-0.7179,-1217.2477064220184,,,,
DSFCL,INR,,,,,,,,,,,,,,,
DPWIRES,INR,2026-Q1,2026-06-30,4854123000.0,-13.872921598133145,1.2032962612252982,349526000.0,150944000.0,187231000.0,175020000.0,12.0791,0.5870792598637719,-49.49243187032666,,,
MUNISH,INR,2025-H2,2026-03-31,1826351000.0,,,526249000.0,175622000.0,103984000.0,214263000.0,4.559,,,,,
IWP,INR,2026-Q1,2026-06-30,2422948000.0,9.684443351952474,-4.83029444825623,556698000.0,113629000.0,59201000.0,151040000.0,0.9254,14.218711429276718,1910.2564102564102,,,
DHARARAIL,INR,2025-H2,2026-03-31,,,,,,,,,,,,,
DUCOL,INR,2025-H2,2026-03-31,1360687000.0,75.9052607900881,,283752000.0,110573000.0,72452000.0,145031000.0,4.4466,96.24856562803426,,,,
SAKHTISUG,INR,2026-Q1,2026-06-30,9734560000.0,16.250833706025567,24.835976988918738,2619394000.0,474782000.0,274058000.0,854467000.0,2.3059,30.66810222700742,-102.11453381330548,,,
GENCON,INR,2025-Q4,2026-03-31,3053653000.0,1.1075079696603276,38.00920698341006,319474000.0,204548000.0,85042000.0,343353000.0,1.5006,-29.621986680423984,-21.095381759108836,,,
IPSL,INR,2025-H2,2026-03-31,4007956000.0,26.741521300746573,,253403000.0,155681000.0,109604000.0,169604000.0,12.735,55.42428939307028,,,,
NATIONSTD,INR,2026-Q1,2026-06-30,194024000.0,-13.00815559750176,,-5043000.00000001,-44977000.0,112125000.0,-44977000.0,5.6062,-2.867439402602349,118.39752407152682,,,
IVP,INR,2026-Q1,2026-06-30,6110900000.0,13.39159801083649,-5.904889321333009,1103600000.0,449900000.0,315100000.0,510400000.0,30.5144,247.40988683197847,58.23824897145721,,,
BAGDIGITAL,INR,2025-H2,2026-03-31,432061000.0,,,290126000.0,152018000.0,107707000.0,182607000.0,5.076,,,,,
TEAMGTY,INR,2026-Q1,2026-06-30,70648000.0,71.40084429132904,88.92742796157951,59159000.0,14762000.0,10967000.0,14831000.0,1.2195,-53.29733455882353,,,,
RMC,INR,2026-Q1,2026-06-30,3542949000.0,105.23249010896075,-73.94730287901854,681859000.0,410382000.0,198521000.0,459301000.0,18.7876,30.090015233347188,-77.59614616271503,,,
GOLDTECH,INR,2026-Q1,2026-06-30,1428170000.0,58.09708307964798,-35.2301054650048,292640000.0,-49900000.0,-15330000.0,145470000.0,-0.2933,-106.58036435430316,-627.3311897106109,,,
TECHLABS,INR,2025-H2,2026-03-31,972353000.0,26.9839590769058,,384656000.0,116005000.0,60670000.0,129187000.00000001,2.5108,-62.278210964378545,,,,
GILLANDERS,INR,2026-Q1,2026-06-30,4338328000.0,-2.880392747249549,-11.659307763360884,1153941000.0,191660000.0,174383000.0,298872000.0,8.1708,-43.90652460456942,,,,
UNITEDTEA,INR,2026-Q1,2026-06-30,810282000.0,-8.947768816811607,21.55583622518424,375092000.0,147213000.0,202973000.0,182293000.0,40.6225,-11.005735417186969,74.0322448645552,,,
SHIVAMAUTO,INR,2026-Q1,2026-06-30,4284264000.0,-0.7694066195512524,0.13552054785757822,1275720000.0,-14480000.0,-846645000.0,344032000.0,-6.4386,-48.25918762088974,21.442984398838515,,,
VSTL,INR,2026-Q1,2026-06-30,12120828000.0,20.895390639485946,-12.3660927289855,851085000.000002,252086000.0,75815000.0,453958000.0,3.9982,-36.24302344123744,-25.05708182956469,,,
ARCL,INR,2026-Q1,2026-06-30,2719174000.0,5.392666240575247,2.5006698359476074,687723000.0,272778000.0,103167000.0,338088000.0,12.8959,-23.91485194078812,226.8848039918557,,,
SURANAT&P,INR,2026-Q1,2026-06-30,601477000.0,283.41163346613547,-85.34876509583393,31703000.0,-91569000.0,327917000.0,-30831000.0,2.4154,31.400282885431395,-38.507906685454834,,,
ALFREDHE,INR,2026-Q1,2026-06-30,289293000.0,271.31213820898205,67.84988838163424,281364000.0,247816000.0,367889000.0,255703000.0,476.8929,-91.47294368915665,104.68397891335943,,,
SHIVASHRIT,INR,2025-H2,2026-03-31,1135147000.0,,,264067000.0,203193000.0,140500000.0,240868000.0,7.6906,,,,,
APRAMEYA,INR,2025-H2,2026-03-31,551314000.0,-59.374712155812034,,211271000.0,104426000.0,51020000.0,105353000.0,2.6808,-68.32815472041398,,,,
ICELCO,INR,,,,,,,,,,,,,,,
NECLIFE,INR,2026-Q1,2026-06-30,74429000.0,-99.53319836482389,-65.7207102426921,-567254000.0,-872199000.0,-2450579000.0,-867605000.0,-11.3846,-41.93492083281386,76.55029585798816,,,
PIGL,INR,2025-Q4,2026-03-31,2187597000.0,29.563896895993974,20.289423167829266,285378000.0,223814000.0,142792000.0,229731000.0,7.5599,-2.6087292589920716,1.360946745562138,,,
CENTEXT,INR,2026-Q1,2026-06-30,5127700000.0,18.155214526015023,-2.714104907889186,817200000.000001,287300000.0,123800000.0,354300000.0,1.4082,25.552781740370893,27.771156138259833,,,
PROPEQUITY,INR,2025-H2,2026-03-31,468273000.0,5.47686943359507,,139654000.0,139654000.0,156906000.0,144580000.0,14.969,21.706113356044643,,,,
PRATHAM,INR,2025-H2,2026-03-31,1402224000.0,17.936028663465013,,463140000.0,85807000.0,61552000.0,114071000.0,3.3805,-56.37501613111369,,,,
NEAGI,INR,2026-Q1,2026-06-30,254260000.0,9.87757289231341,-8.250773107318759,54343000.0,-37672000.0,367494000.0,-15349000.0,590.7675,37.00246330437139,131.5342819889453,,,
EFACTOR,INR,2025-H2,2026-03-31,1914405000.0,11.59217201377761,,267629000.00000003,267629000.00000003,196764000.0,286949000.0,14.997,-2.7129067413981045,,,,
CSSL,INR,2025-H2,2026-03-31,7779717000.0,,,1274129000.0,445348000.0,302015000.0,533013000.00000006,16.4243,,,,,
MAHESHWARI,INR,2026-Q1,2026-06-30,10908710000.0,10.048705589440532,-15.283306007368655,1728066000.0,513059999.99999994,157601000.0,692687000.0,5.3249,-16.19609694680516,-30.390246967887897,,,
ALANKIT,INR,2026-Q1,2026-06-30,3303799000.0,7.453092928187109,-23.045672805388705,902448000.0,76620000.0,191436000.0,200811000.0,0.706,8.715737603942097,142.96577946768062,,,
PAVNAIND,INR,2026-Q1,2026-06-30,3285160000.0,3.8608427335727655,68.72170813538592,719422000.0,163690000.0,76562000.0,314855000.0,1.318,68.49910508821274,-66.0970231532525,,,
ASMS,INR,2026-Q1,2026-06-30,1070930000.0000001,112.75881387651636,-65.19588456304017,102025000.0,61218000.0,64580000.0,63288000.0,0.212,255.10887772194303,-55.55555555555556,,,
SAHAJSOLAR,INR,2025-H2,2026-03-31,4191935000.0000005,27.107910588871714,,786831000.0,502705000.0,295727000.0,517796000.00000006,13.4592,7.367816458725539,,,,
USHAFIN,INR,2026-Q1,2026-06-30,742061000.0,,14.78430375455547,470071000.0,371016000.0,251502000.0,387677000.0,5.7849,,22.627737226277386,,,
KORE,INR,2025-H2,2026-03-31,8518225000.0,27.620625872892735,,532897999.999998,135130000.0,102843000.0,153588000.0,8.5717,62.703338837955314,,,,
SICAGEN,INR,2026-Q1,2026-06-30,10549000000.0,22.072301425661912,2.896621208304847,764900000.000001,311700000.0,204600000.0,419700000.0,5.1704,21.425048730654524,55.37219412651939,,,
AARVI,INR,2026-Q1,2026-06-30,6712308000.0,22.40756163909918,0.25010043494718165,203405999.99999902,214808000.0,193915000.0,233851000.0,12.99,66.11253196930946,30.618892508143325,,,
MADHAVIPL,INR,2026-Q1,2026-06-30,5029525000.0,-20.153101440062894,-65.21914881557775,643552999.9999989,513831000.0,261206000.00000003,647564000.0,0.9689,-1.0922825643119685,-45.94783418723801,,,
SINTERCOM,INR,2026-Q1,2026-06-30,1049757000.0000001,12.84457812157358,2.3717282434092413,187297000.0,85665000.0,16631000.0,180578000.0,0.6042,95.53398058252426,-6.846473029045638,,,
GOLDSTAR,INR,2026-Q1,2026-06-30,13366863000.0,2564.5529298023544,17.705465402392413,533208999.99999994,436184000.0,288720000.0,463234000.0,1.0088,457.65616362631283,358.68586858685876,,,
FIDEL,INR,2026-Q1,2026-06-30,1236528000.0,108.81512553954649,1.7655643850169822,216103000.0,160317000.0,132566000.0,167949000.0,9.6408,22.08025730964532,-24.92042751365297,,,
JMA,INR,2026-Q1,2026-06-30,6433291000.0,13.697157204791782,-7.045169512389393,539874999.9999989,350780000.0,320256000.0,360612000.0,14.0178,22.107335429751117,-17.959330143540665,,,
SIGIND,INR,2026-Q1,2026-06-30,13932958000.0,17.481132176495255,-21.654095339328556,1701503000.0,918527000.0,235194000.0,1009678000.0,7.9897,48.52675998735896,17.57877993207515,,,
NOVAAGRI,INR,2026-Q1,2026-06-30,2748589000.0,-8.439697742529507,7.330312048416866,540675000.0,223217000.0,128411000.0,282287000.0,1.4265,-51.34056487924682,1372.6530612244896,,,
TRANSTEEL,INR,2025-H2,2026-03-31,1394540000.0,57.306919613901265,,391003000.0,321799000.0,222957000.0,337820000.0,10.1537,61.7681265633215,,,,
RADIOCITY,INR,2026-Q1,2026-06-30,1696512000.0,-24.332140526687397,9.197526929695965,714128000.0,-111140000.0,-419274000.0,134529000.0,-1.2129,-8.653587745229778,,,2024-05-22,2026-10-22
AUSOMENT,INR,2026-Q1,2026-06-30,44059319000.0,119.98314102235726,93.0114223800161,464093000.000002,353739000.0,248095000.0,365370000.0,18.2107,-11.150847474165955,2323.079448456993,,,
CCHHL,INR,2026-Q1,2026-06-30,696536000.0,20.560729869648824,-16.16173742224162,175097000.0,-290352000.0,-175990000.0,-171757000.0,-1.0766,-463.47062795408505,,,,
ARCHIDPLY,INR,2026-Q1,2026-06-30,7118562000.0,20.533856113443917,5.512905538026621,1711333000.0,345175000.0,130256000.0,476388000.0,6.5571,,78.41009463722398,,,
BALAJEE,INR,2026-Q1,2026-06-30,5827014000.0,3.8153242595359056,7.718741147657269,1393590000.0,257921000.0,92214000.0,328576000.0,1.1304,-61.60195658819932,-8.593054318788951,,,
VIJSOLX,INR,2026-Q1,2026-06-30,25283203000.0,32.175399419212894,-9.181891207304394,1248879000.0,361617000.0,238290000.0,389984000.0,74.4276,35.73331728480842,-17.673885025564022,,,
GIRIRAJ,INR,2025-H2,2026-03-31,3089752000.0,1.0858274473649,,279690000.0,224086000.0,150900000.0,239409000.0,6.3084,-15.615720056716336,,,,
AIRAN,INR,2026-Q1,2026-06-30,1130918000.0,6.6532499535539165,-14.263158404556556,202003000.0,86436000.0,156947000.0,138123000.0,1.2554,,1327.8514588859418,,,
NECCLTD,INR,2026-Q1,2026-06-30,3145288000.0,-1.768167243042653,-21.453853172302136,274971000.0,127067000.0,79823000.0,160935000.0,0.7896,-5.843071786310523,174.99999999999997,,,
RVTH,INR,2026-Q1,2026-06-30,1506900000.0,1.2905827787860455,-54.24477975918305,441400000.0,180600000.0,153100000.0,217900000.0,49.9128,19.500095767094415,-85.69835913152775,,,
RUDRA,INR,2026-Q1,2026-06-30,6328501000.0,8.721569576038343,-10.490402150968311,462393000.000001,340134000.0,132275000.0,391673000.0,1.3182,15.824619980669553,247.1153846153846,,,
ALPINETEX,INR,2026-Q1,2026-06-30,,,,,,,,,,,,,
RBS,INR,2025-H2,2026-03-31,8232587000.0,-11.35251853097735,,1232480000.0,203915000.0,114324000.0,257033000.00000003,5.0008,-27.705896809448777,,,,
SPEB,INR,2025-H2,2026-03-31,505462000.0,,,128591000.00000001,83948000.0,68658000.0,90142000.0,3.0563,,,,,
MACOBSTECH,INR,2025-H2,2026-03-31,343882000.0,45.63557437797777,,141411000.0,33149000.0,26551000.0,35623000.0,2.6732,0.4773538808494703,,,,
TAINWALCHM,INR,2026-Q1,2026-06-30,177754000.0,11.939292798891653,-28.642123416060585,32461000.0,2061000.0,79982000.0,5161000.0,8.5416,15.202848511005627,-96.4525913226955,,,
MASON,INR,2025-H2,2026-03-31,1312142000.0,17.04601408681876,,583773000.0,312602000.0,218739000.0,345487000.0,10.1126,3.9898813318799733,,,,
ONDOOR,INR,2025-H2,2026-03-31,3204628000.0,17.381040376805746,,259656000.0,113875000.0,107759000.0,153412000.0,19.0771,38.516888850164115,,,,
WATERBASE,INR,2026-Q1,2026-06-30,3840914000.0,31.351649336250652,53.162402644391385,588908000.0,-107642000.0,-101863000.0,-40353000.0,-2.4589,32.55156901470266,,,,
ASPINWALL,INR,2026-Q1,2026-06-30,4403300000.0,28.383579217447082,-13.138910207214122,1705300000.0,150000000.0,157300000.0,208300000.0,20.1198,107.24755616444001,-111.64633035876889,,,
MLKFOOD,INR,2026-Q1,2026-06-30,4204899999.9999995,-1.147236523497202,-54.60794724193819,349300000.0,40900000.0,451800000.0,108800000.0,17.502,1211.9940029985007,-99.57242409158786,,,
NTCIND,INR,2026-Q1,2026-06-30,1097557000.0,36.26072803522855,-20.010652226981204,341354000.0,207474000.0,200159000.0,222144000.0,13.8279,23.64444364962981,7.144127887767808,,,
SRGHFL,INR,2026-Q1,2026-06-30,2109393999.9999998,29.202919722336034,-5.587613372245426,1204359000.0,423079000.0,341814000.0,506127000.0,21.7771,28.828088026502606,-8.428826075884901,,,
POLYSIL,INR,2026-Q1,2026-06-30,455811000.0,2.511908456691001,,112595000.0,42497000.0,28083000.0,49831000.0,1.3816,-24.36634367985986,,,,
HINDADH,INR,2026-Q1,2026-06-30,2690200000.0,-6.313773289221661,38.51492019430951,949900000.0,353100000.0,217900000.0,489000000.0,42.5894,28.101134849473787,1044.0996864169006,,,
ELGNZ,INR,2025-H2,2026-03-31,4002231000.0,,,982267000.0,311995000.0,227041000.0,343474000.0,10.0462,,,,,
AFFORDABLE,INR,2026-Q1,2026-06-30,1099315000.0,-32.97386973829497,-78.34580738390494,268240000.0,116735000.0,58581000.0,141092000.0,5.4268,551.6330451488953,-195.23518488046824,,,
RRIL,INR,2026-Q1,2026-06-30,1275119000.0,5.5024093674086725,7.6319775186584184,131122999.99999999,84607000.0,89792000.0,104146000.0,0.7408,20.612178443503755,-40.26348291477974,,,
ALPHAGEO,INR,2026-Q1,2026-06-30,1534610000.0,8.642571384274046,66.62622541063429,57737000.0000003,-61219000.0,-4452000.000000009,88532000.0,-0.6995,95.08142543736288,,,,
ZODIACLOTH,INR,2026-Q1,2026-06-30,1557208000.0,-11.336835734282895,-25.371672869617047,260851999.99999997,-350847000.0,-346517000.0,-106848000.0,-13.122,7.179741104902034,-62.635,,,
CUDML,INR,2025-H2,2026-03-31,1866689000.0,,,403032000.0,333638000.0,296429000.0,335779000.0,16.7987,,,,,
COMFINTE,INR,2026-Q1,2026-06-30,1522814000.0,10.756633663510359,44.80839471469595,171320000.0,35323000.0,-36076000.0,44839000.0,-0.1128,-144.18331374853116,,,,
BASML,INR,2026-Q1,2026-06-30,8694406000.0,-2.188395882474507,-1.9035334052827548,1600525000.0,531946000.0,228858000.0,818440000.0,2.8635,132.55908389507024,893.909512761021,,,
AARADHYA,INR,2025-H2,2026-03-31,1506354000.0,,,203931000.0,92334000.0,60674000.0,114101000.0,4.2916,,,,,
BCONCEPTS,INR,2026-Q1,2026-06-30,3559414000.0,29.401380096608943,-12.008718895252715,1336203000.0,163049000.0,10301000.0,299664000.0,0.7816,-58.964666351656426,-424.05714285714294,,,
ABANSENT,INR,2026-Q1,2026-06-30,144188379000.0,191.33340163988666,-70.9786838851521,1371482999.99998,1120001000.0,319764000.0,1152949000.0,4.5845,67.5315183628723,,,,
EKI,INR,2026-Q1,2026-06-30,820390000.0,-66.25314889436991,-47.0494135275923,-133906000.0,-458557000.0,-300824000.0,-192209000.0,-10.8687,-2031.1176470588236,-95.73971803930988,,,
VIPULLTD,INR,2025-Q3,2025-12-31,848028000.0,-71.84394490493496,7.6073023029660085,-6410999.99999994,-192764000.0,-279332000.0,-180322000.0,-1.9816,-111.39367873919768,-83.34631865991429,,,
SUPERHOUSE,INR,2026-Q1,2026-06-30,6769566000.0,-1.1347883564656736,5.114283206538435,1914608000.0,253993000.0,78044000.0,445555000.0,7.2601,115.7405206228456,,,,
JAYBEE,INR,2025-H2,2026-03-31,5479723000.0,49.12653154974792,,430972000.0,287030000.0,182623000.0,340627000.0,8.0923,-28.06204995999645,,,,
EXIMROUTES,INR,2025-H2,2026-03-31,2072319000.0,,,171114000.0,137248000.0,101786000.0,138101000.0,5.428,,,,,
EMAPARTNER,INR,2025-H2,2026-03-31,873641830.0,18.17069139259169,,120348460.0,120348460.0,123050100.0,144546620.0,5.2758,-2.7699452645546465,,,,
ARVEE,INR,2026-Q1,2026-06-30,412594000.0,16.667326452707478,59.43299303042363,131820000.0,41082000.0,40513000.0,53504000.0,3.6743,194.6039127645927,227.08510638297875,,,
VIPCLOTHNG,INR,2026-Q1,2026-06-30,2530726000.0,0.33958974070251663,-9.566471847160113,374369000.0,190315000.0,95005000.0,217129000.0,1.0434,25.107913669064768,-55.791666666666664,,2024-05-24,2026-11-05
AVIENCE,INR,2025-H2,2026-03-31,525058000.0,,,179364000.0,137162000.0,87528000.0,149378000.0,21.7065,,,,,
NEOCHEM,INR,2025-H2,2026-03-31,1106994000.0,,,254918000.0,186982000.0,123427000.0,199421000.0,8.173,,,,,
GOYALSALT,INR,2025-H2,2026-03-31,1996024000.0,53.573385036777154,,608665000.0,182758000.0,113526000.0,242305000.0,6.3422,-14.299227068807093,,,,
ESSENTIA,INR,2026-Q1,2026-06-30,5067901000.0,16.66376996622716,-16.582522390229176,99274999.99999969,-23433000.0,-1827000.0,-6089000.0,0.0019,-89.32584269662922,,,,
SPCENET,INR,2026-Q1,2026-06-30,1901997000.0,8.064020362884325,7.987645374527201,108148000.0,69279000.0,250557000.0,117175000.0,0.4417,90.14205768402927,173.84428223844284,,,
ANYA,INR,2025-H2,2026-03-31,1781511000.0,30.217988610473366,,329703000.0,106835000.0,84046000.0,168561000.0,0.7004,1.6250725478816002,,,,
SHUBHSHREE,INR,2025-H2,2026-03-31,2018305000.0,24.080830933139882,,296268000.0,143722000.0,105347000.0,148649000.0,20.0855,30.113559069502298,,,,
FWSTC,INR,2025-H2,2026-03-31,245116000.0,,,140906000.0,140906000.0,109490000.0,149914000.0,4.164,,,,,
VIKASECO,INR,2026-Q1,2026-06-30,3687764000.0,-2.995801301223099,2.5514880739772314,183794000.0,8493000.0,3613000.0,60699000.0,0.002,-96.7266775777414,,,,
DRCSYSTEMS,INR,2026-Q1,2026-06-30,1005980000.0,47.26040431543044,-14.02625096510901,288480000.0,212580000.0,204700000.0,281620000.0,1.4375,24.211526829689795,6.115610164758457,,,
IPHL,INR,2025-H2,2026-03-31,10793856000.0,22.098493193546002,,1322773000.0,395845000.0,219308000.0,441397000.0,8.776,152.46684502747328,,,,
UMIYA_MRO,INR,2026-Q1,2026-06-30,725308000.0,43.068089244467586,-21.80541519184991,317722000.0,224417000.0,86453000.0,259425000.0,4.627,-75.83824627547638,-57.38142952571811,,,
GLOBALVECT,INR,2026-Q1,2026-06-30,5227746000.0,-1.5791403909614083,2.5122715769182205,563046000.0,-721774000.0,-347111000.0,227952000.0,-24.7936,-779.2056737588653,-112.04961162615885,,,
PILITA,INR,2026-Q1,2026-06-30,1010113000.0,-1.926872817267495,-37.731553926170996,295863000.0,53553000.0,31367000.0,72893000.0,0.1335,-40.534521158129174,-82.6086956521739,,,
IPRINGLTD,INR,2026-Q1,2026-06-30,3513007000.0,16.015833339112646,10.971277888966439,717518000.0,137502000.0,30927000.0,316820000.0,2.4398,,36.183325862841784,,,
BROOKS,INR,2026-Q1,2026-06-30,831873000.0,-7.70892364632033,13.613894455577821,180564000.0,41822000.0,132118000.0,57955000.0,4.4851,927.749770852429,-217.33075435203097,,,
AMBAAUTO,INR,2025-H2,2026-03-31,,,,,,,,,,,,,
NATCAPSUQ,INR,2026-Q1,2026-06-30,1907135000.0,8.839082506397482,-16.66526953995754,467322000.0,-180215000.0,-215276000.0,-7590000.0,-20.7771,-285.4248984361957,-15.133244905341847,,,
GOLDKART,INR,2025-H2,2026-03-31,1173166000.0,42.45294822284742,,76816999.9999999,69182000.0,35513000.0,69849000.0,2.1182,7.2072072072072,,,,
HVAX,INR,2025-H2,2026-03-31,1638711000.0,25.061988721830332,,431044000.0,157910000.0,143095000.0,170447000.0,51.5259,29.553203258573873,,,,
INTENTECH,INR,2026-Q1,2026-06-30,1250388000.0,-6.247806879425605,7.0823986946459865,311587000.0,-136043000.0,-160354000.0,-76573000.0,-6.97,-260.3220241518113,,,,
ATALREAL,INR,2026-Q1,2026-06-30,1204253000.0,17.10467970235988,-81.77460264202153,129949000.00000001,107876000.0,68324000.0,119938000.0,0.5772,60.37788274520701,-67.4718196457327,,,
SHAHALLOYS,INR,2026-Q1,2026-06-30,160300000.0,-90.6921379630705,-89.33333333333333,28100000.0,7300000.0,417100000.0,66500000.0,21.0683,,75.38606403013182,,,
MODTHREAD,INR,,,,,,,,,,,,,,,
MRIL,INR,2025-H2,2026-03-31,1358632000.0,8.88934839442887,,253281000.0,194781000.0,177462000.0,197811000.0,8.0285,19.37224931604614,,,,
SHREYANIND,INR,2026-Q1,2026-06-30,6293267000.0,-0.8687517317303726,-4.514368208486459,249821999.99999902,-333778000.0,-140354000.0,-176229000.0,-10.1525,-126.04106549703103,69.12263118332037,,,
EMMBI,INR,2026-Q1,2026-06-30,4672460000.0,12.024416616917557,-0.9819421773649082,1284210000.0,319650000.0,86820000.0,442080000.0,4.5124,39.702786377708996,-6.186057577920521,0.97,2023-05-30,2026-11-18
EEPL,INR,2025-H2,2026-03-31,1347435000.0,,,391183000.0,176424000.0,123758000.0,192770000.0,9.5497,,,,,
HBESD,INR,2026-Q1,2026-06-30,1209104000.0,4.399783101986966,-15.847862941991755,769876000.0,335731000.0,128601000.0,416323000.0,5.6379,8.999690665841785,-56.64724919093851,,,
SURYALA,INR,2026-Q1,2026-06-30,4815400000.0,-4.315860588959981,18.484500574052813,777200000.000001,356400000.0,355100000.0,524799999.99999994,83.22,84.94771815585658,-45.421173127022975,,,
MURUDCERA,INR,2026-Q1,2026-06-30,2094214000.0,1.8889864103517193,-20.034576501707274,411292000.0,175489000.0,96801000.0,329991000.0,1.5988,-0.7819287576020817,-48.910133843212236,,,
PRITIKA,INR,2026-Q1,2026-06-30,1776301000.0,39.26376760690368,9.462083627166512,528913000.0,150637000.0,82660000.0,225091000.0,3.1352,22.785305866687565,118.75483372003093,,,
KANCHI,INR,2026-Q1,2026-06-30,1546090000.0,1.952144629096477,3.9043695784744434,197082000.0,74590000.0,76460000.0,114284000.0,17.6017,-27.926574099476287,562.2335838363928,,,
ROYALARC,INR,2025-H2,2026-03-31,1160599000.0,,,210034000.0,119127000.0,100454000.0,154359000.0,9.0498,,,,,
DUGLOBAL,INR,2025-H2,2026-03-31,546725000.0,7.203923244951822,,197682000.0,31559000.0,57614000.0,74962000.0,0.802,62.90879544992891,,,,
WARDINMOBI,INR,2026-Q1,2026-06-30,2762752000.0,-3.3323419606086793,-47.97475843361851,416271000.0,150209000.0,9411000.0,206345000.0,0.0322,-83.33333333333333,-72.0,,,
TEXMOPIPES,INR,2026-Q1,2026-06-30,3879441000.0,2.7299927681433935,20.55033103814918,798044000.0,244301000.0,151115000.0,351571000.0,5.1761,-18.79226219426097,297.07152243288914,,,
AERONEU,INR,2026-Q1,2026-06-30,1277045000.0,-1.6339587354747669,-17.092727267389115,353766000.0,5752000.0,9508000.0,37406000.0,0.3316,19.366450683945292,,,,
METROGLOBL,INR,2026-Q1,2026-06-30,2523365000.0,7.779687983854607,121.22280723235785,216862000.0,194466000.0,184579000.0,203673000.0,14.9647,193.43699752931488,40.90527494053449,,,
MADHAVBAUG,INR,2025-H2,2026-03-31,1069064000.0000001,18.987829242096254,,636765000.0,92879000.0,89866000.0,154174000.0,8.5468,81.8235969876186,,,,
RAPIDFLEET,INR,2025-H2,2026-03-31,2049388000.0,18.846508261719013,,227738000.0,175936000.0,124716000.0,274856000.0,16.7746,21.322098868115578,,,,
RACE,INR,2026-Q1,2026-06-30,6530935000.0,4.431949938684995,4.706302068319993,169376000.0,125736000.0,75224000.0,148761000.0,4.3589,1.0876623376623362,-40.579172080935585,,,
DURLAX,INR,2026-Q1,2026-06-30,1845535000.0,,,313828000.0,200277000.0,127810000.0,224926000.0,7.1331,,,,,
TRIGYN,INR,2026-Q1,2026-06-30,10046870000.0,14.218415675603225,0.32193368189967464,3929811000.0,63504000.0,100829000.0,94144000.0,3.2752,,451.77788602045786,,,
NIKITA,INR,2025-H2,2026-03-31,3500718000.0,,,883697000.0,187941000.0,111390000.0,278800000.0,4.5199,,,,,
NIRAJ,INR,2026-Q1,2026-06-30,5520260000.0,6.275197057085767,-23.057848319841714,305071000.0,190988000.0,236971000.0,215248000.0,3.9697,29.639789686816236,-36.89658814830463,,,
TTL,INR,2026-Q1,2026-06-30,1897729000.0,-14.344590639117612,-18.681070362533106,537882000.0,84720000.0,5200000.0,106422000.0,0.0201,,-4.511278195488721,,,
NRVANDANA,INR,2025-H2,2026-03-31,3041497000.0,,,354728000.0,234377000.0,105195000.0,237794000.0,4.4828,,,,,
CURIS,INR,2025-H2,2026-03-31,606288000.0,,,143994000.0,104332000.0,69164000.0,111293000.0,8.4916,,,,,
MHLXMIRU,INR,2026-Q1,2026-06-30,1184582000.0,22.658137278555003,6.6905041388572215,432981000.0,263976999.99999997,231086000.0,304771000.0,21.759,28.686755182304758,6.253302800775051,,,
BALPHARMA,INR,2026-Q1,2026-06-30,3344064000.0,13.51375021003376,5.400371332025782,787658000.0,224495000.0,72064000.0,337909000.0,4.5264,-14.79557262254349,-68.73421647246467,,,
BYKE,INR,2026-Q1,2026-06-30,1087121000.0,8.506371918841877,3.7363451345889698,439619000.0,170591000.0,68039000.0,481012000.0,1.3015,53.189736346516014,34.01933270969755,,,
RAPPID,INR,2025-H2,2026-03-31,532330000.00000006,2.1264431765423737,,120410000.0,97700000.0,64780000.0,104050000.0,12.51,7.591616282369938,,,,
MASTER,INR,2025-H2,2026-03-31,743805000.0,75.41288254868158,,277930000.0,105080000.0,74436000.0,122911000.0,18.6055,14.618820267980887,,,,
GLOBALPET,INR,2025-H2,2026-03-31,555745000.0,23.474468382919824,,105278000.0,51677000.0,52985000.0,53538000.0,4.495,9.827013291634081,,,,
GREENCHEF,INR,2025-H2,2026-03-31,3870400000.0,3.886622289027271,,694800000.0,-42400000.0,-87500000.0,6100000.0,-3.7599,-247.0606641373646,,,,
AARTECH,INR,2026-Q1,2026-06-30,438333000.0,28.62185732059438,-58.28452002633915,136138000.0,65851000.0,50170000.0,71092000.0,1.5791,84.60369417816224,129.66062296606228,,,
SALONA,INR,2026-Q1,2026-06-30,6333139000.0,0.6464401374215689,77.99224303702121,752539000.0,249695000.0,22864000.0,353326000.0,4.3448,-4.331168116261145,,,,
FILATFASH,INR,2026-Q1,2026-06-30,892150000.0,-56.57092620294615,-12.890031145862826,49519999.999999896,15041000.0,17134000.0,22963000.0,0.0021,-80.73394495412845,0.0,,,
BAIDFIN,INR,2026-Q1,2026-06-30,973305000.0,11.737997382499483,-13.772757132132133,488784000.0,302261000.0,153030000.0,311497000.0,1.1208,-4.863763687293091,152.33644859813086,,,
SAWALIYA,INR,2025-H2,2026-03-31,413066000.0,,,155050000.0,136741000.0,95049000.0,141549000.0,10.0286,,,,,
AVANCE,INR,2026-Q1,2026-06-30,1824844000.0,12.422725871173489,96.04561778938624,12755000.0,3760000.0,140818000.0,3766000.0,0.071,197.0711297071129,-76.2906309751434,,,
VIRINCHI,INR,2026-Q1,2026-06-30,2747615000.0,-10.016725217481865,6.317903784496676,1079965000.0,29816000.0,-260664000.0,585332000.0,-2.5001,-43205.1724137931,,,2026-02-04,
PAR,INR,2026-Q1,2026-06-30,1088897000.0,4.286194515502187,59.506496420339815,529660999.99999994,161869000.0,144931000.0,199510000.0,11.7786,2.403908851427134,452.11186391812026,,,
INCREDIBLE,INR,2026-Q1,2026-06-30,8335758000.0,5.114705212534334,-2.9165825490840227,526342000.0,181834000.0,117638000.0,229176000.0,2.5156,-19.325251747803215,-12.360364087712034,,,
ETML,INR,2025-H2,2026-03-31,2181596000.0,9.370726131509816,,604996000.0,205160000.0,103250000.0,274883000.0,5.3012,-1.0397804700479896,,,,
CURRENT,INR,2025-H2,2026-03-31,1603885000.0,,,265682000.00000003,215797000.0,140519000.0,232259000.0,7.3386,,,,,
INDTERRAIN,INR,2026-Q1,2026-06-30,3906300000.0,14.547533868981292,-23.270440251572328,1286300000.0,241900000.0,4500000.0,373600000.0,0.0888,,7.770270270270274,,,
SADHAV,INR,2026-Q1,2026-06-30,975538000.0,15.79594593471761,10.630511260774526,289038000.0,164092000.0,147244000.0,247959000.0,9.127,43.24052857905144,-54.09136740867137,,,
PML,INR,2026-Q1,2026-06-30,21084859000.0,-28.027721783793897,0.09492532629307227,1173966000.0,338888000.0,-98138000.0,397975000.0,-31.8217,-102.9036604698149,288.06525741469903,,,
RPPL,INR,2026-Q1,2026-06-30,3525780000.0,5.704882095425745,12.324763039900107,925899000.0,302203000.0,204265000.0,484934000.0,2.7513,106.33718314084297,13.770224653707377,,,
SPCL,INR,2025-H2,2026-03-31,1553958000.0,17.40647082778332,,251289000.0,170610000.0,117696000.0,188158000.0,4.8801,-5.244456525960162,,,,
INDOUS,INR,2026-Q1,2026-06-30,1126563000.0,2.5170556454937336,26.751893393583785,260814000.00000003,145323000.0,114578000.0,155030000.0,5.714,-35.63575741191312,54.05267975185599,,,
DCG,INR,2025-H2,2026-03-31,1630972000.0,,,203677000.0,171571000.0,86544000.0,244424000.0,4.7657,,,,,
BHARATGEAR,INR,2026-Q1,2026-06-30,8200263000.000001,23.997906014718698,2.549551091835958,2319865000.0,286545000.0,150065000.0,505530000.0,9.773,125.6731168891147,-97.06363636363635,,,
LAL,INR,2026-Q1,2026-06-30,802509000.0,39.725705411024016,-35.20252486432348,170563000.0,71618000.0,55564000.0,84975000.0,0.3217,12.443201677735043,148.51485148514848,,,
INFOLLION,INR,2025-H2,2026-03-31,1003197000.0,29.774149357142583,,200017000.0,147167000.0,127190000.0,147308000.0,13.1,2.1315079600205866,,,,
IBLFL,INR,2025-H2,2026-03-31,173273000.0,32.65020210681039,,105512000.0,31986000.0,24403000.0,57749000.0,0.9825,3.160436791264176,,,,
DOLLEX,INR,2026-Q1,2026-06-30,2288925000.0,68.93432822602072,-63.214704062237544,227049000.0,138674000.0,79464000.0,169234000.0,1.9891,-29.236187697890358,-72.46339362618433,,,
MKPL,INR,2026-Q1,2026-06-30,3830904000.0,17.758384846873376,-21.090361421016496,79413000.00000009,79413000.0,46982000.0,84219000.0,0.1252,-50.159235668789805,21.452145214521448,,,
MAHAPEXLTD,INR,2026-Q1,2026-06-30,47277000.0,-46.4895700105262,304.2564102564103,39938000.0,25434000.0,-272552000.0,25951000.0,-12.161,-200.7773137098913,,,,
PHANTOMFX,INR,2025-Q4,2026-03-31,,,,,,,,,,,,,
SDREAMS,INR,2025-H2,2026-03-31,1959754000.0,13.252297692136992,,845510000.0,147389000.0,97792000.0,165310000.0,5.2199,14.226005514464532,,,,
MCL,INR,2026-Q1,2026-06-30,2682671213.0,83.3651867719278,-4.520325318653538,204077025.999999,96342447.0,45052813.0,113358680.0,1.6598,-2.2669728552081483,-63.99813171415227,,,
AMJLAND,INR,2026-Q1,2026-06-30,525433999.99999994,-20.65064076426581,-6.870576899288397,173697000.0,125657000.0,145749000.0,144303000.0,3.5548,-27.10644493202369,-37.15687050075152,,,
PRAENG,INR,2026-Q1,2026-06-30,285753000.0,-57.639236847176726,-31.481377054726927,-32659999.999999996,-228745000.0,-181558000.0,-193321000.0,-2.5961,30.208613366310022,68.3001665643903,,,
BARFLEX,INR,2025-H2,2026-03-31,1186712000.0,,,223694000.0,53355000.0,47762000.0,64024000.0,1.9299,,,,,
SECMARK,INR,2026-Q1,2026-06-30,412285000.0,14.726932730784,-27.665436035128938,67595000.0000001,33930000.0,32799999.999999996,84166000.0,3.0688,-1.2930202637504025,-104.2122641509434,,,
SRTL,INR,2026-Q1,2026-06-30,,,93.58547686654418,,,,,,,5.148514851485137,,,
SHRITECH,INR,2025-H2,2026-03-31,841282000.0,1.7635112005157838,,366784000.0,207857000.0,192861000.0,231787000.0,7.7299,31.463120121090487,,,,
TARMAT,INR,2026-Q1,2026-06-30,1282470000.0,22.80007966632068,-15.663955873659619,132130000.0,69490000.0,70819000.0,82291000.0,2.8668,263.8071065989848,-48.15254237288135,,,
BEARDSELL,INR,2026-Q1,2026-06-30,2815800000.0,2.631578947368421,0.5851212036779048,622900000.0,153500000.0,107900000.0,229400000.0,2.7354,3.2304324854705975,-48.369369369369366,,,
VASWANI,INR,2026-Q1,2026-06-30,4708782000.0,8.45242578242409,-18.137875626710553,946748000.0,326181000.0,-626999.999999997,444727000.0,0.0113,-99.69755366415075,-77.30132551462954,,,
ESPRIT,INR,2025-H2,2026-03-31,1725290000.0,-46.33303139720941,,545156000.0,-39632000.0,-26159000.0,57298000.0,-1.192,-116.70005744147274,,,,
TUNWAL,INR,2025-H2,2026-03-31,2768383000.0,55.00942078283486,,453651000.0,177619000.0,128351000.0,200107000.0,2.2302,4.51776173961946,,,,
DENEERS,INR,2025-H2,2026-03-31,1780277000.0,23.033217972991572,,507756000.0,379747000.0,252362000.0,387339000.0,29.3226,59.99672614175805,,,,
DGCONTENT,INR,2026-Q1,2026-06-30,5015800000.0,11.703004253613344,4.182509505703422,276399999.999999,276400000.0,12100000.0,354100000.0,0.1309,-96.42242203941075,-314.9967679379444,,,
INDOWIND,INR,2026-Q1,2026-06-30,370934000.0,-1.4194405687329745,58.799900533675086,203718000.0,37971000.0,-3002000.0,119852000.0,0.0547,-63.43582887700535,,,,
RAJPUTANA,INR,2025-H2,2026-03-31,1220292000.0,81.28569136514086,,180006000.0,140042000.0,99371000.0,150556000.0,14.1282,71.76098717403197,,,,
RAJINDLTD,INR,2026-Q1,2026-06-30,9122633000.0,22.280208132691495,-44.17802973526229,617341000.0000011,340936000.0,161341000.0,381082000.0,7.2627,46.236710695876276,-45.873114145133435,,,
WIPL,INR,2026-Q1,2026-06-30,1163600000.0,-3.0656447850716426,-7.052631578947379,494200000.0,3100000.0,-1000000.0,23500000.0,-0.1178,-103.41231678350039,73.62432382018281,,,
BRIGHTBR,INR,2026-Q1,2026-06-30,3970509000.0,12.232383399990447,34.37765419726158,853932000.0,137266000.0,57325000.0,263822000.0,10.092,-37.629783447048354,40.71772897696841,,,
DTIL,INR,2026-Q1,2026-06-30,4413150000.0,-6.784871739033549,93.59906128055158,1015537000.0,-292349000.0,-123392000.0,-107749000.0,-11.7433,-350.1935978531724,,,,
AVPINFRA,INR,2025-H2,2026-03-31,4414411000.0,50.758863942718335,,823164000.0,784891000.0,421062000.0,857607000.0,16.8565,27.207347259116148,,,,
AVIANSH,INR,2025-H2,2026-03-31,1412858000.0,5.246228670225881,,319752000.0,34143000.0,12970000.0,65507000.00000001,0.928,-27.77648065997353,,,,
BIKEWO,INR,2025-H2,2026-03-31,544899000.0,131.6776999706629,,58242000.0,47972000.0,32747000.0,56577000.0,2.5106,397.8385881419791,,,,
TBI,INR,2025-H2,2026-03-31,3039243000.0,42.21428514608905,,567605000.0,321083000.0,183604000.0,351759000.0,10.1112,35.56795023061247,,,,
BEACON,INR,2025-H2,2026-03-31,351711000.0,29.85501146395224,,323111000.0,96415000.0,69779000.0,124825000.0,3.8627,28.542429284525788,,,,
GENXAI,INR,2025-H2,2026-03-31,,,,,,,,,,,,,
MSL,INR,2026-Q1,2026-06-30,1248901000.0,4.006265854093209,289.6782284288271,239954000.0,138954000.0,83153000.0,161007000.0,7.5907,-19.333687566418707,219.64583150696936,,,
RELIABLE,INR,,,,,,,,,,,,,,,
MOS,INR,2026-Q1,2026-06-30,6264927000.0,235.42767928992373,-1.471471451888785,356644999.999999,238429000.0,180881000.0,283433000.0,1.3985,207.70077007700772,-12.249322493224938,,,
SIDDHIKA,INR,2025-H2,2026-03-31,579317000.0,15.08176465446686,,210979000.0,123596000.0,103925000.0,126998000.0,16.8191,21.738154866167715,,,,
PARNAXLAB,INR,2026-Q1,2026-06-30,2519731000.0,31.927924060044084,-18.414400491774554,656766000.0,157946000.0,89463000.0,241220000.0,7.7892,-17.216311868297716,-80.43271767810026,,,
GVPTECH,INR,2026-Q1,2026-06-30,24178000.0,-61.40227646429655,-92.22507588139155,-24311000.0,-956161000.0,-899588000.0,-935524000.0,-5.1955,-12541.119221411192,,,,
DCM,INR,2026-Q1,2026-06-30,743800000.0,9.045594487611787,7.101218865924748,-16200000.000000099,-16200000.0,12200000.0,16399999.999999998,0.6532,-95.2061530332164,,,,
OWAIS,INR,2025-H2,2026-03-31,1229150000.0,-42.40445413676734,,57702999.9999999,46935000.0,16504000.000000002,72696000.0,0.9075,-96.49067854615483,,,,
KAMOPAINTS,INR,2026-Q1,2026-06-30,2413160000.0,-7.854844154039073,-38.28000943950914,516067000.0,-21137000.0,-50846000.0,41095000.0,-0.1517,-180.26455026455025,-65.06765067650679,,,
TIPSFILMS,INR,2026-Q1,2026-06-30,1108707000.0,-29.39089443155157,1936.0954281105403,-450811000.0,-530116000.0,-500048000.0,-521950000.00000006,-115.6746,-47.536793450325824,-746.7560268329413,,,
BTML,INR,2026-Q1,2026-06-30,1274827000.0,42.74371618474328,-13.895411862627602,172775000.0,121125000.0,65821000.0,154540000.0,0.3931,-18.831302911418543,-61.16504854368932,,,
KRITIKA,INR,2026-Q1,2026-06-30,6493252000.0,-17.129221580944108,10.333900012678713,388883000.0,92204000.0,64179000.0,133104000.00000001,0.241,-31.28029654975763,-21.948051948051948,,,
AERON,INR,2025-H2,2026-03-31,2196977000.0,2.0392267602879794,,608708000.0,103764000.0,87163000.0,170077000.0,5.1193,-34.701140335212635,,,,
SPECTSTM,INR,2025-H2,2026-03-31,14504190000.0,14.19408173146949,,211989999.999999,112490000.0,122570000.0,140880000.0,4.98,66.54961372529348,,,,
HPIL,INR,2026-Q1,2026-06-30,1114762000.0,1.8145118938345688,-13.733186586280441,47869000.0,-27159000.0,35094000.0,-22978000.0,3.0758,137.67869561857663,-58.59340659340659,,,
POSITRON,INR,2025-H2,2026-03-31,4421539000.0,31.273404625806556,,297106000.0,220166000.0,200437000.0,223108000.0,26.3719,3.8554084015610632,,,,
BRNL,INR,2026-Q1,2026-06-30,1554499000.0,-28.519053627528162,-3.0842751656854706,-1923002000.0,-1923002000.0,-1342099000.0,-1256465000.0,-15.9869,-179.93889663931515,-49.64975362897855,,,
ENFUSE,INR,2025-H2,2026-03-31,581191000.0,33.663049827744025,,-88851000.0,-132860999.99999999,-154113000.0,-64538000.0,-17.4186,-575.1131962249741,,,,
FONEBOX,INR,2025-H2,2026-03-31,5350777000.0,56.12104013449552,,519202000.0,100164000.0,68005000.0,108199000.0,6.6282,49.59037667291068,,,,
SHBAJRG,INR,2026-Q1,2026-06-30,2866219000.0,-19.76025659078814,122.00808699440422,392478000.0,4924000.0,453382000.0,41530000.0,50.3758,32.510008785635755,-50.25856991127458,,,
CLSL,INR,2025-H2,2026-03-31,2071742000.0000002,3.3027076458509845,,370014000.0,128354000.00000001,66352000.00000001,177769000.0,3.8711,19.840876725899335,,,,
DELPHIFX,INR,2025-Q4,2026-03-31,13400770000.0,-22.184955732171364,-38.67415667533049,-348590000.0,-584030000.0,43430000.0,-544670000.0,0.2703,524.2494226327944,-1083.7209302325582,,,
OSWALSEEDS,INR,2026-Q1,2026-06-30,2673637000.0,0.16896910487961045,108.76576427187028,257043000.0,209019000.0,122159000.0,216240000.0,1.3349,-9.718652779656429,483.39130434782606,,,
KEYFINSERV,INR,2026-Q1,2026-06-30,324901000.0,-6.382886763693153,,305640000.0,128320000.0,56815000.0,139058000.0,10.207,-70.43343249686433,,,,
TEJA,INR,2025-H2,2026-03-31,,,,,,,,,,,,,
AIROLAM,INR,2025-Q4,2026-03-31,2432208000.0,13.534148356649723,-16.964286994204326,618964000.0,143768000.0,55128000.0,193592000.0,3.6739,103.89033797658027,-78.02802283341983,,,
PREMCO,INR,2026-Q1,2026-06-30,836679000.0,-25.260415968784923,-8.138410889817647,135128000.0,-19158000.0,23878000.0,37989000.0,7.2253,-76.44640761507368,,,,
EMMIL,INR,2025-H2,2026-03-31,1608493000.0,6.431790060147291,,326098000.0,185317000.0,119349000.0,225166000.0,10.5371,1.411880197105029,,,,
CANARYS,INR,2025-H2,2026-03-31,1981460000.0,122.42952046752116,,452662000.0,220214000.0,123215000.0,222185000.0,2.1072,49.024045261669045,,,,
MAGNUM,INR,2026-Q1,2026-06-30,4726012000.0,12.137913623179603,-4.1193179610933885,760071000.0000011,340117000.0,-14982000.0,773576000.0,-0.2137,-129.34633342488328,-255.5998456988556,,,
LLOYDS,INR,2025-H2,2026-03-31,607912000.0,31.287996423611936,,61160000.000000104,-32225000.0,-343685000.0,9728000.0,-14.4035,-414.9992848970252,,,,
SHIGAN,INR,2025-H2,2026-03-31,2184255000.0,3.535632434533445,,249144000.0,144536000.0,67509000.0,187171000.0,3.3202,-30.161334427126068,,,,
ISHANCH,INR,2026-Q1,2026-06-30,986634000.0,16.36948219370027,30.62512399504965,46415000.0000001,-10169000.0,-72574000.0,52710000.0,-3.0725,-1367.53300330033,-89.85714285714288,,,
DEVIT,INR,2026-Q1,2026-06-30,1906462000.0,6.991063977610278,-18.071474983755685,141464000.0,2015000.0000000002,757372000.0,31474000.0,13.3844,461.77964323189923,-76.92307692307693,,,
SADBHAV,INR,2026-Q1,2026-06-30,9547816000.0,-0.30363703475917825,-24.693005685729208,5291852000.0,3950577000.0,297923000.0,5373825000.0,1.7364,,-80.68847398135031,,2022-11-14,2026-11-13
AKSHOPTFBR,INR,2026-Q1,2026-06-30,1482940000.0,28.917001215328792,22.140283761244767,214450000.0,42442000.0,-19063000.0,152049000.0,-0.1172,92.91414752116083,110.01451378809868,,,
ROCKINGDCE,INR,2025-H2,2026-03-31,,,,,,,,,,,,,
SPCON,INR,2025-H2,2026-03-31,,,,,,,,,,,,,
URAVIDEF,INR,2026-Q1,2026-06-30,424602000.0,-0.23730533913517474,4.792776340485974,100072000.0,2504000.0,26223000.0,21480000.0,2.3005,12.53791214166911,-53.03099361896081,,,
CORALFINAC,INR,2026-Q1,2026-06-30,145366000.0,-18.48437438666734,22.055302259979666,111975000.0,111975000.0,143884000.0,112575000.0,3.5701,-5.05053191489361,64.00119796346212,,,
ENVIRO,INR,2025-H2,2026-03-31,575875000.0,20.952412957319314,,254643000.0,175466000.0,121056000.0,188157000.0,6.4426,-13.886252756800108,,,,
BALAXI,INR,2026-Q1,2026-06-30,,,8.228463554752754,,,,,,,111.7117117117117,,,
STEELCITY,INR,2026-Q1,2026-06-30,711458000.0,3.927569236792093,12.070543991316313,679572000.0,232872000.0,170115000.0,241918000.0,11.2607,0.1111288917337822,102.66366704161977,,,
ROLLT,INR,2026-Q1,2026-06-30,0.0,,,0.0,-7276000.0,167318000.0,-7276000.0,0.6689,,-158.33333333333334,,,
QUESTLAB,INR,2025-Q4,2026-03-31,1118218000.0,,5.854490337248958,187588000.0,174200000.0,150174000.0,182444000.0,9.1641,,-28.70283690829908,,,
JOCIL,INR,2026-Q1,2026-06-30,10268290000.0,14.373737377112688,-4.59620140543475,1341853000.0,99613000.0,82550000.0,154863000.0,9.2906,592.8113348247576,-17.003389830508482,,,
VIJAYPD,INR,2025-H2,2026-03-31,1002336000.0,-3.7679222567210373,,60892999.9999999,40163000.0,50010000.0,46657000.0,2.5736,5.605252359458353,,,,
MUKTAARTS,INR,2026-Q1,2026-06-30,1777649000.0,7.942768106754496,-10.579770171666256,707072000.0,-56779000.0,-78533000.0,152194000.0,-3.4772,50.688505991632994,-208.57142857142858,,,
VITAL,INR,2026-Q1,2026-06-30,996916000.0,1.442703955683,,133026000.00000001,43720000.0,21961000.0,86875000.0,0.9169,,,,,
LAGNAM,INR,2026-Q1,2026-06-30,6307366000.0,7.690484739554228,-7.678143414257262,1358193000.0,559601000.0,183064000.0,725029000.0,10.3607,38.18320040545227,-29.541032148900165,,,
THAKDEV,INR,2026-Q1,2026-06-30,440621000.0,20.773671169195683,284.46094321865525,151550000.0,101675000.0,136554000.0,120046000.0,15.1727,65.13784433874987,,,,
CALSOFT,INR,2026-Q1,2026-06-30,247405000.0,318.20348552206764,-52.7405463982205,195916000.0,195916000.0,146275000.0,202225000.0,2.3658,1177.4298056155508,-54.4030653401452,,,
ALPA,INR,2026-Q1,2026-06-30,1106294000.0,0.46358981065012456,-23.777535705640283,96856000.0000002,-33497000.0,43784000.0,-10908000.0,2.0809,-83.30886894305813,-29.08233145639933,,,
SUPREME,INR,2026-Q1,2026-06-30,58630000.0,-86.42261492609205,-1.6073172897611225,109000.000000001,-23072000.0,7132000.0,-19285000.0,0.1846,-89.79546710889996,,,,
ONELIFECAP,INR,2026-Q1,2026-06-30,371500000.0,42.85110031877138,-58.68149498286485,328898000.0,111113000.0,95924000.0,117913000.0,0.037,,-70.7235294117647,,,
LKPSEC,INR,2026-Q1,2026-06-30,1068251000.0,-6.348484131200544,-4.681962121131155,679037000.0,113796000.0,73443000.0,168557000.0,0.8913,-45.60268538297223,-35.763762304046665,,,
INDIANCARD,INR,2026-Q1,2026-06-30,421531000.0,1.1661450733430612,-12.957260088648379,47464999.999999896,-182742000.0,59896000.0,-136262000.0,10.0816,-78.08085749383078,,,,
ROML,INR,2026-Q1,2026-06-30,1533311000.0,20.885636842694485,-14.596753661617981,128693000.00000001,54852000.0,43746000.0,67027000.0,2.9186,-11.15102438430393,118.34754483975303,,,
DIGJAMLMTD,INR,2026-Q1,2026-06-30,367845000.0,74.09731786621988,-9.11428501791416,92017000.0,38430000.0,-11342000.0,38920000.0,-0.5671,79.68839541547278,,,,
AARNAV,INR,2026-Q1,2026-06-30,4517750000.0,16.473749030298514,-34.79608091957626,927269000.0,216756000.0,91382000.0,297892000.0,2.1635,-2.2191087408478776,-47.99425062067163,,,
ISFT,INR,2026-Q1,2026-06-30,,,2.6355520208397953,,,,,,,44.32589216346403,,,
PROFX,INR,2025-Q4,2026-03-31,,,,,,,,,,,,,
SURANASOL,INR,2026-Q1,2026-06-30,358984000.0,21.57656955912136,25.982296984610866,9182999.99999997,-31596000.0,64007000.00000001,-9184000.0,1.3008,,2650.4975124378107,,,
RUCHINFRA,INR,2026-Q1,2026-06-30,623100000.0,5.431472081218274,18.36461126005362,203200000.0,75200000.0,60500000.0,250800000.0,0.2568,-24.62577047255651,877.3869346733669,,,
LAMBODHARA,INR,2026-Q1,2026-06-30,2327390000.0,-1.0494988467629645,-5.849760795647145,307522000.0,157415000.0,124204000.0,266240000.0,11.9685,75.71277564083742,14.121314628726832,,,
PRAMARA,INR,2025-H2,2026-03-31,1124565000.0,30.126659322755632,,213035000.0,156402000.0,100355000.0,168878000.0,7.04,38.03921568627452,,,,
WHBRADY,INR,2026-Q1,2026-06-30,844324000.0,-19.190917635078357,-8.466276156932176,238426000.0,14220000.0,50376000.0,40770000.0,19.7553,-74.5707798175766,,,,
SONAL,INR,,,,,,,,,,,,,,,
SHEEL,INR,2025-H2,2026-03-31,1100224000.0,8.127466155622711,,262798999.99999997,152177000.0,117564000.0,162835000.0,5.7764,-26.551890750960006,,,,
AMDIND,INR,2026-Q1,2026-06-30,3175712000.0,18.64949978498432,23.68961353269262,667640000.000001,93728000.0,32725000.0,249631000.0,1.7074,,623.529411764706,,,
HINDCON,INR,2026-Q1,2026-06-30,714355000.0,22.012895512190955,3.3624786992848787,124786000.0,39155000.0,43261000.0,50070000.0,1.1292,12.548589654141324,188.18181818181822,,,
BSL,INR,2026-Q1,2026-06-30,6687522000.0,1.1197300539248012,14.826699682694326,1168497000.0,340988000.0,36333000.0,512001999.99999994,3.5302,-42.46834308436955,,,,
KREBSBIO,INR,2026-Q1,2026-06-30,252342000.0,-29.717188709830154,2.561278289348078,78931000.0,-89484000.0,-140937000.0,-25360000.0,-6.5368,47.979022259006655,-6.21140908672013,,,
CROWN,INR,2026-Q1,2026-06-30,426666000.0,13.870822246479117,12.013906219074583,152840000.0,143654000.0,90163000.0,221908000.0,7.3227,-22.66659626148484,46.398843930635856,,,
CHEMCRUX,INR,2026-Q1,2026-06-30,860811000.0,24.023121487221086,-9.652417428547896,365594000.0,74680000.0,41434000.0,122084000.0,2.7979,49.588323353293404,-72.67995836335976,,,
WINSOL,INR,2025-H2,2026-03-31,1365658000.0,22.57012973608512,,641238000.0,236179000.0,143938000.0,245905000.0,12.4782,22.11978860833822,,,,
DHARIWAL,INR,2025-H2,2026-03-31,2364036000.0,1.2383956613755707,,84841999.9999997,58115000.0,85853000.0,61727000.0,1.275,60.51869570691173,,,,
GATECHDVR,INR,2026-Q1,2026-06-30,207748000.0,4.680036279351003,-24.119735200997795,124972000.0,70685000.0,68770000.0,131116000.00000001,0.0568,-35.01144164759725,-7.812500000000007,,,
GATECH,INR,2026-Q1,2026-06-30,207748000.0,4.680036279351003,-24.119735200997795,124972000.0,70685000.0,68770000.0,131116000.00000001,0.0568,-35.01144164759725,-7.812500000000007,,,
TOTAL,INR,2026-Q1,2026-06-30,6677210000.0,0.15544079532648641,25.14156014504137,417650000.0,130925999.99999999,89999000.0,170398000.0,5.5807,-22.4568911614723,1077.8597785977859,,,
RSDFIN,INR,2026-Q1,2026-06-30,447184000.0,-61.06815666971086,139.68541436093506,347804000.0,201400000.0,125941000.0,218908000.0,9.7278,-11.17705603593897,,,,
SAMPANN,INR,2026-Q1,2026-06-30,1516670000.0,44.27657663828072,7.634754106822552,191386000.0,99661000.0,70043000.0,160136000.0,1.435,-20.670020454419806,71.54504688136976,,,
AAATECH,INR,2026-Q1,2026-06-30,198940000.0,-23.85946111451316,11.339137645107794,13265000.0,13265000.0,21192000.0,16059000.000000002,1.6485,-39.85991025500711,,,,
ANIKINDS,INR,2026-Q1,2026-06-30,1098288000.0,-28.464180895174746,68.33188207488493,38665000.0000001,-17469000.0,-9082000.0,-13245000.0,-0.3272,-140.42001235330451,,,,
LATTEYS,INR,2026-Q1,2026-06-30,1320075000.0,56.92070130058473,-0.5667229534361916,217418000.0,70198000.0,41729000.0,75971000.0,0.7258,100.05512679162072,-8.533554266777136,,,
OBCL,INR,2026-Q1,2026-06-30,3443573000.0,-1.230243240646328,-16.114905842347163,70907000.00000049,-53053000.0,-84884000.0,15058000.0,-4.0262,-368.2523819041908,,,,
HAPPY,INR,,,,,,,,,,,,,,,
LAHOTIOV,INR,2026-Q1,2026-06-30,3855257000.0,-20.9701026561705,-0.055961543679398006,267488999.99999997,36007000.0,158322000.0,57843000.0,5.4273,55.5813553491572,114.16767432486901,,,
DTL,INR,2026-Q1,2026-06-30,1627890630.0,,,57823049.99999981,57823050.0,-27705720.0,90024200.0,-3.3539,,,,,
GANGESSECU,INR,2026-Q1,2026-06-30,374572000.0,2.28646173255525,156.72253507047415,102869000.0,35241000.0,28806000.0,43529000.0,2.8795,-48.29227122539865,,,,
AESTHETIK,INR,2025-H2,2026-03-31,1182111000.0,78.33544831584774,,229066000.0,105314000.0,71251000.0,120415000.0,4.1338,24.73747736873868,,,,
KOHINOOR,INR,2026-Q1,2026-06-30,1609200000.0,104.16138036031464,6.705118961788031,206400000.0,-105100000.0,847900000.0,-57800000.0,22.872,-76.7819583066016,-97.60344528536557,,,
MEGAFLEX,INR,2025-H2,2026-03-31,780756000.0,29.462504663599056,,155261000.0,72426000.0,72727000.0,80691000.0,5.9951,110.62783262481118,,,,
ITL,INR,2026-Q1,2026-06-30,2138083000.0,16.27068374079061,-15.726512288860908,325624000.0,127738000.0,88508000.0,145026000.0,27.6216,-4.363301456280418,406.27230453119927,,,
HECPROJECT,INR,2026-Q1,2026-06-30,1796994000.0,47.31415155127156,-38.66816995576861,444707000.0,202186000.0,126148000.0,202605000.0,11.6392,26.93247251788518,-77.5827143821742,,,
IDEALTECHO,INR,2025-H2,2026-03-31,346243000.0,21.576221492652607,,86599000.0,49508000.0,27772000.0,65229000.0,2.7772,-12.564934042754142,,,,
ASSAMENT,INR,2026-Q1,2026-06-30,145687000.0,0.900358065476809,106.81569742020113,88303000.0,29896000.0,18873000.0,30461000.0,13.1082,-41.86638519806284,,,,
GSLSU,INR,2026-Q1,2026-06-30,2241530000.0,-0.3764444444444444,44.11693432908157,607940000.0,-294150000.0,-298480000.0,-109550000.0,-7.0427,-7.5763361693677655,,,,
VISHWARAJ,INR,2026-Q1,2026-06-30,3508175000.0,-27.77422294252243,-3.5683791476024065,-186353000.0,-317767000.0,-359861000.0,-130577000.0,-1.652,-1.411909146715771,-336.41618497109823,,,
VIAZ,INR,2025-H2,2026-03-31,1083436000.0,89.2177084006448,,116195000.0,77289000.0,52734000.0,95702000.0,3.9272,45.981711396922165,,,,
CFEL,INR,2026-Q1,2026-06-30,1529835000.0,-35.44588705862694,-35.82180423392224,358358000.0,72872000.0,81827000.0,162531000.0,3.2705,-16.534810126582276,-81.81568519753618,,,
BNALTD,INR,2026-Q1,2026-06-30,2990962000.0,10.995607249430078,63.78639888372945,704716000.0,106004000.0,7297000.00000003,179295000.0,2.3539,-92.15400665971141,,,,
ALUWIND,INR,2025-H2,2026-03-31,1375839800.0,25.96404845785939,,218366100.0,136621200.0,104740400.0,154080600.0,4.2153,28.967416245984403,,,,
INDBANK,INR,2026-Q1,2026-06-30,253659000.0,-1.6314675063792823,16.572123176661265,237263000.0,100506000.0,73612000.0,102991000.0,1.6587,-5.027197251646143,95.68555758683728,,,
BCPL,INR,2026-Q1,2026-06-30,2183276000.0,4.2759682636114755,29.38224331495871,257670000.00000003,178298000.0,82460000.0,199311000.0,4.9308,39.39445339665845,261.9456652017579,,,
PARTYCRUS,INR,,,,,,,,,,,,,,,
NAGAFERT,INR,2026-Q1,2026-06-30,0.0,-100.0,,0.0,,-148210000.0,,-0.2431,57.962994985301755,-410.00000000000006,,,
WEIZMANIND,INR,2026-Q1,2026-06-30,1284375000.0,1.7297724579734757,-1.9349137291738765,202532000.0,97711000.0,61290000.0,143107000.0,3.9558,,296.6219142485925,,,
VLEGOV,INR,2026-Q1,2026-06-30,95663000.0,-73.72790587821731,-45.25054833811372,-13968000.0,-25275000.0,-23985000.0,-23995000.0,-0.2212,99.90468754578185,2.3985239852398443,,,
USK,INR,2026-Q1,2026-06-30,1994134000.0,-31.678749990149928,-3.7361255934281155,222412000.0,187422000.0,118414000.0,277018000.0,2.1391,,-81.60000000000001,,,
SURANI,INR,2025-H2,2026-03-31,922759000.0,-58.989181516045505,,3363000.0000000303,-24985000.0,20464000.0,-16133000.0,1.3162,193.33630488076668,,,,
GJL,INR,,,,,,,,,,,,,,,
SOMICONVEY,INR,2026-Q1,2026-06-30,901198000.0,-19.718318642014353,-9.67840805917153,240425000.0,76097000.0,44232000.0,92205000.0,3.755,-25.611157335869088,1.361361361361356,,,
GTL,INR,2026-Q1,2026-06-30,2286672000.0,-7.251747239157301,3.04560858950896,1250470000.0,705068000.0,8891254000.0,772435000.0,56.5253,,-47.10148296220539,,,
VALUE360,INR,2025-H2,2026-03-31,,,,,,,,,,,,,
HOLMARC,INR,2025-H2,2026-03-31,422253000.0,13.608837582811779,,113497000.0,48790000.0,40819000.0,63454000.0,4.0616,9.282677716192223,,,,
XELPMOC,INR,2026-Q1,2026-06-30,39119150.0,-1.0930317110923338,-10.894373734518851,-81322780.0,-81322780.0,-79153080.0,-71045410.0,-5.3593,-13.378747170449989,-23.61041977766716,,,
SAMBHAAV,INR,2026-Q1,2026-06-30,434926000.0,3.650797055339878,-23.110379123426984,170828000.0,678000.000000001,-16295000.000000002,43150000.0,-0.0853,-587.4285714285713,-615.5339805825242,,,
SHYAMDHANI,INR,2025-H2,2026-03-31,,,,,,,,,,,,,
SCML,INR,2025-H2,2026-03-31,2737675000.0,11.500040931644968,,335471000.0,251588000.0,82794000.0,331102000.0,6.4876,-4.792932405858355,,,,
GSMFOILS,INR,2026-Q1,2026-06-30,3030400000.0,83.87869733981455,18.60278077694291,427286000.0,348732000.0,236233000.0,354727000.0,17.6858,87.38332114893572,33.320627802690595,,,
VGCL,INR,2026-Q1,2026-06-30,2120563999.9999998,-16.082008810628484,140.85620909093663,405325000.0,316560000.0,268875000.0,341796000.0,11.8443,,89.93805309734513,,,
RTL,INR,2025-H2,2026-03-31,,,,,,,,,,,,,
GROBTEA,INR,2026-Q1,2026-06-30,1193817000.0,6.207697234973844,134.260910563106,297795000.0,62201000.0,76670000.0,108642000.0,65.9667,21.921228699220052,,,,
JAYESH,INR,2025-H2,2026-03-31,1292956000.0,,,166871000.0,152171000.0,100846000.0,199669000.0,11.6029,,,,,
THACKER,INR,,,,,,,,,,,,,,,
MAL,INR,2025-H2,2026-03-31,4379111000.0,1.49252105528224,,836191000.0,470006000.0,146751000.0,546734000.0,5.9447,9.881517901702374,,,,
MOBILISE,INR,2025-Q4,2026-03-31,,,,,,,,,,,,,
MITCON,INR,2026-Q1,2026-06-30,1688192000.0,49.788695966191355,49.41403270628237,419427000.0,222691000.0,97354000.0,322710000.0,5.579,129.42797220051813,-42.465147156450534,,,
CUBEXTUB,INR,2026-Q1,2026-06-30,3048787000.0,15.81737488361421,-25.341746354351347,204269000.000001,60442000.0,75416000.0,73792000.0,5.2669,8.056706741619129,-3.9344604466708475,,,
PROPSHOP,INR,,,,,,,,,,,,,,,
SATTVAENGG,INR,2025-H2,2026-03-31,1288842000.0,,,257879000.00000003,217176000.0,130941000.0,220925000.0,7.4959,,,,,
MADHURKNIT,INR,2025-Q4,2026-03-31,,,,,,,,,,,,,
MDL,INR,,,,,,,,,,,,,,,
AVROIND,INR,2026-Q1,2026-06-30,983121000.0,18.056876477030375,-6.675602822253973,211720000.0,-23017000.0,42386000.0,22836000.0,0.3027,6.472036581076337,-26.142857142857146,,,
CRSL,INR,2026-Q1,2026-06-30,32939999.999999996,-82.24335338637687,-100.0,-29516000.0,-127954000.0,-81987000.0,-96285000.0,-0.1938,-370.3883495145631,-225.45454545454544,,,
MAKERSL,INR,2026-Q1,2026-06-30,1483654000.0,17.600516802010137,19.635150216633054,610746000.0,141542000.0,34189000.0,186892000.0,5.7944,-61.636906535311596,37.56542383855825,,,
SIL,INR,2026-Q1,2026-06-30,2164089000.0,585.2286112342473,1880.6514651279992,1038546000.0,726270000.0,619076000.0,753999000.0,9.6236,,,,,
ZENITHEXPO,INR,2026-Q1,2026-06-30,602700000.0,-17.955349850258646,2.9770992366412212,164200000.0,-31800000.0,2900000.0,-24800000.0,0.5374,-90.23583705803263,-399.95503597122314,,,
DEEP,INR,2026-Q1,2026-06-30,,,13.27400969312633,,,,,,,-30.20522715313104,,,
URBAN,INR,2025-H2,2026-03-31,1821396000.0,29.12884980496637,,244134000.0,244134000.0,148828000.0,316921000.0,17.1857,45.0784244204697,,,,
FORGEAUTO,INR,2025-H2,2026-03-31,2701889000.0,28.72617312618779,,913707000.0,228084000.0,123330000.0,274761000.0,11.2939,12.410669851697024,,,,
NARMADA,INR,2026-Q1,2026-06-30,895744000.0,38.88192902593617,-34.53022670395563,80732000.0,43779000.0,35921000.0,46019000.0,0.4238,-53.14020344980097,-52.75665399239544,,,
SHYAMCENT,INR,2026-Q1,2026-06-30,83920000.0,-91.67414888709206,,-140845000.0,-160512000.0,-59475000.0,-132274000.0,-0.2803,44.08537801715539,-497.9166666666667,,,
REPL,INR,2026-Q1,2026-06-30,734917000.0,-32.30726577050401,-52.50429876281846,183718000.0,-122625000.0,-132800000.00000001,-109841000.0,-7.3279,-198.2042107238103,,,,
RAJSREESUG,INR,2026-Q1,2026-06-30,5569740000.0,2.6440271656320697,-18.89931943840171,860571999.9999989,54614000.0,-80518000.0,286847000.0,-2.43,32.850668729965726,-173.72510419066367,,,
ZEAL,INR,2025-H2,2026-03-31,2855290000.0,-22.370517386694218,,277127000.0,128262000.0,111491000.0,184203000.0,8.3766,-23.549544122881468,,,,
AMBANIORGO,INR,2025-H2,2026-03-31,2436504000.0,25.63987797507936,,580698000.0,125534000.0,13342000.0,163659000.0,1.7391,,,,,
LOVABLE,INR,2026-Q1,2026-06-30,385219000.0,-10.492661085513397,103.53237077954122,54471000.0,-24835000.0,31610000.0,-11836000.0,2.1358,17.661965623622756,19.112593491004667,,,
COMPUSOFT,INR,2026-Q1,2026-06-30,334264000.0,-4.6961381099690644,1.704810541579976,59419000.0,-47880000.0,29026000.0,14643000.0,0.3668,-19.010819165378674,25.78295702840494,,,
MINALIND,INR,2026-Q1,2026-06-30,459035000.0,-6.03326864657283,-13.615880252460702,118426000.0,58999.9999999993,3754000.0,5664000.0,0.0195,-77.63761467889908,181.18279569892474,,,
PIONRINV,INR,2026-Q1,2026-06-30,485358000.0,-8.47465297879121,-30.347467854021886,370129000.0,124985000.0,142757000.0,134137000.0,11.6092,73.75400365192924,16.94927588967323,,,
MARUSHIKA,INR,2025-H2,2026-03-31,,,,,,,,,,,,,
SURYALAXMI,INR,2026-Q1,2026-06-30,7986032000.0,-1.5780114376589907,-24.231823076699193,2129168999.9999998,253090000.0,40081000.0,449751000.0,2.1314,-14.136083470974489,185.14129443938012,,,
SUPTANERY,INR,2026-Q1,2026-06-30,2551348000.0,-11.510770906240571,32.54065026448002,712516000.0,141433000.0,69705000.0,215767000.0,0.6425,4.335823319259491,-9.799999999999997,,,
PARAGON,INR,2025-H2,2026-03-31,1099845000.0,-5.274621734097674,,259688000.0,113927000.0,90458000.0,127662000.0,4.6232,52.85326985386497,,,,
OPTIFIN,INR,2026-Q1,2026-06-30,2100576000.0,31.078568165877503,3.885707396467539,306513000.0,116620000.0,56683000.0,140462000.0,0.7586,-2.1034972254484425,-6.553010122535964,,,
KKJEWELS,INR,2025-H2,2026-03-31,2689202000.0,,,543093000.0,436934000.0,247691000.0,454597000.0,23.6234,,,,,
SYLVANPLY,INR,2025-H2,2026-03-31,2528650000.0,4.4837976047627075,,775061000.0,177785000.0,71870000.0,215497000.0,3.7094,4.073845463217552,,,,
SMARTEN,INR,2025-H2,2026-03-31,2426604000.0,,,315142000.0,111918000.0,88007000.0,119726000.0,4.6318,,,,,
ROXHITECH,INR,2025-H2,2026-03-31,2029826000.0,-24.855547394670282,,352792000.0,247016000.0,179576000.0,264070000.0,7.8474,-40.54459496317847,,,,
AMARJOTHI,INR,2026-Q1,2026-06-30,2452248000.0,20.278220709795356,-19.96615170977261,590831000.0,223511000.0,128782000.00000001,305595000.0,19.0788,-0.0979185757298026,-41.81957558648885,,,
ARTNIRMAN,INR,2026-Q1,2026-06-30,338508000.0,44.753091699023315,-90.59262587127968,532490000.0,44048000.0,3969000.0,48940000.0,0.159,-73.77535873330035,-318.4357541899442,,,
DIGIKORE,INR,2025-H2,2026-03-31,660249000.0,62.01912577022083,,370481000.0,170449000.0,126359000.0,218235000.0,15.1246,,,,,
BHANDARI,INR,2026-Q1,2026-06-30,2682776000.0,-5.336897169220455,-43.53352589665768,598097000.0,202099000.0,74460000.0,272058000.0,0.2536,-12.279488066413016,-35.16666666666667,,,
JEYYAM,INR,2025-H2,2026-03-31,6512191000.0,-14.58296935098077,,372107999.999999,253931000.0,137434000.0,303441000.0,2.8908,-37.813535257927114,,,,
KHFM,INR,2025-H2,2026-03-31,1069576000.0,2.5484277983808066,,84516000.0000001,84516000.0,34871000.0,92021000.0,1.5628,-0.45859872611465574,,,,
TICL,INR,2026-Q1,2026-06-30,667500000.0,-24.8987398739874,-50.95513105286539,138500000.0,66800000.0,70400000.0,81100000.0,0.4542,-87.42838163248359,-68.33493743984602,,,
DHARAN,INR,2025-Q4,2026-03-31,,,,,,,,,,,,,
EMKAYTOOLS,INR,2025-H2,2026-03-31,325894000.0,-65.9829024143294,,7271999.99999999,-25999000.0,81131000.0,-23814000.0,7.5987,-82.65540901433911,,,,
LOYALTEX,INR,2026-Q1,2026-06-30,3798224000.0,-38.88519525656085,5.159335288367546,751021000.0,-425062000.0,-568865000.0,-227346000.0,-118.5034,-4.554935204268893,93.79552861113774,,,
DBSTOCKBRO,INR,2026-Q1,2026-06-30,310489000.0,-14.446749825718685,69.92880514312961,136209000.0,41199000.0,29691000.0,52896000.0,0.8483,-38.56904917083062,273.37367624810884,,,
SRIVASAVI,INR,2025-H2,2026-03-31,1099828000.0,21.992876720229916,,198416000.0,78555000.0,60132000.0,92947000.0,4.2424,-11.587195731910638,,,,
VIGOR,INR,2026-Q1,2026-06-30,719832000.0,,-15.583030513611204,188805000.0,142462000.0,97710000.0,192164000.0,9.4365,,-18.905109489051103,,,
MOTOGENFIN,INR,2026-Q1,2026-06-30,115996000.0,17.797117933198606,119.12150012843566,46209000.0,23723000.0,1488198000.0,32607999.999999996,38.4277,20694.209956709958,-98.44214202809043,,,
AMEYA,INR,2025-H2,2026-03-31,402379000.0,4.274870880551878,,110053000.0,64441999.99999999,55874000.0,76152000.0,7.4499,26.13907654797582,,,,
KEN,INR,2025-H2,2026-03-31,6318200000.0,30.865430561185313,,407108000.000001,292360000.0,154071000.0,300037000.0,6.2683,9.599076810099145,,,,
NAVKARURB,INR,2026-Q1,2026-06-30,221595000.0,60.636616696146376,-96.50285127578982,152304000.0,31595000.0,29574000.0,,0.0264,,,,,
MGSL,INR,2025-H2,2026-03-31,401008000.0,81.5000384718092,,188252000.0,122616000.0,100591000.0,132499000.0,6.8984,74.8909846871514,,,,
PRLIND,INR,2025-H2,2026-03-31,3320718000.0,14.945578805849049,,290998000.0,211572000.0,137643000.0,251838000.0,6.0205,-9.729510900530785,,,,
SHILGRAVQ,INR,2026-Q1,2026-06-30,982466000.0,5.00627387438998,5.199998330390647,272101000.0,85683000.0,66471000.0,143916000.0,10.8086,70.28389576834608,1645.6,,,
PACIFICI,INR,2026-Q1,2026-06-30,1687306000.0,-28.204785621435093,65.88421232930038,397298000.0,-13822000.0,27529000.0,81812000.0,3.994,-59.79383518895086,359.441738478831,,,
JYOTIGLOBL,INR,2025-H2,2026-03-31,1022521000.0,,,277427000.0,105671000.0,70264000.0,121140000.0,3.5451,,,,,
NORBTEAEXP,INR,2026-Q1,2026-06-30,81259000.0,6.939436211933778,-9.629525877162266,30817000.0,7412000.0,-2569000.0,13404000.0,-0.1653,-263.82556987115953,,,,
SELMC,INR,2026-Q1,2026-06-30,126912000.0,-29.49725015276929,29.97625728469674,-827686000.0,-918901000.0,-1688210000.0,-64144000.00000001,-50.9466,-20.432024054917832,-0.3483768804433785,,,
BAGFILMS,INR,2026-Q1,2026-06-30,1571926000.0,13.128569619087099,-10.107090524922949,1453353000.0,163947000.0,46950000.0,196057000.0,0.2228,-32.423415225963,127.57281553398062,,,
KCK,INR,2025-H2,2026-03-31,294717000.0,-16.308054920558295,,4701999.99999999,-1130000.0,4332000.0,267000.0,0.0875,-79.95418098510882,,,,
VR,INR,2025-H2,2026-03-31,765295000.0,131.94974843911012,,204247000.0,132251000.0,39166000.0,133330000.00000001,4.4106,94.61677624321578,,,,
INVENTURE,INR,2026-Q1,2026-06-30,400661000.0,-25.815745182738404,469.5572927214549,253673000.0,74018000.0,31497000.0,83858000.0,0.03,145.90163934426226,,,,
VAISHALI,INR,2026-Q1,2026-06-30,1079167000.0,3.079291909957588,-14.987503295936063,99434999.9999999,36377000.0,42798000.0,42321000.0,0.3281,972.2222222222222,573.2954545454544,,,
SELLOWRAP,INR,2026-Q1,2026-06-30,2177816000.0,,-11.855746761708575,343798000.0,135913000.0,93552000.0,224392000.0,6.8066,,23.54402857586581,,,
MUKESHB,INR,2026-Q1,2026-06-30,210570000.0,125.11225144323284,143.17835598074458,156737000.0,48721000.0,32600000.0,52173000.0,4.6766,-10.753611572298245,,,,
JETFREIGHT,INR,2026-Q1,2026-06-30,5035642000.0,20.991644591810367,40.273810279523474,262109999.999999,182943000.0,75609000.0,201873000.0,1.6294,69.44675540765391,-17.859834212509412,,,
BVCL,INR,2026-Q1,2026-06-30,2155212000.0,1.7010481491757954,2.052240682683119,1076003000.0,87221000.0,20273000.0,138016000.0,0.9148,-39.03365544818394,110.79926784624772,,,
CLASSICEIL,INR,2025-H2,2026-03-31,2429652000.0,18.06181785846005,,252737000.0,194750000.0,126920000.0,226258000.0,7.0649,9.43831712001983,,,,
KONSTELEC,INR,2025-H2,2026-03-31,2103858000.0000002,8.610435978499478,,1035426999.9999999,177005000.0,72865000.0,194700000.0,4.8255,53.49258858706023,,,,
REGENCERAM,INR,2026-Q1,2026-06-30,498733000.0,163.7570866474869,62.688647420191046,-14389000.0,-381537000.0,-244527000.0,-344901000.0,-9.2478,-888.5231923601636,79.44593765211319,,,
DELAPLEX,INR,2025-H2,2026-03-31,688944000.0,1.9994403639706917,,250226000.0,125604000.0,128390999.99999999,131858000.0,14.0933,6.513244907984723,,,,
SADBHIN,INR,2026-Q1,2026-06-30,7885380000.0,9.002615383764715,-0.7026016590720898,4535350000.0,4068570000.0,15170000.0,5468290000.0,0.0431,,-50.06326444538169,,,
HILTON,INR,2026-Q1,2026-06-30,2672799000.0,76.9302770792195,15.96420141620771,233373000.0,112691000.0,51035000.0,135008000.0,1.5932,-22.99289477500122,766.1728395061729,,,
DUCON,INR,2026-Q1,2026-06-30,4140676999.9999995,-9.148281526700016,4.025983296452292,314635000.0,234038000.0,100207000.0,247370000.0,0.218,-26.968174204355105,17.41293532338308,,,
USASEEDS,INR,2025-H2,2026-03-31,1104367000.0,-19.26746412287736,,138656000.0,120853000.0,74781000.0,141246000.0,7.4148,-11.9633358662614,,,,
SLONE,INR,2025-H2,2026-03-31,2410167000.0,14.420112997461581,,154393000.0,129922000.0,90107000.0,166859000.0,15.62,11.24959937324169,,,,
TERAI,INR,2026-Q1,2026-06-30,658720000.0,-42.1902617200047,-81.21367748320792,94985000.0,-48870000.0,68900000.0,-37524000.0,10.0154,-27.925503205981617,758.0041943376442,,,
ARABIAN,INR,2025-H2,2026-03-31,4132737000.0,44.88295390725078,,479966000.0,160997000.0,112236000.0,175636000.0,10.2936,23.42002086255891,,,,
AAKASH,INR,2026-Q1,2026-06-30,1164992000.0,21.30514094894619,-14.55906541655308,463128000.0,41642000.0,34870000.0,144251000.0,0.3444,194.8630136986301,-72.1055465805062,,,
AAKAAR,INR,2025-H2,2026-03-31,669641000.0,,,246198000.0,100559000.0,66375000.0,101842000.0,4.6833,,,,,
MANILAM,INR,2025-H2,2026-03-31,,,,,,,,,,,,,
PURVFLEXI,INR,2025-H2,2026-03-31,6604554000.0,65.9437346168187,,474399000.0,-76474000.0,34132000.0,12260000.0,1.6306,-67.11173860427591,,,,
PALASHSECU,INR,2026-Q1,2026-06-30,360086000.0,-35.59784018128455,162.83783783783784,29810000.0,-17401000.0,161705000.0,-14825000.0,16.1655,,64.62975928921509,,,
WOL3D,INR,2025-H2,2026-03-31,975184000.0,102.16723850196428,,206744000.0,71204000.0,66650999.99999999,79664000.0,10.3303,19.20493884144933,,,,
PATINTLOG,INR,2026-Q1,2026-06-30,3931158000.0,16.114037064615705,17.688017821055517,162395000.0,83338000.0,104659000.0,108724000.0,1.504,31.526016615653703,-15.74160447761194,,,
EXCELLENT,INR,2025-H2,2026-03-31,226443000.0,2.025249157460306,,22346000.0,17303000.0,15096000.0,21392000.0,3.3772,32.3769206647852,,,,
RELCHEMQ,INR,2026-Q1,2026-06-30,3684599000.0,2.8079530954979166,12.068054336411247,739705000.0,260206000.00000003,55647000.0,407544000.0,7.3768,23.088218117501796,-21.729173867957133,,,
VASUPRADA,INR,2026-Q1,2026-06-30,1482100000.0,11.261334640553295,43.617049203279635,346558000.0,6718000.0,-39731000.0,72752000.0,-4.7959,-142.50629276420744,74.02774619058448,,,
SEMAC,INR,2026-Q1,2026-06-30,2215422000.0,8.89757172721906,-59.36784994450255,211969000.0,60808000.0,66369000.0,75022000.0,21.2911,,-89.15747538932605,,,
SHERVANI,INR,2026-Q1,2026-06-30,181200000.0,-61.20745022479126,118.75,48100000.0,-21500000.0,2600000.0,-8900000.0,1.0027,-93.54844936301635,,,,
ADDIND,INR,2026-Q1,2026-06-30,72115000.0,,-59.169644775128404,-1663999.99999999,-17571000.0,24140000.0,-16678000.0,2.2359,-40.94450754074113,153.73501383338458,,,
RHFL,INR,2025-Q4,2026-03-31,,,,,,,,,,,,,
RAJMET,INR,2026-Q1,2026-06-30,2414000000.0,-69.55287885476446,-7.971656333038086,104100000.0,43300000.0,20600000.0,54900000.0,0.0745,,-65.52567237163814,,,
SUPREMEENG,INR,2025-Q4,2026-03-31,,,-36.53474131285363,,,,,,,-237.037037037037,,,
UTKAL,INR,,,,,,,,,,,,,,,
HISARMETAL,INR,2026-Q1,2026-06-30,2642800000.0,8.600780768440517,-10.577456968350916,425200000.0,118900000.0,47600000.0,148400000.0,8.8148,73.72144813858617,136.84098337359669,,,
MOKSH,INR,2026-Q1,2026-06-30,7959188000.0,34.05162693129406,2.3926794873070154,216592000.0,152347000.0,105377000.0,160453000.0,1.0847,-16.60644268470823,251.70000000000005,,,
MAXPOSURE,INR,2025-H2,2026-03-31,880243000.0,39.09935905539683,,201149000.0,120590000.0,94752000.0,129662000.0,4.1666,11.46304272223856,,,,
KSR,INR,,,,,,,,,,,,,,,
BANKA,INR,2026-Q1,2026-06-30,565026000.0,7.769334645579169,-40.30246794835527,72015000.0000001,36300000.0,3328000.0,66408000.0,0.2837,,-100.90209790209789,,,
GOYALALUM,INR,2026-Q1,2026-06-30,771843000.0,2.69414071959063,-31.608058530973576,51171999.9999998,43286000.0,48255000.0,45097000.0,0.3381,122.58064516129032,-54.2756183745583,,,
SPLIL,INR,2026-Q1,2026-06-30,723017000.0,-36.34573227098649,-16.667239438797864,-47816999.9999998,-105174000.0,82788000.0,-70711000.0,2.8548,1.9425796314812251,-46.22703652199371,,,
MYSORPETRO,INR,2026-Q1,2026-06-30,563931000.0,52.56222270317066,-47.01579654421643,-1539999.9999999302,-74170000.0,107681000.0,-70662000.0,16.3562,,216.4222682209391,,,
KAKATCEM,INR,2026-Q1,2026-06-30,712564000.0,-15.926016820365668,21.09966748278397,-101401000.0,-267515000.0,-272029000.0,-241002000.0,-34.9928,-81.49886669536667,-43.602551968310706,,,
SEL,INR,2025-H2,2026-03-31,742255000.0,121.6301839017996,,123148000.0,78613000.0,38278000.0,81751000.0,16.508,121.72079404733122,,,,
BLBLIMITED,INR,2026-Q1,2026-06-30,7805000000.0,116.80555555555556,27.591036414565828,432600000.0,370500000.0,273600000.0,372200000.0,5.1754,310.81123987934586,28.308598062063044,,,
ORIENTLTD,INR,2026-Q1,2026-06-30,1234212000.0,-6.487401834320199,-33.34210640392868,229256000.0,-8202999.999999999,-16344000.000000002,35199000.0,-1.6344,41.834228976120144,-519.7721179624665,,,
VISDEM,INR,2025-H2,2026-03-31,1051454999.9999999,7.075972712025089,,310855000.0,141750000.0,77732000.0,163846000.0,7.5642,-1.1577461844031003,,,,
VILINBIO,INR,2025-H2,2026-03-31,422630000.0,185.36992147144815,,36099000.0,29086000.0,19288000.0,31934000.0,1.2741,695.3183520599251,,,,
CHETANA,INR,2025-H2,2026-03-31,1092650000.0,6.630168535488089,,409986000.0,207012000.0,134568000.0,217965000.0,6.5965,-0.728378154675014,,,,
KAYTEX,INR,2025-H2,2026-03-31,1612412000.0,,,368974000.0,250333000.0,174270000.0,299901000.0,11.8558,,,,,
CRAVATEX,INR,2026-Q1,2026-06-30,1599716000.0,-6.512228618180756,-18.445208755665902,473253000.0,-50607000.0,86025000.0,-35497000.0,33.2894,188.97550304692788,-72.63305729090996,,,
KCEIL,INR,2025-H2,2026-03-31,1643047000.0,7.613414941659216,,389797000.0,315609000.0,187841000.0,317588000.0,15.3666,-1.2879727116804023,,,,
ABAN,INR,2025-Q4,2026-03-31,4096170000.0,-13.883592099315681,8.55018180225172,1816520000.0,383690000.0,-5288930000.0,1566950000.0,-90.6166,40.53388947367039,-93.87847791315338,,,
SHRIKRISH,INR,2026-Q1,2026-06-30,208705000.0,-18.434463837670105,-39.67983224837256,130098999.99999999,84440000.0,40562000.0,86662000.0,1.4486,-19.705116124383345,-18.634458959822528,,,
ANMOL,INR,2026-Q1,2026-06-30,12956800000.0,-2.6309658898766806,47.71644355126252,197599999.999999,181200000.0,115200000.0,187900000.0,2.0241,32.250898399215934,139.04761904761904,,,
ASHALOG,INR,2025-H2,2026-03-31,3185769000.0,37.932140778918495,,324294000.0,191106000.0,97881000.0,295697000.0,7.2204,-20.329258065939886,,,,
LPDC,INR,2026-Q1,2026-06-30,85805000.0,1023.6904138292299,-78.62249678964356,18660000.0,90825000.0,84653000.0,90836000.0,0.6311,,443.6649214659686,,,
LAKSHYA,INR,2025-H2,2026-03-31,1799295000.0,12.38274823521182,,265908000.00000003,189261000.0,100213000.0,199150000.0,9.9352,-39.92829027323462,,,,
CAPTRUST,INR,2026-Q1,2026-06-30,418067000.0,-50.16355179179809,25.87855431725862,307458000.0,-143398000.0,-382995000.0,-139340000.0,-13.1244,-325.01295336787564,,,,
RTSPOWR,INR,2026-Q1,2026-06-30,1560446000.0,-19.08972925102133,-36.23325054898554,249688000.0,35562000.0,26612000.0,69977000.0,2.9025,174.0016992353441,,,,
MAYASHEEL,INR,2025-H2,2026-03-31,2059936000.0000002,,,1064023999.9999999,252116000.0,113252000.0,298108000.0,5.1361,,,,,
SMLT,INR,2026-Q1,2026-06-30,2012393000.0,9.350820976259964,-10.933537667365705,214509000.0,49719000.0,48794000.0,78078000.0,3.5643,29.160023191766925,-11.015395894428151,,,
DRONE,INR,2025-H2,2026-03-31,350662150.0,40.84270946840698,,147941210.0,33637870.0,11720760.0,96990870.0,0.4804,,,,,
LANDSMILL,INR,2026-Q1,2026-06-30,15127000.0,-92.00543294435988,,-7634000.0,-44869000.0,19774000.0,-40675000.0,0.014,1066.6666666666667,185.71428571428575,,,
ICDSLTD,INR,2026-Q1,2026-06-30,22351000.0,-46.199210475640285,18.43069211490264,-4679000.0,-4679000.0,6516000.0,-872000.0,0.5002,-68.72968242060516,,,,
CINEVISTA,INR,2026-Q1,2026-06-30,268331000.00000003,66.15128360722736,2.6310019732514798,129370000.0,109582000.0,61069000.0,111839000.0,1.0632,,22.832980972515866,,,
TRANSCOR,INR,2026-Q1,2026-06-30,9415592000.0,-25.182675097488833,45.41053558590759,458980000.000001,90519000.0,95506000.0,103928000.0,2.9698,1085.548902195609,-44.27832087406556,,,
CTE,INR,2026-Q1,2026-06-30,1791366000.0,-8.336126352610199,21.296944074583937,292915000.0,138550000.0,69572000.0,213609000.0,3.6538,,84.18863385787311,,,
GLOBE,INR,2026-Q1,2026-06-30,6786383000.0,17.44028206227756,3.599877149946127,441484000.0,265444000.00000003,106662000.0,315063000.0,0.2368,0.9377664109121941,129.43262411347513,,,
SHREEOSFM,INR,2025-H2,2026-03-31,1558158000.0,11.08316490755296,,245160000.0,114185000.0,75788000.0,198743000.0,4.9202,-28.73819593302821,,,,
PRAXIS,INR,2026-Q1,2026-06-30,987589000.0,-11.035632085542229,7.5184110328771325,47823000.0,-449807000.0,-612118000.0,-251989000.0,-3.273,-6.643641458408,90.40305555107895,,,
ZENITHSTL,INR,2026-Q1,2026-06-30,419135000.0,-61.725103076073104,-36.43706052179458,139913000.0,-136817000.0,40151000.0,-117694000.0,0.2822,29.568411386593212,-68.50715746421268,,,
SWARNSAR,INR,2026-Q1,2026-06-30,9221970000.0,21.628176890307437,-12.983106740485754,291413000.0,210170000.0,124172000.0,213392000.0,5.9479,143.14855694546642,,,,
RICHA,INR,2025-H2,2026-03-31,1428115000.0,11.839987720519654,,135930000.0,111043000.0,74809000.0,111613000.0,5.42,-63.29355673244931,,,,
SUNLOC,INR,2026-Q1,2026-06-30,840631000.0,-0.5965641687833165,-3.7338444299092903,345415000.0,61794000.0,35613000.0,124107000.0,3.4728,1851.0112359550562,-69.4534632034632,,,
MAITREYA,INR,2025-H2,2026-03-31,448499000.0,-3.8835421683235447,,281988000.0,-18562000.0,-24652000.0,-3342000.0,-3.6381,-226.22211428373177,,,,
PARSVNATH,INR,2025-Q3,2025-12-31,2926987000.0,-5.411384745344795,23.233173098717458,1190112000.0,-491790000.0,-4413745000.0,90226000.0,-10.1423,22.143410941973908,6.855169681016669,,,
RSSOFTWARE,INR,2026-Q1,2026-06-30,232507000.0,-49.82606894230064,-1.0408959440371293,-315113000.0,-315113000.0,-330058000.0,-244069000.0,-12.7775,-6031.987000928505,32.730472639696174,,,
INTEGRITY,INR,2025-H2,2026-03-31,1742472000.0,,,130120000.0,106905000.0,68968000.0,155949000.0,16.0391,,,,,
READYMIX,INR,2025-H2,2026-03-31,906024962.0,,,323678422.0,113308235.0,74812430.0,126389650.0,6.8269,,,,,
PREMIUM,INR,2025-H2,2026-03-31,753739000.0,32.15886297008038,,124835000.0,105649000.0,68729000.0,142023000.0,3.5987,6.508227773173908,,,,
NIBL,INR,2026-Q1,2026-06-30,759753000.0,11.942059990982788,-8.145563746094377,86579999.9999999,-205445000.0,-309659000.0,-105891000.0,-12.7796,-243.50555287300816,2.1746944644140984,,,
SERVICE,INR,2025-H2,2026-03-31,1933959000.0,2.320350965186006,,51436999.999999896,31011000.0,50193000.0,48405000.0,3.782,111.69885250489784,,,,
IEML,INR,2025-H2,2026-03-31,1598241000.0,57.88807640709619,,334342000.0,232104000.0,162610000.0,258541999.99999997,11.5222,5.892840731550405,,,,
TSC,INR,2025-H2,2026-03-31,285100000.0,,,,61397000.0,36901000.0,66854000.0,5.1109,,,,,
NOIDATOLL,INR,2026-Q1,2026-06-30,437345000.0,7.305493534852908,1.3216447134211462,182908000.0,116565000.0,283318000.0,124196000.0,1.5216,,36.61701105237866,,,
SUNTECH,INR,2025-H2,2026-03-31,1762737000.0,,,661051000.0,212375000.0,137525000.0,353330000.0,7.1026,,,,,
ALKALI,INR,2026-Q1,2026-06-30,899829000.0,1.936135070655166,-38.867291502076014,153038000.0,28986000.0,10651000.0,56626000.0,1.046,,-116.04493698171581,,,
FIBERWEB,INR,2026-Q1,2026-06-30,655039000.0,-38.129740349286415,1.4433116956597776,227215000.0,82424000.0,52298000.0,125498000.0,1.8164,-69.53269146901943,,,,
CGVAK,INR,2026-Q1,2026-06-30,739325000.0,-4.299701504901999,-5.274012964054213,133050999.99999999,133050999.99999999,86207000.0,146180000.0,17.07,-16.589706378175524,,,,
JHS,INR,2026-Q1,2026-06-30,1086211000.0,19.40649132932091,-7.081053471863273,182207000.0,-44112000.0,-18870000.0,30261000.0,-0.2118,90.12080787350156,,,,
ZENITHDRUG,INR,2025-H2,2026-03-31,1712198000.0,28.42769276927693,,215343000.0,61126000.0,39426000.0,121606000.0,2.2991,-44.93964939170419,,,,
UMAEXPORTS,INR,2026-Q1,2026-06-30,14379946000.0,-11.764629362804467,-21.035563636832073,773971000.0,246541000.0,877000.000000001,257596000.0,0.0259,,-187.35105407882676,,,
JAKHARIA,INR,2025-H2,2026-03-31,645773000.0,0.5641983960133925,,247123000.0,52924000.0,33408000.0,66622000.0,2.7403,2.0443881730840823,,,,
BANARBEADS,INR,2026-Q1,2026-06-30,283368000.0,-7.681481433216265,39.1844135091116,129104000.00000001,28961000.0,18845000.0,44611000.0,2.8421,-40.29327114976577,30.67469879518073,,,
KHAITANLTD,INR,2026-Q1,2026-06-30,1240206000.0,41.12301607169679,14.635974215243536,184934000.0,76663000.0,69235000.0,80853000.0,14.5758,7.196281614732326,-16.579417980816128,,,
SHEKHAWATI,INR,2026-Q1,2026-06-30,149754000.0,-68.21879317406723,-81.57790214840223,73052000.0,48245000.0,123589000.0,61140000.0,3.5854,83.7630054840859,37.458144207158256,,,
MYMUDRA,INR,2025-H2,2026-03-31,1177939000.0,46.018556969400215,,1148265000.0,160637000.0,120033000.0,176026000.0,10.5367,13.170076795016383,,,,
SANGANI,INR,2025-H2,2026-03-31,1069582000.0000001,404.8698861946728,,247625000.0,71026000.0,50033000.0,80898000.0,3.6316,53.3873965196824,,,,
SAMAY,INR,2025-H2,2026-03-31,501576000.0,,,121730000.0,72794000.0,68355000.0,74826000.0,4.4533,,,,,
SIGNORIA,INR,2025-H2,2026-03-31,404512000.0,48.773437097735176,,90459000.0,68096000.0,41865000.0,79311000.0,8.7989,38.70077871307418,,,,
ALCODIS,INR,2025-H2,2026-03-31,1364114000.0,22.704122477984367,,338875000.0,159857000.0,89679000.0,197955000.0,8.7524,-3.9095350496788672,,,,
ADDICTIVE,INR,2026-Q1,2026-06-30,757232000.0,,,503828000.0,-14121000.0,-4827000.0,123895000.0,-3.2236,,,,,
WOMANCART,INR,2026-Q1,2026-06-30,1336898000.0,356.322788525866,,287012000.0,122343000.0,73089000.0,178678000.0,8.8103,30.889453432574175,,,,
PARASPETRO,INR,2026-Q1,2026-06-30,0.0,,,0.0,-18919000.0,-4229000.0,-18919000.0,-0.0127,-1007.1428571428571,,,,
ATAM,INR,2026-Q1,2026-06-30,472086000.0,-23.096245760475416,-6.221855871533014,90531000.0,33454000.0,18140000.0,39208000.0,1.5825,-72.54558387259068,-25.839689549043214,,,
TOKYOPLAST,INR,2026-Q1,2026-06-30,809345000.0,11.046853047067088,-13.319664964677905,225789000.0,35121000.0,3438000.0,65269999.99999999,0.3618,-66.11407698791795,-563.8528138528139,,,
RNPL,INR,2025-H2,2026-03-31,899878000.0,,,163935000.0,116027000.0,82545000.0,121411000.0,10.6065,,,,,
HDIL,INR,2025-Q4,2026-03-31,,,,,,,,,,,,,
CURAA,INR,2026-Q1,2026-06-30,7425000.0,428.09388335704125,-89.39260563380282,-5402000.0,-11504000.0,-17528000.0,-4563000.0,-1.7705,-7.91125739013835,81.20814358424859,,,
VINEETLAB,INR,2025-Q4,2026-03-31,594010000.0,-20.793386225748385,20.724934976962352,142816000.0,60639000.0,11107000.0,84788000.0,0.9288,,-53.40268747290854,,,
ARVINDPORT,INR,2025-H2,2026-03-31,128686000.0,-38.40535314276962,,17989000.0,17989000.0,13053000.0,86273000.0,0.7334,-88.74687370536878,,,,
ONYX,INR,2025-H2,2026-03-31,694694000.0,12.135318975842353,,61575999.9999999,3451000.0,-2145000.0,33969000.0,-0.1166,-104.26746696922007,,,,
ACCURACY,INR,2026-Q1,2026-06-30,6496910000.0,-28.256997441421582,-12.46137681925284,362790000.0,178630000.0,38170000.0,309280000.0,0.2536,47.61350407450522,-76.53958944281524,,,
TOUCHWOOD,INR,2026-Q1,2026-06-30,616411000.0,-24.72980019073646,-85.8202625956821,42673999.9999999,42674000.0,31702000.0,54796000.0,2.8779,-48.39143533462449,-43.83333333333333,,,
HBPOR,INR,2026-Q1,2026-06-30,298777000.0,9.96577107103423,21.16503509420022,215909000.0,45218000.0,37202000.0,52288000.0,3.4561,,,,,
ENERGYDEV,INR,2026-Q1,2026-06-30,423039000.0,16.633168738575552,52.071531445031205,178255000.0,147410000.0,-37009000.0,234594000.0,-0.7791,96.11099463895295,86.82920091166515,,,
PSFL,INR,2025-H2,2026-03-31,1199597000.0,9.121134222241627,,315279000.0,59829000.0,42553000.0,74864000.0,2.162,-4.711534223632597,,,,
DHANSA,INR,2026-Q1,2026-06-30,1415372000.0,,,117755000.0,87106000.0,55226000.0,109084000.0,2.2103,,,,,
ODIGMA,INR,,,,,,,,,,,,,,,
PENTAGON,INR,2025-H2,2026-03-31,508524000.0,3.1049654305468257,,105015000.0,39461000.0,18369000.0,48391000.0,2.3825,-31.57668006892591,,,,
TRUST,INR,2025-H2,2026-03-31,427492000.0,36.74886680251175,,204543000.0,67417000.0,78738000.0,97340000.0,3.3014,-0.5033000813718609,,,,
DIVYADHAN,INR,2025-H2,2026-03-31,794135000.0,33.50755853832394,,65232999.9999999,31130000.0,17052000.0,47940000.0,1.1919,10.998323710188105,,,,
LADDERUP,INR,2026-Q1,2026-06-30,309402000.0,82.87575286517286,-14.443471993410215,279218000.0,118497000.0,56660000.0,124678000.0,5.3439,114.59722110673837,43.39101177601538,,,
NAGREEKEXP,INR,2026-Q1,2026-06-30,5946903000.0,32.82709904636316,2.1841218480379823,711929000.0,158525000.0,31787000.0,190534000.0,1.0172,17.446022399261068,141.41193595342068,,,
RCDL,INR,2025-H2,2026-03-31,8722017000.0,39.46292647078576,,300824000.00000095,217230000.0,126262000.0,232553000.0,5.2794,40.174707272389334,,,,
PARAMATRIX,INR,2025-H2,2026-03-31,288483000.0,0.8181252664760852,,-7879999.99999999,-7880000.0,25728000.0,3949000.0,2.29,-54.20824251634705,,,,
DIGIDRIVE,INR,2026-Q1,2026-06-30,468000000.0,2.8345418589321025,5.785123966942149,34300000.0,-18400000.0,57500000.0,-11600000.0,1.4911,-10.573347727000113,,,,
FASCINATE,INR,,,,,,,,,,,,,,,
NEWJAISA,INR,2025-H2,2026-03-31,404882000.0,-38.331980303129534,,-116549000.0,-208044000.0,-174189000.0,-165857000.0,-4.873,-1261.9340413638904,,,,
PRAKASHSTL,INR,2026-Q1,2026-06-30,911269000.0,19.543925655395338,-32.23496972579878,88419000.0,8486000.0,6217000.0,17322000.0,0.0355,-60.98901098901099,342.8571428571429,,,
ITTL,INR,2025-H2,2026-03-31,853763000.0,82.45684146638571,,193975000.0,-6867000.0,-19079000.0,32033000.0,-1.9079,88.08805808936923,,,,
LRRPL,INR,2025-H2,2026-03-31,398200000.0,27.95629820051414,,110300000.0,64200000.0,40900000.0,85400000.0,4.7334,164.4357541899441,,,,
SHKSIL,INR,2025-H2,2026-03-31,666419000.0,-17.18416801292407,,108733000.0,53133000.0,61960000.0,65000000.0,3.2286,-32.63786016816541,,,,
PIONEEREMB,INR,2026-Q1,2026-06-30,3466345000.0,-4.973508450512327,12.40368196712546,723576000.0,-3258000.0,-3348000.0,142453000.0,-0.1086,-106.25648116142412,-97.1078976640712,,,
SIDDHICOTS,INR,2025-H2,2026-03-31,4781400000.0,,,325189000.0,163769000.0,96408000.0,257618000.0,3.9501,,,,,
IL&FSTRANS,INR,,,,,,,,,,,,,,,
TFL,INR,2026-Q1,2026-06-30,149439000.0,-4.065557353054464,-44.3435258885649,72531000.0,-25179000.0,-36878000.0,-20604000.0,-0.6774,4.430022573363429,91.32834055971621,,,
MILTON,INR,,,,,,,,,,,,,,,
BULKCORP,INR,2025-H2,2026-03-31,658353000.0,9.027542018511497,,154858000.0,57074000.0,37322000.0,66539000.0,4.9682,6.015406610759026,,,,
UWCSL,INR,,,,,,,,,,,,,,,
KANDARP,INR,2025-H2,2026-03-31,397375000.0,63.28824201382326,,,31447000.0,18533000.0,38717000.0,2.0625,16.086002138796648,,,,
GENSOL,INR,2025-Q4,2026-03-31,,,,,,,,,,,,,
ODYCORP,INR,2026-Q1,2026-06-30,547463000.0,55.899966682139066,-38.4703196347032,-28832000.0,-63804000.0,87431000.0,-57689000.0,0.9815,-12.272077225598855,12.359550561797745,,,
AISL,INR,2026-Q1,2026-06-30,2564772000.0,9.88735651784211,-5.470586599858517,302398000.0,44143000.0,34968000.0,56937000.0,3.0973,-63.14449243803472,-260.5025773195876,,,
BONLON,INR,2026-Q1,2026-06-30,5820838000.0,-13.045781378073752,10.490099733005295,342229000.0,26427000.0,8486000.0,39084000.0,0.2708,-92.84374091593774,88.88888888888889,,,
BEWLTD,INR,2025-H2,2026-03-31,1855399000.0,38.093161206771434,,166191000.0,83820000.0,37842000.0,96100000.0,2.8946,-68.59669107675617,,,,
DAMODARIND,INR,2026-Q1,2026-06-30,4795323000.0,18.26214448219097,37.087323958820065,625464000.0,182328000.0,57412000.0,356264000.0,2.464,-27.104905035205018,194.06671759612937,,,
REFRACTORY,INR,2025-H2,2026-03-31,570407000.0,-2.9444693999782205,,116213000.0,55876000.0,47898000.0,79758000.0,2.1966,-24.362108742811888,,,,
OMFURN,INR,2025-H2,2026-03-31,864086000.0,2.713433080656492,,150910000.0,98798000.0,63634000.0,126270000.0,,,,,,
GFSTEELS,INR,,,,,,,,,,,,,,,
VEEKAYEM,INR,2025-H2,2026-03-31,3647070000.0,13.511711681428821,,435172000.0,256575000.0,99549000.0,281347000.0,16.7753,28.955460233999062,,,,
NGIL,INR,2026-Q1,2026-06-30,448474000.0,0.7580319029431588,-25.13667107976908,47481999.9999999,35879000.0,16395000.0,49454000.0,0.9286,,-61.255309108069845,,,
ATLASCYCLE,INR,2026-Q1,2026-06-30,64574000.0,-44.106292737817014,5.713499001858608,-29088000.0,-84390000.0,-83726000.0,-69108000.0,-12.8733,-199.83791161917762,25.0812017864393,,,
SGLRES,INR,2026-Q1,2026-06-30,345143000.0,-3.2673675241941584,-38.80550062915693,-286609000.0,-178021000.0,-5481000.0,-93993000.0,-0.0219,-146.69509594882732,-880.0000000000001,,,
ADROITINFO,INR,2026-Q1,2026-06-30,538412000.0,53.90631476341433,14.864358140424706,28378000.0,28378000.0,35957000.0,48860000.0,0.6627,147.92368125701458,-7.704654895666129,,,
RILINFRA,INR,2025-H2,2026-03-31,1379494000.0,46.50935561092383,,255842000.0,165941000.0,101272000.0,178974000.0,5.4433,146.8169039629999,,,,
BRACEPORT,INR,2025-H2,2026-03-31,616267000.0,-27.991049519758825,,83317000.0000001,46994000.0,44291000.0,51039000.0,3.9227,-38.07697164867084,,,,
HRYNSHP,INR,2026-Q1,2026-06-30,34961000.0,,,23549000.0,-847000.0,41261000.0,8946000.0,6.691,100.75609829277805,,,,
PANACHE,INR,2026-Q1,2026-06-30,2642772000.0,97.38168493955365,-49.11315217347785,363848000.0,289203000.0,190987000.0,302915000.0,11.3448,133.47533493856886,-61.930783242258656,,,
PALREDTEC,INR,2026-Q1,2026-06-30,858314000.0,7.489583711642574,1.3679746464424416,234534000.0,-42035000.0,-36859000.0,-31332000.0,-3.0132,58.564926224886904,-15.299005787208777,,,
VISAMAN,INR,2025-H2,2026-03-31,2486510000.0,-6.392890029311162,,161873000.0,125781000.0,60472000.0,143867000.0,3.63,134.05764394867498,,,,
DELTAMAGNT,INR,2026-Q1,2026-06-30,672421000.0,3.753462069603993,3.1971696122823245,83443999.9999999,2959000.0,-105346000.0,36679000.0,-9.7083,7.306943171402383,88.1302564527489,,,
ANSALBU,INR,2026-Q1,2026-06-30,522921000.00000006,19.42325611137503,24.18756371049949,285817000.0,89269000.0,45771000.0,114395000.0,6.1988,212.88108217242075,,,,
SONUINFRA,INR,2025-Q4,2026-03-31,1938806000.0,114.47419801964864,182.51436745551734,691456000.0,234974000.0,130273000.0,293958000.0,12.05,228.35576870674151,35.88850174216027,,,
MHHL,INR,2025-H2,2026-03-31,1444596000.0,-13.894978524349202,,253121000.0,-71741000.0,-166565000.0,-26454000.0,-9.1436,-382.61111454534216,,,,
HINDALUMI,INR,2026-Q1,2026-06-30,115100000.0,196.64948453608247,354.2372881355932,18600000.0,-30300000.0,37100000.0,-26100000.0,5.8887,-58.59384887988862,83.65541891318834,,,
AGRITECH,INR,2026-Q1,2026-06-30,3668000.0,70.28783658310121,156.92695214105794,-81000.00000000029,-10396000.0,-8656000.0,-9764000.0,-1.4572,-53.8266652591576,89.3404397068621,,,
TPHQ,INR,2026-Q1,2026-06-30,1177554000.0,-58.55047721964775,121.77062003305264,34692000.0000001,28673000.0,58547000.0,30094000.0,0.0534,92.08633093525182,,,,
HGM,INR,2026-Q1,2026-06-30,566674000.0,85.77952626833866,-14.782752797462162,-75719000.0,-75719000.0,-68436000.0,-45603000.0,-5.4336,-232.4267017620823,4.200058496636448,,,
AKI,INR,2026-Q1,2026-06-30,1187062000.0,52.47968863398437,-20.603794011268853,102108000.0,-47324000.0,50757000.0,-26790000.0,0.4918,190.83382613837964,-0.22222222222221316,,,
SECURKLOUD,INR,2026-Q1,2026-06-30,654796000.0,-50.10690354602796,57.96611754802352,-247635000.0,-249348000.0,-189482000.0,-233626000.0,-5.6713,87.17089115854003,76.19710467706014,,,
SATECH,INR,2025-H2,2026-03-31,1123049000.0,12.86448210226302,,89646000.0,38190000.0,21074000.0,55510000.0,1.6151,-71.64501404494382,,,,
AUSL,INR,2025-H2,2026-03-31,4055704000.0,-30.709297454440087,,206986000.0,88538000.0,40216000.0,109045000.0,1.6193,-56.89108963607805,,,,
DCCL,INR,2026-Q1,2026-06-30,524511999.99999994,24.347634367050635,-7.3065594788454105,298525000.0,127413000.0,101346000.0,135304000.0,7.099,-0.8491857314450059,-33.120692866455585,,,
AJOONI,INR,2026-Q1,2026-06-30,2146012000.0000002,78.38673129339634,4.7319376926896295,303978000.0,44509000.0,39591000.0,72116000.0,0.2299,15.760322255790532,-54.36363636363636,,,
SAJHOTELS,INR,2025-Q4,2026-03-31,168830000.0,0.45099719167975627,1.1352515169309063,84264000.0,32894000.0,27696000.0,54228000.0,1.7218,-29.126533300403384,-16.456494325346778,,,
MARCO,INR,2025-H2,2026-03-31,1028213000.0,-7.706193085681715,,164620000.0,118836000.0,42014000.0,124563000.0,2.2469,-19.132625517365486,,,,
VDEAL,INR,2025-H2,2026-03-31,451083000.0,,,105984000.0,72469000.0,41608000.0,76605000.0,8.508,,,,,
ORCHASP,INR,2026-Q1,2026-06-30,155880000.0,-38.52560841427778,29.21369217412872,-19353000.0,-39348000.0,7899000.0,-38930000.0,0.0244,,175.00000000000003,,,
MANAV,INR,,,,,,,,,,,,,,,
CRAYONS,INR,2025-H2,2026-03-31,3130478000.0,33.76601956018637,,237352000.0,3343000.0,37671000.0,49634000.0,1.542,-65.06965681277609,,,,
K2INFRA,INR,2025-H2,2026-03-31,1852443000.0,26.18108104242063,,235698000.0,199258000.0,132906000.0,228617000.0,10.5327,15.120282425977944,,,,
BALKRISHNA,INR,2026-Q1,2026-06-30,53752000.0,56.27852885593836,97.72931654676259,-2005000.0,-9140000.0,-65504999.99999999,-9006000.0,-2.0331,-2405.1020408163267,34.821219911194206,,,
FMNL,INR,2026-Q1,2026-06-30,987369000.0,-2.118971711355904,-3.122186356112463,344972000.0,98786000.0,83173000.0,423481000.0,1.21,,0.0,,,
SUNDARAM,INR,2026-Q1,2026-06-30,1460501000.0,16.220559335229996,11.832270196776092,243711000.0,25497000.0,39415000.0,58877000.0,0.0832,,-72.98387096774192,,,
LAMOSAIC,INR,2025-H2,2026-03-31,1021063000.0,-28.842957525142115,,47691999.9999999,37605000.0,16664000.000000002,39912000.0,1.6119,-75.68814950000754,,,,
ABH,INR,2025-Q4,2026-03-31,,,,,,,,,,,,,
ANSALAPI,INR,2025-Q4,2026-03-31,2203900000.0,-63.11526166926077,995.3488372093024,-3732800000.0,-11564700000.0,-10408000000.0,-11470200000.0,-66.29,-2116.6861728807894,-3924.444444444445,,,
3PLAND,INR,2026-Q1,2026-06-30,48100000.0,6.779736269591084,3.9603960396039604,43800000.0,30400000.0,22700000.0,31200000.0,1.2611,8.959737342319002,9.5585083583369,,,
MALUPAPER,INR,2026-Q1,2026-06-30,3631347000.0,15.203506217254128,16.27402361694757,1110896000.0,-12506000.0,-121023000.0,43031000.0,-7.0943,25.82055062371259,,,,
BIOFILCHEM,INR,2026-Q1,2026-06-30,343129000.0,9.306689093191128,63.241514222269224,11760000.0,5100000.0,4841000.0,7845000.0,0.2975,-82.7065046794164,-48.619631901840485,,,
GANGAFORGE,INR,2026-Q1,2026-06-30,350559000.0,-17.428294833836215,-33.01823470186822,60854000.0,-25785000.0,-23055000.0,-13750000.0,-0.1359,-2365.0,,,,
MOHITE,INR,2026-Q1,2026-06-30,1457844000.0,0.37918196671984533,-41.107353150240186,512655000.0,72988000.0,21798000.0,132127000.00000001,0.1085,-1.6319129646418822,-782.68156424581,,,
LCCINFOTEC,INR,2026-Q1,2026-06-30,14000.0,-99.6333158721844,-100.0,-3590000.0,-4843000.0,-4700000.0,-4843000.0,-0.0292,86.23939679547597,57.14285714285714,,,
DELTIC,INR,2025-H2,2026-03-31,795816000.0,,,184249000.0,58082000.0,69103000.0,61073000.0,4.5222,,,,,
BIOPOL,INR,2025-H2,2026-03-31,811433000.0,,,161562000.0,133508999.99999999,89740000.0,134492000.0,8.3051,,,,,
RULKA,INR,2025-H2,2026-03-31,1092890000.0,37.52060500056624,,175855000.0,52339000.0,32884999.999999996,55714000.0,7.7224,45.79368675426673,,,,
TROM,INR,2025-H2,2026-03-31,1234073000.0,32.23943995516555,,209491000.0,104445000.0,69210000.0,105325000.0,7.527,50.07476821852257,,,,
SFML,INR,2025-H2,2026-03-31,4942933000.0,,,1200390000.0,219997000.0,77882000.0,395905000.0,3.1367,,,,,
MMEL,INR,2025-H2,2026-03-31,514469000.00000006,,,256596000.0,189362000.0,126101000.0,369234000.0,6.7052,,,,,
PULZ,INR,2025-H2,2026-03-31,338198000.0,-9.414524826687293,,154245000.0,52510000.0,46405000.0,60557000.0,2.1279,11.373390557939905,,,,
MANGALAM,INR,2026-Q1,2026-06-30,2324380000.0,-22.272638656619943,-15.111068837860453,123786000.0,-268197999.99999997,-382406000.0,-89873000.0,-24.1597,-291.7196316233219,43.07837471250811,,,
COUNCODOS,INR,2026-Q1,2026-06-30,180549000.0,11.98017775517419,11.637520737577852,127904000.0,9031000.0,6140000.0,10379000.0,0.0791,13.161659513590843,-11.688311688311678,,,
SHIVAMILLS,INR,2026-Q1,2026-06-30,1396739000.0,-14.12636296845076,3.3175136952866517,206447000.0,22142000.0,33627000.0,91476000.0,3.8912,,101.0877581120944,,,
VIVIMEDLAB,INR,2025-Q4,2026-03-31,699890000.0,-39.80424704779434,-24.948402026393147,-547760000.0,-1784900000.0,-1764710000.0,-1524380000.0,-21.2796,-452.0429605416764,-788.5549711995993,,,
NAMAN,INR,2025-H2,2026-03-31,1425094000.0,-8.429813029224706,,419379000.0,-21069000.0,-22822000.0,12963000.0,-1.7467,-130.72903838710812,,,,
PRUDMOULI,INR,2026-Q1,2026-06-30,1028800999.9999999,61.824773889107334,61.53387220939184,-2521000.0000002203,-14766000.0,62711000.0,-14524000.0,1.9,7.7830723848422965,2.222222222222224,,,
STUDIOLSD,INR,2025-H2,2026-03-31,721131000.0,,,147434000.0,-29563000.0,-10002000.0,-25102000.0,-0.1928,,,,,
ABMINTLLTD,INR,2026-Q1,2026-06-30,506091000.0,-22.569407257583315,-27.26292203635149,-10628000.0,-17002000.0,-13788000.0,-16788000.0,-1.4656,68.68442981987563,-59.83556469085052,,,
WHITEFORCE,INR,2025-H2,2026-03-31,,,,,,,,,,,,,
HYBRIDFIN,INR,2026-Q1,2026-06-30,68105000.0,3.2253664155690505,-31.816950988356353,62734000.0,25433000.0,25452000.0,35043000.0,0.8646,-21.21377802077637,32.04272363150869,,,
DKEGL,INR,2025-H2,2026-03-31,1692630000.0,9.115065812121188,,198631000.0,76534000.0,57010000.0,93237000.0,7.5932,0.4790260685457193,,,,
CHAMUNDA,INR,2025-H2,2026-03-31,320401000.0,,,44859000.0,38661000.0,35170000.0,48250000.0,3.1959,,,,,
AHLADA,INR,2025-Q4,2026-03-31,1008453000.0,-23.59920936459005,6.001090882044247,216886000.0,44257000.0,1784000.0,141260000.0,0.1392,-95.14627427734578,-628.052805280528,,,
PHOENXINTL,INR,2026-Q1,2026-06-30,289724000.0,19.753321153703077,2.987044468984836,145296000.0,104497000.0,27651000.0,140580000.0,1.6469,52.29332346957649,,,,
SUVIDHAA,INR,2026-Q1,2026-06-30,48800000.0,-34.23180592991914,252.94117647058823,-28000000.0,-77300000.0,-69200000.0,-69100000.0,-0.3298,59.1275250960466,-51.41430948419301,,,
AGROPHOS,INR,2026-Q1,2026-06-30,1370649000.0,10.339200814030432,-10.285996177616719,381077000.0,95122000.0,40280000.0,114607000.0,1.9868,-58.087925069614386,,,,
IMPEXFERRO,INR,2026-Q1,2026-06-30,0.0,,,-67183000.0,-73422000.0,-63337000.0,-6239000.0,-0.7232,13.482473980141169,-82.63636363636363,,,
MANUGRAPH,INR,2026-Q1,2026-06-30,826804000.0,5.453506554462366,2.4778464739718493,125046000.0,-22782000.0,55897000.0,-14073000.0,1.8378,,,,,
TRU,INR,2026-Q1,2026-06-30,678677000.0,-64.11394881556683,-19.74219319742193,-20006000.0,-600421000.0,-1051073000.0000001,-526721000.0,-8.8428,-38.36981864271521,44.84788400768325,,,
JAIPURKURT,INR,2026-Q1,2026-06-30,1193844000.0,51.57383143396916,12.02431691280933,175562000.0,70176000.0,19392000.0,90761000.0,1.0118,-48.11814172905343,-9.256410256410263,,,
SAMBANDAM,INR,2026-Q1,2026-06-30,2597323000.0,-1.482509535701606,-11.695695507068649,272410000.0,28432000.0,-57992000.0,114212000.0,-13.5985,-1.2554077096627647,,,,
GRAPHISAD,INR,2025-H2,2026-03-31,1410285000.0,-8.316961575017325,,301051000.0,57220000.0,42758000.0,77996000.0,2.3395,-49.042713075297854,,,,
VEDAVAAG,INR,2026-Q1,2026-06-30,1196896000.0,4.30693479160766,-55.34127804610141,69718999.9999999,69719000.0,41481000.0,107648000.0,1.7678,-52.21774738492309,436.3844393592677,,,
CYBERMEDIA,INR,2026-Q1,2026-06-30,1278303000.0,39.077648512885574,78.72206897040782,100080000.0,55018000.0,36939000.0,57771000.0,1.7799,,-0.9563357241726362,,,
PRANIK,INR,2026-Q1,2026-06-30,1708858000.0,40.528933677018856,10.05873538451442,105723000.0,105723000.0,71473000.0,160144000.0,6.4902,-1.8821715270533852,0.4891304347826031,,,
CADSYS,INR,,,,,,,,,,,,,,,
VINNY,INR,2026-Q1,2026-06-30,1327951000.0,13.014028554115972,-9.429547929402379,458572000.0,-3123000.0,8462000.0,59870000.0,0.0182,-83.13253012048193,-50.0,,,
ITALIANE,INR,2025-H2,2026-03-31,995275000.0,17.121490268069383,,145328000.0,76861000.0,40288000.0,80758000.0,2.7264,32.221144519883616,,,,
KARMAENG,INR,2026-Q1,2026-06-30,99038000.0,5.75220766462718,263.85008517887564,-9868000.0,-41472000.0,8818000.0,-21165000.0,0.7622,-28.472222222222232,,,,
RKEC,INR,2026-Q1,2026-06-30,1214195000.0,-70.62355878348806,-57.14441244296644,-412022000.0,-580747000.0,-553594000.0,-493656000.0,-21.5337,-385.4981769970169,58.543935643564346,,,
DECCANTRAN,INR,2025-H2,2026-03-31,1598481000.0,-3.8869574524119037,,812580000.0,117567000.0,81507000.0,179401000.0,3.5869,31.81317066000294,,,,
PRESSTONIC,INR,2025-H2,2026-03-31,405026000.0,92.52664302622948,,157276000.0,52048000.0,25974000.0,71545000.0,1.9157,70.89206066012488,,,,
DHATRE,INR,2026-Q1,2026-06-30,953000.0,-99.90461482103518,,-3205000.0,-46078000.0,-22181000.0,-45338000.0,-0.2036,-302.1847070506455,-473.6111111111111,,,
GAYAHWS,INR,2026-Q1,2026-06-30,216416000.0,439.6638571642312,-51.27581349001821,18260000.0,-8547000.0,-19358000.0,-8137000.0,-0.0808,-100.16112757395317,-140.98645362973255,,,
RAJTV,INR,2026-Q1,2026-06-30,684445070.0,-41.47821259929591,-29.807028492210463,91648190.0,15853600.0,-5666310.0,23840630.0,-0.1091,85.04660087719299,,,,
CELEBRITY,INR,2026-Q1,2026-06-30,1578100000.0,-7.001001826860747,-39.250402391354335,223800000.0,-65099999.99999999,-113600000.0,-25700000.0,-1.883,33.29791002479631,-58.20717131474103,,,
SNEHAA,INR,2025-H2,2026-03-31,493653000.0,,,140932000.0,97721000.0,80595000.0,117325000.0,7.9185,,,,,
KLL,INR,2025-H2,2026-03-31,24986745000.0,103.7076607482385,,107950000.000004,16289000.000000002,122156000.0,27664000.0,6.5923,3.120698285571261,,,,
SILKY,INR,2026-Q1,2026-06-30,995890000.0,,37.079460557679695,131598000.00000001,98237000.0,48406000.0,118054000.0,7.6019,,,,,
GANGABATH,INR,2025-H2,2026-03-31,349881000.0,,,54247000.0,27129000.0,12751000.0,52118000.0,0.5742,,,,,
AUSTENG,INR,2026-Q1,2026-06-30,1212712000.0,3.889900240297094,4.830098979035149,461998000.0,49689000.0,42492000.0,65590999.99999999,12.2181,0.5613214923579548,-21.608054781801297,,,
WEWIN,INR,2026-Q1,2026-06-30,968630000.0,20.631057986049274,-23.470803666886557,27503999.9999998,27504000.0,43281000.0,53969000.0,4.2595,176.26799844337785,-48.99652427402175,,,
SONAMAC,INR,2025-H2,2026-03-31,845144000.0,-10.95902389789741,,156103000.0,-54810000.0,-34629000.0,-34637000.0,-2.5232,-189.9119837508463,,,,
BANG,INR,2026-Q1,2026-06-30,2325739000.0,18.99132534681985,-1.5045945499132063,364411000.000001,72024000.0,45927000.0,84309000.0,3.3869,17.981676942905914,-86.57728961395573,,,
LEENEE,INR,2026-Q1,2026-06-30,126597000.0,14.298483206933913,-3.4325126313256877,43011000.0,-4496000.0,3805000.0,-3068000.0,0.0682,10.714285714285705,75.16339869281047,,,
EFORCE,INR,2025-H2,2026-03-31,192121000.0,-63.32910865689646,,10671000.0,-12227000.0,6333000.0,-7903000.0,0.2706,-50.53920672637544,,,,
SIEL,INR,2026-Q1,2026-06-30,420349000.0,-1.2252004991035406,102.21681981128188,75404000.0,19471000.0,12180000.0,26207000.0,0.8795,-83.63416449572013,,,,
ABHAPOWER,INR,2025-H2,2026-03-31,622151000.0,,,188848000.0,41796000.0,24603000.0,53518000.0,1.3236,,,,,
AATMAJ,INR,2025-H2,2026-03-31,243180000.0,24.49445565032201,,151266000.0,13891000.0,7091000.0,23620000.0,0.3138,10.961810466760971,,,,
MASKINVEST,INR,2026-Q1,2026-06-30,3187000.0,-20.583104909045602,-84.37935843793585,2209000.0,1022000.0,783000.0,1022000.0,0.2566,2815.9090909090905,-143.6887921653972,,,
GOLDENTOBC,INR,2025-Q4,2026-03-31,,,,,,,,,,,,,
BLUECOAST,INR,2026-Q1,2026-06-30,22537000.0,1575.6133828996283,-71.63005592931832,11141000.0,4410000.0,-10625000.0,6874000.0,-0.6061,-100.95851849508959,-83.82352941176468,,,
SVPGLOB,INR,2026-Q1,2026-06-30,0.0,-100.0,,-1069439000.0000001,-3191629000.0,449666000.0,-2122190000.0,3.5547,,-125.58130708701263,,,
SIMPLXREA,INR,2026-Q1,2026-06-30,106101000.0,222.56407138296902,-97.64635495450749,-29572000.0,-39548000.0,-27561000.0,-38120000.0,-9.2135,-244.55871353777115,92.66161471594077,,,
RKDL,INR,2026-Q1,2026-06-30,198337000.0,-44.97715438200315,-46.520889146332635,23992000.0,-17374000.0,1773000.0,-12675000.0,0.0739,46.62698412698411,38.3495145631068,,,
PBMPOLY,INR,2026-Q1,2026-06-30,1588967000.0,-12.430160362499269,-18.993175093365476,117325000.0,-40307000.0,18479000.0,-4544000.0,2.6863,,,,,
ATCENERGY,INR,2025-H2,2026-03-31,307403000.0,,,19829000.0,2045999.9999999998,-14759000.0,21033000.0,-0.7239,,,,,
SITINET,INR,2025-Q4,2026-03-31,,,,,,,,,,,,,
PRITI,INR,2026-Q1,2026-06-30,220311000.0,-65.54200209271444,-43.21654678643641,62623000.0,-12555000.0,7632000.0,-7070000.0,0.5718,-78.33434374052743,-31.07692307692308,,,
BAWEJA,INR,2025-H2,2026-03-31,689366000.0,-8.783007386532585,,125819000.0,106747000.0,60738000.0,115995000.0,3.2961,-26.66859482068167,,,,
TOYAMSL,INR,2025-Q4,2026-03-31,8904000.0,-82.34069137859225,,,-184653000.0,-154515000.0,-184190000.0,-0.508,-3.2730229721488113,-448.44606946983544,,,
AMBICAAGAR,INR,2026-Q1,2026-06-30,1355886000.0,3.698191476913358,10.685226762460708,309917000.0,78374000.0,34174000.0,102409000.0,1.9895,574.6354696507291,35.473684210526315,,,
BMETRICS,INR,2025-H2,2026-03-31,926319000.0,-8.714380319054584,,131955999.99999999,23161000.0,16558000.0,34815000.0,1.3344,-73.22310069430509,,,,
ARCHIES,INR,2026-Q1,2026-06-30,502584000.0,-29.909490272644863,-23.160860904630034,150081000.0,-53616000.0,-59795000.0,-4006000.0,-1.7701,-3969.1954022988502,67.62379370352792,,,
VISHWAS,INR,2025-H2,2026-03-31,1135777000.0,11.043900283334866,,130108000.0,64836000.0,21420000.0,86025000.0,2.142,-68.06750249705573,,,,
AKASH,INR,2026-Q1,2026-06-30,996847000.0,54.50704378164819,4.086636915368372,194603000.0,57418000.0,6854000.0,69058000.0,0.4028,-5.067169455573891,-67.02631578947368,,,
OSIAHYPER,INR,2025-Q3,2025-12-31,14227985000.0,1.6604001742833212,2.664130752383786,1390283000.0,456558000.0,179811000.0,566844000.0,1.1679,-37.91068580542265,-15.371269951422626,,,
21STCENMGM,INR,2026-Q1,2026-06-30,-105422000.0,-237.68055374167426,,,-171400000.0,-172258000.0,-171267000.0,-16.4055,-75.89634172492173,,,,
VLINFRA,INR,2025-H2,2026-03-31,1497356000.0,23.710396473150404,,239422000.0,154835000.0,84172000.0,162445000.0,5.357,19.93731109369753,,,,
SAGARDEEP,INR,2026-Q1,2026-06-30,2003053000.0,53.94375322308803,-18.97568897330415,77084000.0000001,44946000.0,30904000.0,50541000.0,1.8118,51.856508255804215,-54.10577226369466,,,
DHRUV,INR,2026-Q1,2026-06-30,374221000.0,-63.774009746199965,86.90130013698301,-387051000.0,-438524000.0,-348408000.0,-398350000.0,-18.3696,-537.9240470117052,-6334.615384615385,,,
ADL,INR,2026-Q1,2026-06-30,463236000.0,-9.509902933862584,-4.752342127263482,71169000.0,1165000.0,-1032999.9999999999,15672000.0,-0.1856,-178.9787234042553,-1166.1016949152543,,,
TNTELE,INR,2026-Q1,2026-06-30,0.0,,,-2160700.0,-35651400.0,-148617600.0,-33490699.999999996,-3.2534,5.234336314118434,7.410161090458497,,,
BABAFP,INR,2025-H2,2026-03-31,2050415000.0,-0.3713211052949341,,133585000.00000001,4892000.0,-14288000.0,31778000.0,-0.8698,-132.9632015765339,,,,
REXPRO,INR,2025-H2,2026-03-31,736892000.0,-30.865517946639503,,68522000.0000001,9762000.0,21982000.0,23496000.0,1.9615,-72.56067706511857,,,,
LFIC,INR,2026-Q1,2026-06-30,17462000.0,-61.8517062087648,,15292000.0,-6176000.0,-4158000.0000000005,-4248000.0,-1.386,-116.29112451073733,,,,
SOCL,INR,2025-H2,2026-03-31,1107103000.0,,,140207000.0,79232000.0,55098000.0,82817000.0,4.1136,,,,,
NMSTEEL,INR,2025-H2,2026-03-31,3199301000.0,,,141130000.00000098,96000000.0,70350000.0,116114000.0,4.0694,,,,,
SHIVAAGRO,INR,2026-Q1,2026-06-30,2887771000.0,-20.903919674957258,32.8989958155347,257754000.00000003,40620000.0,-3831000.0,59953000.0,-0.3834,-104.11642813429391,12.286931818181811,,,
VERTEXPLUS,INR,2025-H2,2026-03-31,226527000.0,23.49775931438291,,-39763000.0,-39763000.0,-46381000.0,-33525000.0,-8.464,-628.3065975906622,,,,
SYNOPTICS,INR,2025-H2,2026-03-31,570185000.0,31.76856929586774,,107208000.0,67259000.0,40910000.0,100315000.0,4.832,1.3975741805514799,,,,
SUPERSPIN,INR,2026-Q1,2026-06-30,63002000.0,-4.087566794038394,-8.846482136324848,32118000.000000004,15358000.0,-51913000.0,41354000.0,-0.9439,67.81025133853971,,,,
DHANLAXMI,INR,2025-H2,2026-03-31,381285000.0,,,85495999.9999999,5062000.00000001,-4916000.0,10391000.0,-0.3011,,,,,
HBSL,INR,2026-Q1,2026-06-30,-58356000.0,-4.244372990353698,,-73908000.0,-126866000.0,-103279000.0,-124421000.0,-14.4696,6.212081928960338,,,,
AUROIMPEX,INR,2025-H2,2026-03-31,2502022000.0,-4.848790008222027,,170335000.0,83309000.0,41594000.0,89350000.0,3.4098,-10.143094315756187,,,,
VIVOBIOT,INR,2026-Q1,2026-06-30,551028000.0,12.340290194271548,0.5534782516847286,170963000.0,94978000.0,-28584000.0,210121000.0,-1.2842,-123.69066725699633,,,,
ARCIIL,INR,2025-H2,2026-03-31,208686000.0,,,48868000.0,21166000.0,18551000.0,31299000.0,1.9349,,,,,
SWASTIK,INR,2025-H2,2026-03-31,3863397000.0,-48.29268978199639,,-40684000.0,-731669000.0,-575613000.0,-673686000.0,-24.7773,-697.4926775885931,,,,
ASHOKAMET,INR,,,,,,,,,,,,,,,
UNILEX,INR,2025-H2,2026-03-31,1447757000.0,-4.400052562383163,,128470000.0,30653000.0,81908000.0,37947000.0,5.1046,8.405538566089014,,,,
ORIENTALTL,INR,2026-Q1,2026-06-30,273586000.0,23.373258830590736,-43.485090846489875,45899000.0,24134000.0,20180000.0,36997000.0,0.2745,-68.53868194842407,-37.917594654788424,,,
SANWARIA,INR,2026-Q1,2026-06-30,10717000.0,296.4853866074732,-1.0447761194029852,-46813000.0,-46918000.0,-39864000.0,556000.0,-0.0542,19.225037257824155,26.219512195121958,,,
MEDIORG,INR,2025-H2,2026-03-31,226303000.0,-40.739140453969355,,-5822000.0,-46479000.0,-40194000.0,-37507000.0,-3.44,-202.07109370363776,,,,
VMOBILE,INR,2025-H2,2026-03-31,719087000.0,,,109570000.0,77358000.0,57387000.0,80084000.0,9.301,,,,,
AROGRANITE,INR,2026-Q1,2026-06-30,671034000.0,-40.39206002064409,79.04661035341917,53373000.0,-166048000.0,-193282000.0,-67614000.0,-12.6328,-171.4162942591956,-16.349873441902655,,,
SHRIKANHA,INR,2025-H2,2026-03-31,2056487999.9999998,,,205596000.0,160105000.0,87373000.0,177184000.0,5.6058,,,,,
NAGREEKCAP,INR,2026-Q1,2026-06-30,634007000.0,13.41624195674846,258.44529361725114,115844000.0,98103000.0,73792000.0,98572000.0,5.8494,-58.49723286504894,,,,
NKIND,INR,2026-Q1,2026-06-30,113166000.0,-45.403757272841304,-17.835410026079398,,-34489000.0,-35847000.0,-10350000.0,-5.9647,15.571566074057303,-601.0296010296009,,,
MORARJEE,INR,2025-Q4,2026-03-31,,,,,,,,,,,,,
KSHITIJPOL,INR,2026-Q1,2026-06-30,499975000.0,26.71902958783842,9.148312982616304,51293000.0,31611000.0,38965000.0,62606000.0,0.2526,,-72.28144989339017,,,
CEREBRAINT,INR,2026-Q1,2026-06-30,44864000.0,-83.52580885619967,-71.75378688381052,-56999.999999999505,-706525000.0,-640008000.0,-702831000.0,-5.5577,-26.908410019866185,80.84486787704476,,,
MOHITIND,INR,2026-Q1,2026-06-30,1324846000.0,7.305390191552262,-32.56895058258728,167699000.0,1534000.0,-6513000.0,14439000.0,-0.4601,73.21106259097526,-541.1134903640257,,,
VICTORYEV,INR,2025-H2,2026-03-31,,,,,,,,,,,,,
KONTOR,INR,2025-H2,2026-03-31,245558000.0,24.358351058442214,,90227000.0,46854000.0,23992000.0,71239000.0,3.8816,-41.835618491046674,,,,
AKG,INR,2026-Q1,2026-06-30,785314000.0,-35.35451485469637,26.375630554522,62413000.000000104,3411000.0,3723000.0,4291000.0,0.1172,-43.65384615384615,27.522935779816503,,,
DEEM,INR,2025-H2,2026-03-31,908844000.0,-2.178173915944896,,104722000.0,44263000.0,21882000.0,69724000.0,2.6246,-24.52841039797561,,,,
SEYAIND,INR,2026-Q1,2026-06-30,0.0,100.0,,-176513000.0,-202851000.0,-29666000.0,-26338000.0,-1.1209,56.32913858261581,0.33333333333333776,,,
CLCIND,INR,2026-Q1,2026-06-30,2586451000.0,10.743785021539036,-31.39876019546427,263878000.0,-52821000.0,-44391000.0,-16658999.999999998,-4.2706,95.44085149085629,,,,
SIMBHALS,INR,2026-Q1,2026-06-30,,,-27.839131038738135,,,,,,,-1101.891304347826,,,
PROLIFE,INR,,,,,,,,,,,,,,,
AKSHAR,INR,2026-Q1,2026-06-30,1210263000.0,14.241389628569609,-12.985680315812118,48507999.9999998,-88480000.0,-55549000.0,-19462000.0,-0.0724,36.32365875109937,,,,
HRHNEXT,INR,2025-H2,2026-03-31,681603000.0,17.839378856430567,,82091000.00000009,82091000.0,48635000.0,125319000.0,3.6832,54.16038841453204,,,,
MEDICAPQ,INR,2026-Q1,2026-06-30,125477000.0,-42.887898663195315,-19.20623876616223,-40100000.0,-96888000.0,-17784000.0,-78654000.0,-1.4262,49.276238574527866,-173.4063050875251,,,
GKB,INR,2026-Q1,2026-06-30,1497981000.0,29.948358318492023,10.898642956160403,251819000.0,69846000.0,32436000.0,102237000.0,6.435,,420.6150638519677,,,
LASA,INR,2026-Q1,2026-06-30,63556000.0,-95.17140831898061,,-108319000.0,-142683000.0,-165498000.0,-82555000.0,-3.3021,50.08615998548884,13.939759036144569,,,
BLUEPEBBLE,INR,2025-H2,2026-03-31,216371000.0,-52.61516561730085,,32005000.000000004,488000.0,4869000.0,9828000.0,1.1946,-90.37621848062516,,,,
PARAMOUNT,INR,2025-H2,2026-03-31,737954000.0,,,76591999.9999999,64727000.00000001,21423000.0,74812000.0,3.088,,,,,
MADHAV,INR,2026-Q1,2026-06-30,305942000.0,7.428735963144256,-14.397350419949777,11699000.0,-49015000.0,-2293000.0,-20426000.0,-0.2563,72.12312377637589,-153.33013320532822,,,
AGNI,INR,2025-H2,2026-03-31,386055000.0,-6.043968078970233,,115078000.0,36529000.0,8445000.0,38724000.0,0.4294,33.852867830423946,,,,
MEDISTEP,INR,2025-H2,2026-03-31,708310000.0,,,87391999.9999999,82213000.0,59830000.0,82482000.0,4.2105,,,,,
VIVO,INR,2025-H2,2026-03-31,32500000.0,25.01923372826589,,15554000.0,-13702000.0,-8587000.0,-12944000.0,-4.2644,32.08905309424467,,,,
VCL,INR,2026-Q1,2026-06-30,111664000.0,112.55972436373327,,23352000.0,20212000.0,52579000.0,20305000.0,0.2861,414.56834532374114,-106.52680652680652,,,
EASTSILK,INR,2026-Q1,2026-06-30,244086000.0,9.673476907039545,35.1360692716292,46991000.0,-100139000.0,-142176000.0,-85899000.0,-28.4352,-15553.91304347826,94.03832399570867,,,
LIBAS,INR,2026-Q1,2026-06-30,725776000.0,-20.568580540519243,-25.915361507276813,100654000.0,15693000.0,19010000.0,16926000.0,0.6604,,,,,
FELDVR,INR,2025-Q4,2026-03-31,,,,,,,,,,,,,
FEL,INR,2025-Q4,2026-03-31,,,,,,,,,,,,,
EASTWEST,INR,2026-Q1,2026-06-30,1906321000.0,-23.495613577442633,2.8199463361684747,106093000.0,10476000.0,-34341000.0,25199000.0,-0.2704,-1065.7142857142856,-42.333333333333336,,,
VSCL,INR,,,,,,,,,,,,,,,
KAUSHALYA,INR,2026-Q1,2026-06-30,8899000.0,576.7300380228137,-80.99547511312217,2031000.0000000002,-3025000.0,-5358000.0,-2779000.0,-15.4719,-108.98362243458206,-22.8111141450187,,,
MADHUCON,INR,2026-Q1,2026-06-30,4444207000.0,-25.614351811325005,-60.28451757737792,-2259673000.0,-4925792000.0,-3102840000.0,-999192000.0,-42.0468,46.81915111593422,,,,
KEEPLEARN,INR,2026-Q1,2026-06-30,72934000.0,-27.978512249795095,40.889689209016936,-13161000.0,-13161000.0,-11637000.0,-10209000.0,-0.0747,-325.0,,,,
ARMOUR,INR,2025-H2,2026-03-31,,,,,,,,,,,,,
DNAMEDIA,INR,2026-Q1,2026-06-30,74404000.0,-32.45578997058717,5.74804603360208,14488000.0,-4939000.0,-65894999.99999999,-4749000.0,-0.5598,-171.00456621004565,,,,
MCON,INR,2025-H2,2026-03-31,652417000.0,28.56723394527955,,204709000.0,57955000.0,30444000.0,76499000.0,4.1532,18.25740318906606,,,,
BURNPUR,INR,2026-Q1,2026-06-30,0.0,,,-366000.0,-18375000.0,-818354000.0,-18009000.0,-47.51,28.763352185830048,-3.9874752911081224,,,
KANANIIND,INR,2026-Q1,2026-06-30,1543874000.0,-16.826768450852946,397.9281553999628,21726000.000000097,10245000.0,22541000.0,10391000.0,0.1139,181.23456790123456,-107.22021660649818,,,
LEXUS,INR,2026-Q1,2026-06-30,509070000.0,-32.579582236301896,-69.1198779462374,295280000.0,-104278000.0,-22521000.0,-42007000.0,-1.1838,-269.2451653150343,-301.62499999999994,,,
POLYSPIN,INR,2026-Q1,2026-06-30,2215287000.0,-5.261881678653157,-4.655310703948868,446120000.0,56464000.0,56575000.0,102113000.0,5.6575,52.24703982777178,207.2597137014315,,,
KANCOTEA,INR,2026-Q1,2026-06-30,769100000.0,20.813697769399937,440.65934065934067,51299999.999999896,-44000000.0,-51800000.0,-17200000.0,-10.1116,26.939306358381508,,,,
VIRTUALG,INR,2026-Q1,2026-06-30,4130000.0,12.687585266030013,70.81967213114754,-1851000.0,-5896000.0,-2550000.0,-5143000.0,-0.0052,34.17721518987343,,,,
QFIL,INR,2025-H2,2026-03-31,1840097000.0,21.984005027597426,,190662000.0,57496000.0,14707000.0,85820000.0,5.1531,3.6799323970866373,,,,
INFOMEDIA,INR,2026-Q1,2026-06-30,0.0,,,-32000.0,-32000.0,-29017000.0,0.0,-0.5781,21.581660336408035,-14.074074074074067,,,
TGBHOTELS,INR,2026-Q1,2026-06-30,379356000.0,-3.4506278727660504,-20.142291428954966,164983000.0,14827000.0,14450000.0,67188000.0,0.4934,-27.441176470588243,-49.31087289433385,,,
PHOGLOBAL,INR,2025-H2,2026-03-31,6104877000.0,25.11178312373016,,569638000.0000011,51453000.0,34317000.0,57919000.0,1.7739,-25.110820281166884,,,,
CELLPOINT,INR,2025-H2,2026-03-31,3679336000.0,13.312912796753245,,414722000.0,68291000.0,637000.0,102338000.0,0.0341,-97.18251673138892,,,,
WILLAMAGOR,INR,2026-Q1,2026-06-30,1525955000.0,215.73137626523874,346.7612111920276,1522866000.0,1510515000.0,-155691000.0,1512151000.0,-14.2101,-157.06936228147327,-396.09134636217874,,,
NFPSAMPOOR,INR,2025-H2,2026-03-31,,,,,,,,,,,,,
BOSS,INR,2025-H2,2026-03-31,200252000.0,31.06526690577794,,31454000.0,22121000.0,16579000.0,27499000.0,3.7255,7.310539505141575,,,,
GML,INR,2025-H2,2026-03-31,400033000.0,,,88665000.0,36717000.0,34181000.0,42253000.0,2.6216,,,,,
SGL,INR,2026-Q1,2026-06-30,967011000.0,-12.454575577005599,-1.4842192570173014,61009000.0,-13151000.0,-13669000.0,-3976000.0,-0.5013,-127.03804347826086,-74.53846153846152,,,
MICROPRO,INR,2025-H2,2026-03-31,188477000.0,-18.475632701965043,,8394000.0,-17596000.0,-12905000.0,8957000.0,-0.9025,30.147058823529417,,,,
GSS,INR,2026-Q1,2026-06-30,875449000.0,-26.713562673390495,-16.544519721050463,101734000.0,31805000.0,-485337000.0,54257000.0,-18.8065,-1533.075720736367,,,,
KHANDSE,INR,2026-Q1,2026-06-30,106480000.0,16.615010568509128,-5.359166514348383,98926000.0,-6152000.0,-6003000.0,-3220000.0,-0.3935,67.80659412582835,,,,
NEXTMEDIA,INR,2026-Q1,2026-06-30,0.0,-100.0,,0.0,-2200000.0,-49900000.0,-2200000.0,-0.746,-107.45917949025608,54.38474870017331,,,
PEARLPOLY,INR,2026-Q1,2026-06-30,198256000.0,-8.05390915583753,-9.893272789030515,20879000.0,-77528000.0,-53136000.0,-72638000.0,-3.1563,-51.04081925635258,,,,
IDENTICAL,INR,2025-H2,2026-03-31,191217000.0,-24.94877974111201,,42791000.0,13197000.0,15814000.0,34976000.0,1.1275,-59.97230900312411,,,,
TREEHOUSE,INR,2026-Q1,2026-06-30,37044000.0,-42.20904836193447,84.0858149215498,-16719999.999999998,-166127000.0,-122727000.0,-145474000.0,-2.9006,26.817207014002776,76.4942287022758,,,
AGUL,INR,2025-H2,2026-03-31,734845000.0,20.01427409529347,,5343999.99999999,-5234000.0,844000.0,13182000.0,0.1539,-93.78232062055591,,,,
ARUNAYA,INR,2025-H2,2026-03-31,1032478000.0000001,24.90720980987086,,115197000.0,61285000.0,37185000.0,63397000.0,2.187,-9.128682428221218,,,,
SKYTECH,INR,,,,,,,,,,,,,,,
GTECJAINX,INR,2026-Q1,2026-06-30,88770000.0,14.048949701291194,43.23720811535026,,-7179000.0,-6742000.0,-5638000.0,-0.6617,80.18921589173976,,,,
AGSTRA,INR,2025-Q4,2026-03-31,,,,,,,,,,,,2023-05-26,2026-10-29
TARAPUR,INR,2026-Q1,2026-06-30,0.0,,,-3247000.0,-12957000.0,-23863000.0,-9710000.0,-1.2237,-240.30038981884888,64.59077496505668,,,
PRISMX,INR,2026-Q1,2026-06-30,58520300.0,-61.39422090546316,-37.50437004168348,12136900.0,-14047500.0,49625000.0,-13024700.0,0.113,380.8510638297872,-83.60000000000001,,,
KAMANWALA,INR,2026-Q1,2026-06-30,78210000.0,-27.172668100678827,-100.0,-9514000.0,-65631000.0,-26499000.0,-61030000.0,-1.8803,-105.80205199413714,,,,
PNC,INR,2026-Q1,2026-06-30,180386000.0,-49.53927234682973,-36.63422089936449,19794000.0,-21581000.0,-139280000.0,-18248000.0,-9.6274,-1861.5729421352892,62.609610662925284,,,
ANKITMETAL,INR,2025-Q4,2026-03-31,,,,,,,,,,,,,
QVCEL,INR,2025-H2,2026-03-31,4403375000.0,22.730426052645,,364009000.0,47567000.0,35043000.0,51823000.0,3.188,-58.124261132273745,,,,
KALANA,INR,2025-H2,2026-03-31,518404000.0,-6.070576980221341,,76682000.0,5467000.0,9672000.0,11564000.0,0.7418,-20.150699677072122,,,,
MPDL,INR,2026-Q1,2026-06-30,215607000.0,122.41283268000825,-1.579211696211008,-95771000.0,-125559000.0,-106614000.0,-125315000.0,-14.383,-107.68475467121033,-25.652800887409867,,,
STLSTRINF,INR,2026-Q1,2026-06-30,32601000.0,133.6486777037196,504.18933623503807,17713000.0,14352000.0,-133339000.0,14397000.0,-15.4274,-171.72399044138842,,,,
ASIANTNE,INR,2026-Q1,2026-06-30,655117000.0,18.708142467818625,-57.2667731629393,26479999.9999999,1098000.0,3339000.0,4046999.9999999995,0.1339,-34.555229716520046,,,,
LAXMICOT,INR,2026-Q1,2026-06-30,1194238000.0,-30.67199352603143,-0.4761930706825252,153014000.0,-17523000.0,-29497000.0,5022000.0,-1.7026,-22908.108108108103,68.6219512195122,,,
CRESTO,INR,2025-Q4,2026-03-31,230782000.0,-12.05959684487292,-10.098378090933261,-7381999.99999998,-19391000.0,-19869000.0,-15218000.0,-1.8925,-1071.0107747562854,-59.60832313341493,,,
YUDIZ,INR,2025-H2,2026-03-31,217514000.0,3.542594919837008,,,-5139000.0,-1930000.0,-1728000.0,-0.1897,88.58947368421053,,,,
FLFL,INR,2025-Q4,2026-03-31,,,,,,,,,,,,,
GUJRAFFIA,INR,2026-Q1,2026-06-30,863871000.0,178.30626636984823,-65.21536170244296,66584999.999999896,11020000.0,11798000.0,27572000.0,2.183,102.42952522255192,13.465553235908152,,,
QUICKTOUCH,INR,2026-Q1,2026-06-30,101465000.0,-83.14263261688345,-112.7766286021932,-87312000.0,-310497000.0,-283188000.0,-248175000.0,-22.0964,-953.8681505525929,-3608.594539939332,,,
CMRSL,INR,2026-Q1,2026-06-30,1150962000.0,45.74286361892364,82.26723581205601,78924000.0,52038000.0,38496000.0,53058000.0,13.1475,40.536813750641365,37.94815378973793,,,
MIEL,INR,2025-H2,2026-03-31,348692000.0,-22.82433557023213,,35262000.0,35262000.0,30676000.0,52724000.0,1.7433,-5.167818092803132,,,,
NIRMAN,INR,2025-H2,2026-03-31,1965732000.0,1.3379881615318867,,196655000.0,181529000.0,176054000.0,188326000.0,,,,,,
TIJARIA,INR,2026-Q1,2026-06-30,0.0,,,-7438190.0,-10083890.0,-13819950.0,-2645700.0,-0.4828,72.79386904091062,-20.669856459330138,,,
HAVISHA,INR,2026-Q1,2026-06-30,136041000.0,-7.341642827952595,-12.77626400242204,27206000.0,-24019000.0,-50776000.0,1088000.0,-0.2965,-32.54358515869467,-238.46153846153845,,,
MFML,INR,,,,,,,,,,,,,,,
ARSHIYA,INR,2025-Q4,2026-03-31,,,,,,,,,,,,,
TAPIFRUIT,INR,2025-H2,2026-03-31,285271000.0,41.30301259126438,,15098000.0,-10203000.0,-16822000.0,17153000.0,-3.9212,-15.594599375036847,,,,
SHUBHLAXMI,INR,2025-H2,2026-03-31,626524000.0,13.72013032390391,,58061000.0,25023000.0,10616000.0,26329000.0,1.0018,17.45808418337437,,,,
SKIL,INR,2025-Q4,2026-03-31,,,,,,,,,,,,,
MANDEEP,INR,2025-H2,2026-03-31,371184000.0,15.214422288992079,,33229999.999999996,17028000.0,11504000.0,23734000.0,1.0368,-23.98826979472142,,,,
AGARWALFT,INR,2025-H2,2026-03-31,650566000.0,-9.713081878665582,,49194000.000000104,36203000.0,14712000.0,37222000.0,2.0311,-52.08313673681231,,,,
BOHRAIND,INR,2026-Q1,2026-06-30,0.0,,,-13238000.0,-30584000.0,-28427000.0,-17346000.0,-1.3405,46.3306241742403,45.32241555783009,,,
TCIFINANCE,INR,2026-Q1,2026-06-30,4826000.0,-92.79819731088925,-100.0,-9049000.0,-17134000.0,-17143000.0,-17074000.0,-1.3333,-146.7070692916696,-436.25000000000006,,,
TGL,INR,2025-H2,2026-03-31,,,,,,,,,,,,,
MPTODAY,INR,,,,,,,,,,,,,,,
TECILCHEM,INR,2026-Q1,2026-06-30,0.0,,,-349000.0,-8102000.0,-5588000.0,-7753000.0,-0.2947,-74.79240806642943,-29.03225806451613,,,
ASPIRE,INR,2025-H2,2026-03-31,1762326000.0,5.558021314942562,,368925000.0,13830000.0,25613000.0,18444000.0,1.6633,-34.3114410963232,,,,
SPPPOLY,INR,2025-H2,2026-03-31,1106669000.0,2.8897326242386256,,85326999.9999999,-59897000.0,-41626000.0,-26074000.0,-2.7045,-394.83266107053305,,,,
NIDAN,INR,2025-H2,2026-03-31,255416000.0,4.13454286005504,,183416000.0,29445000.0,15059000.0,48423000.0,1.0814,-23.96287441991281,,,,
SPRL,INR,2025-H2,2026-03-31,281516000.0,-6.949778873677043,,107154000.0,48665000.0,35288000.0,52856000.0,19.7195,68.79376166264358,,,,
MARINETRAN,INR,2025-H2,2026-03-31,1272851000.0,-20.127171424142993,,30830000.0000001,14224000.0,5954000.0,15986000.0,0.4679,8.864588180549084,,,,
NIRAJISPAT,INR,2026-Q1,2026-06-30,35371000.0,-6.030658059031375,-0.6047709709933924,11411000.0,5633000.0,15204000.0,7115000.0,25.34,3.9589743589743582,-23.53040800615858,,,
ACEINTEG,INR,2026-Q1,2026-06-30,5000000.0,-92.27202472952087,44.44444444444444,-7300000.0,-15400000.0,-8500000.0,-14100000.0,-0.74,60.27272239222634,18.291666666666664,,,
KRIDHANINF,INR,2026-Q1,2026-06-30,27186000.0,-34.00174791221596,87.2593950504125,14716000.0,5923000.0,9547000.0,8365000.0,0.0954,-98.77099866020819,-96.35193133047211,,,
SHRENIK,INR,2026-Q1,2026-06-30,356039000.0,77.45607695566576,-46.23733470719561,-3586999.9999999898,-9868000.0,685000.0,,-0.0021,-949.9999999999998,84.0,,,
GSTL,INR,2025-H2,2026-03-31,207004000.0,22.426722812329967,,43348000.0,5765000.0,-2777000.0,12657000.0,-0.1742,90.33349980578215,,,,
SATIPOLY,INR,2025-H2,2026-03-31,2733180000.0,,,296536000.0,58460000.0,34532000.0,72847000.0,6.9775,,,,,
TRIDHYA,INR,2025-H2,2026-03-31,276696000.0,-23.03524241328475,,55832000.0,-4046999.9999999995,6814000.0,30973000.0,0.2926,,,,,
RADIOWALLA,INR,2025-H2,2026-03-31,203795070.0,-0.5621788319764638,,16817380.0,-2477070.0,1322490.0,6408830.0,0.2957,-70.0890147683593,,,,
SABAR,INR,2025-H2,2026-03-31,1043473999.9999999,-29.360498570927625,,9853999.99999998,8012000.0,2589000.0,18885000.0,0.1163,-68.49945828819067,,,,
YCCL,INR,2025-H2,2026-03-31,968193000.0,26.506439697333573,,10133000.0,-9646000.0,9378000.0,-5994000.0,0.4858,-41.92468619246862,,,,
SUNREST,INR,2025-H2,2026-03-31,708329000.0,112.11456053087858,,167763000.0,80149000.0,37193000.0,92072000.0,8.6673,43.786393271288496,,,,
SAROJA,INR,2025-H2,2026-03-31,705333000.0,31.28140890579748,,54023000.0,39919000.0,16143999.999999998,41019000.0,4.0154,56.10154336585934,,,,
RADAAN,INR,2026-Q1,2026-06-30,66226000.0,-20.82207503407379,-9.052975326560242,-15902000.0,-32768000.0,-37378000.0,-32305999.999999996,-0.6898,-119.89161619381574,43.96671289875174,,,
CEDAAR,INR,2025-H2,2026-03-31,1628004000.0,,,-603863000.0,-877272000.0,-713847000.0,-828848000.0,-56.4083,,,,,
VIVIDHA,INR,2026-Q1,2026-06-30,2335000.0,115.2073732718894,,-4816000.0,-10286000.0,-13290000.0,-5295000.0,-0.0454,27.476038338658142,8.965517241379315,,,
THESL,INR,2025-H2,2026-03-31,235225000.0,-50.65347822438533,,41058000.0,18884000.0,12442000.0,23304000.0,0.9964,-66.04995059456881,,,,
MPEL,INR,2025-H2,2026-03-31,530001999.99999994,,,122632000.0,100214000.0,85167000.0,127722000.0,10.9526,,,,,
SMVD,INR,,,,,,,,,,,,,,,
CONTI,INR,2025-H2,2026-03-31,615108000.0,-32.219578821400745,,12550000.0,452000.0,10054000.0,29903000.0,0.7235,-79.91895417580282,,,,
MONOPHARMA,INR,2025-H2,2026-03-31,1656918000.0,-1.5760491847099705,,49806000.0000001,38803000.0,3527000.0,39944000.0,0.1996,-88.32475432849789,,,,
HEADSUP,INR,2026-Q1,2026-06-30,57610000.0,-55.41711809317443,-100.0,-30482000.0,-37218000.0,-29629000.0,-37175000.0,-1.3403,-165.19285957488205,99.39007092198582,,,
GAJANAND,INR,2025-H2,2026-03-31,751917000.0,-20.904127745518807,,10801000.0,7927000.0,404000.0,8748000.0,0.0214,-88.66525423728814,,,,
PRECISION,INR,2025-H2,2026-03-31,104631000.0,-91.76971144316177,,-4909000.0,-65553000.0,-93082000.0,-64388999.99999999,-4.0585,-1273.3159872795609,,,,
GLFL,INR,2026-Q1,2026-06-30,4197000.0,-1.3167176110980485,-8.487084870848708,,254000.0,254000.0,272000.0,0.0094,-58.590308370044056,-241.62679425837322,,,
ORTINGLOBE,INR,2026-Q1,2026-06-30,767000.0,-69.70774091627172,-53.48837209302325,-1444000.0,-11667000.0,-9029000.0,-11659000.0,-1.1104,1.734513274336269,-3545.614035087719,,,
AURUS,INR,2026-Q1,2026-06-30,159403000.0,-2.9232109035766705,33.96536110482228,7392000.00000002,5312000.0,17820000.0,7383000.0,0.6044,,-78.4013605442177,,,
ASTRON,INR,2025-Q4,2026-03-31,27928000.0,-97.09772020143866,-95.37696081818811,-76311000.0,-96275000.0,-211814000.0,-24770000.0,-4.5509,62.68438875997278,-20.504093459663334,,,
RETAIL,INR,,,,,,,,,,,,,,,
MTEDUCARE,INR,2025-Q4,2026-03-31,361394000.0,-28.237459714811646,41.854924362028875,47589000.0,-14745000.0,-31286000.0,45674000.0,-0.4331,89.90701684882664,,,,
NEELAM,INR,2025-H2,2026-03-31,1182914000.0,7.121517957968727,,58020000.000000104,36882000.0,15476000.0,52203000.0,0.7655,-48.672388359930274,,,,
BILVYAPAR,INR,2026-Q1,2026-06-30,0.0,,,0.0,-14594000.0,4189000.0,-14594000.0,0.1335,,-117.3535308531967,,,
UNIVAFOODS,INR,2026-Q1,2026-06-30,1500000.0,650.0,-100.0,,700200.0,700200.0,700200.0,0.0489,,-136.01789709172257,,,
AMIABLE,INR,2025-H2,2026-03-31,190154000.0,-15.589154444404988,,13496000.0,844000.0,9591000.0,4027999.9999999995,5.4862,22.772232914111797,,,,
SHYAMTEL,INR,2026-Q1,2026-06-30,0.0,,,-1287000.0,-18657000.0,-30680000.0,-17370000.0,-2.7223,42.650993279824725,-461.19923857868025,,,
INSPIRE,INR,2025-H2,2026-03-31,101508000.0,30.620753551575046,,26366000.0,9821000.0,3731000.0,13019000.0,0.2709,,,,,
UNIINFO,INR,2026-Q1,2026-06-30,433994000.0,32.64564479205826,-31.333010258979687,230647100.0,-3497900.0,-10856000.0,4044100.0000000005,-1.0152,-458.7231700605394,,,,
MEP,INR,2025-Q4,2026-03-31,,,,,,,,,,,,,
BLUECHIP,INR,2026-Q1,2026-06-30,2155000.0,245.3525641025641,-100.0,-3255000.0,-3998000.0,-3998000.0,-3998000.0,-0.0723,85.0,-352.5,,,
GLOBALE,INR,,,,,,,,,,,,,,,
DCMFINSERV,INR,2026-Q1,2026-06-30,5422000.0,-28.72354410411463,165.54726368159206,5672000.0,-8977000.0,-9560000.0,-9528000.0,-0.4321,30.642054574638845,-49.2091388400703,,,
GRADIENTE,INR,2026-Q1,2026-06-30,,,20.24731885771515,,,,,,,-59.900000000000006,,,
EUROTEXIND,INR,2026-Q1,2026-06-30,827000.0,-85.7290767903365,230.35714285714283,-52607000.0,-52607000.0,-12372000.0,-45927000.0,-1.414,17.46921146325805,-41.354942052200144,,,
UMESLTD,INR,2026-Q1,2026-06-30,8675000.0,57.870791628753416,-62.7906976744186,4158000.0000000005,4158000.0000000005,3854000.0,4184000.0,0.1459,19.590163934426233,-89.86486486486488,,,
ANTGRAPHIC,INR,2026-Q1,2026-06-30,983305000.0,227.74102158153488,32.60791809545685,9858999.99999981,5860000.0,10835000.0,12480000.0,0.0652,-41.629364368845124,,,,
CREATIVEYE,INR,2026-Q1,2026-06-30,7221000.0,-70.50365589640946,-28.72390891840607,-1722000.0,-12894000.0,-45695000.0,-12333000.0,-2.2781,-456.0410056138638,24.78005865102639,,,
PLADAINFO,INR,2025-H2,2026-03-31,728199000.0,8.449932311779836,,43661000.0,43661000.0,17274000.0,52748000.0,2.0122,-8.394791951197309,,,,
SHANTHALA,INR,2025-H2,2026-03-31,,,,,,,,,,,,,
EDUCOMP,INR,2025-Q4,2026-03-31,,,,,,,,,,,,,
MAKS,INR,2025-H2,2026-03-31,540778000.0,-18.657493201126325,,45966000.0,29283000.0,6648000.0,29479000.0,0.9586,20.517978375660046,,,,
JIWANRAM,INR,2025-H2,2026-03-31,538722000.0,-0.05268958044993933,,21151000.0,-9024000.0,10136000.0,-4609000.0,0.3641,-60.565363370518796,,,,
CBAZAAR,INR,2025-H2,2026-03-31,250818000.0,-6.805185540234754,,143112000.0,-33789000.0,-20247000.0,-33158000.0,-0.9437,51.37822659590911,,,,
TVVISION,INR,2026-Q1,2026-06-30,68209000.0,-82.50243702221537,58.04783451842276,-196508000.0,-328485000.0,-329336000.0,-181221000.0,-8.5002,-32.126091957596294,72.61016553975286,,,
INDIFRA,INR,2025-H2,2026-03-31,174107000.0,48.506043210876925,,6623000.00000001,-3677000.0,149000.0,-3042000.0,0.0204,100.0,,,,
ARENTERP,INR,2026-Q1,2026-06-30,5691000.0,-24.34193033767615,165.11627906976744,-245000.0,-3509000.0,-638000.0,-3066000.0,-0.2053,-175.86844050258682,,,,
DHTL,INR,2025-H2,2026-03-31,255158000.0,-38.91781513852282,,26411000.0,-5886000.0,-1582000.0,-3540000.0,-0.5034,91.65741369881175,,,,
BALCO,INR,2025-H2,2026-03-31,455815000.0,9.940111383660996,,101605000.0,11086000.0,4370000.0,20647000.0,1.0004,,,,,
COMPINFO,INR,2025-Q4,2026-03-31,,,,,,,,,,,,,
RITEZONE,INR,2025-H2,2026-03-31,255443000.0,-2.501555361320931,,45217000.0,4058000.0,3413000.0,6565000.0,0.8068,-61.78476695718076,,,,
DSKULKARNI,INR,,,,,,,,,,,,,,,
PREMIER,INR,2026-Q1,2026-06-30,0.0,,,-52400000.0,-72900000.0,-56900000.0,-20500000.0,-1.8734,30.182983639548322,0.0,,2026-08-13,
PPSL,INR,2025-H2,2026-03-31,203403000.0,-45.21042764327504,,23188000.0,12666000.0,8363000.0,52394000.0,0.2854,-83.39925546765939,,,,
SETUINFRA,INR,2025-Q4,2026-03-31,,,,,,,,,,,,,
VERITAAS,INR,2025-H2,2026-03-31,147516000.0,-2.6688923931618294,,43422000.0,18379000.0,17936000.0,33673000.0,6.3535,21.335675954395285,,,,
FLEXITUFF,INR,2026-Q1,2026-06-30,56886000.0,-97.41112017770732,-100.0,-394634000.0,-456851000.0,-1322461000.0,-213408000.0,-40.2909,-127.34064222720016,77.34006734006735,,,
ORTEL,INR,2025-Q4,2026-03-31,,,,,,,,,,,,,
FALCONTECH,INR,2025-H2,2026-03-31,573369000.0,116.58796953854522,,59379000.0000001,48203000.0,30265000.0,48812000.0,5.6498,159.51035781544257,,,,
SHANTI,INR,2026-Q1,2026-06-30,104187000.0,-58.09101257828747,-100.0,39622000.0,-75351000.0,-77367000.0,-75509000.0,-6.9662,-230.08908263836244,,,,
WINNY,INR,2025-H2,2026-03-31,22495000.0,-72.52116340715585,,-50886000.0,-50886000.0,-63271000.0,-47424000.0,-29.1572,-27.598716888322894,,,,
LAKPRE,INR,,,,,,,,,,,,,,,
ACCORD,INR,,,,,,,,,,,,,,,
BGLOBAL,INR,2026-Q1,2026-06-30,4305000.0,70.49504950495049,-67.74193548387096,-5043000.0,-5614000.0,36416000.0,-1566000.0,2.2918,,-102.7290322580645,,,
CMICABLES,INR,2025-Q4,2026-03-31,553406000.0,-46.378816858611756,24.25610177928137,-76554000.0000001,-112301000.0,-113579000.0,-37942000.0,-4.1197,68.3783514096453,-100.0,,,
QUINTEGRA,INR,2026-Q1,2026-06-30,0.0,,,0.0,-1044000.0,-1044000.0,-1044000.0,-0.0389,-31.418918918918905,-286.27450980392155,,,
MITTAL,INR,2026-Q1,2026-06-30,885819000.0,10.438991184270074,-17.0574139091443,76734999.9999999,52854000.0,29512000.0,86872000.0,0.0665,78.76344086021507,51.45631067961164,,,
RAJVIR,INR,2025-Q4,2026-03-31,,,,,,,,,,,,,
PERFECT,INR,,,,,,,,,,,,,,,
JALAN,INR,2025-H2,2026-03-31,22867000.0,190.11672164425272,,1870000.0,598000.0,139000.0,598000.0,0.0073,,,,,
VASA,INR,,,,,,,,,,,,,,,
ROCKPP.E1,INR,,,,,,,,,,,,,,,
STRIDERS,INR,2025-H2,2026-03-31,,,,,,,,,,,,,
SRIKPRIND,INR,,,,,,,,,,,,,,,
LCCPROJECT,INR,,,,,,,,,,,,,,,
BMLL,INR,2025-H2,2026-03-31,,,,,,,,,,,,,
NEPHROCARE,INR,,,,,,,,,,,,,,,
BIRDYS,INR,,,,,,,,,,,,,,,
ACETEC,INR,2025-H2,2026-03-31,,,,,,,,,,,,,
ETL,INR,,,,,,,,,,,,,,,
ADVIKCA,INR,,,,,,,,,,,,,,,
KDL,INR,,,,,,,,,,,,,,,
SARTELE,INR,2025-H2,2026-03-31,5221130000.0,320.66161713414186,,1050743999.9999999,744588000.0,718169000.0,928277000.0,15.0384,44.03080135234792,,,,
ARISTO,INR,,,,,,,,,,,,,,,
GURUNANAK,INR,,,,,,,,,,,,,,,
RFBL,INR,2025-H2,2026-03-31,,,,,,,,,,,,,
GKWLIMITED,INR,2026-Q1,2026-06-30,238589000.0,-24.375578461577476,,-118848000.0,-118848000.0,-53407000.0,-81623000.0,-8.9511,22.75810293051672,,,,
RENTOMOJO,INR,,,,,,,,,,,,,,,
ARCIL,INR,,,,,,,,,,,,,,,
WALPAR,INR,,,,,,,,,,,,,,,
NDRINVIT,INR,,,,,,,,,,,,,,,
SUMEDHA,INR,,,,,,,,,,,,,,,
KARAMTARA,INR,,,,,,,,,,,,,,,
APSISAERO,INR,2025-H2,2026-03-31,,,,,,,,,,,,,
SAICAPI,INR,,,,,,,,,,,,,,,
ARHAM,INR,,,,,,,,,,,,,,,
JFLLIFE,INR,,,,,,,,,,,,,,,
TIMESCAN,INR,,,,,,,,,,,,,,,
APOORVA,INR,,,,,,,,,,,,,,,
SAIFL,INR,,,,,,,,,,,,,,,
RIIT,INR,,,,,,,,,,,,,,,
GREENLEAF,INR,,,,,,,,,,,,,,,
INVICTA,INR,,,,,,,,,,,,,,,
QUADPRO,INR,,,,,,,,,,,,,,,
STEAMHOUSE,INR,,,,,,,,,,,,,,,
KKVAPOW,INR,,,,,,,,,,,,,,,
MOXSH,INR,,,,,,,,,,,,,,,
UMA,INR,2025-H2,2026-03-31,2487415000.0,9.315684601057729,,314653000.0,102517000.0,31744000.0,155507000.0,1.5657,17.430435760894035,,,,
KJMCFIN,INR,,,,,,,,,,,,,,,
AGL,INR,,,,,,,,,,,,,,,
SHAIVAL,INR,,,,,,,,,,,,,,,
ENSER,INR,,,,,,,,,,,,,,,
AHIMSA,INR,,,,,,,,,,,,,,,
VINOD,INR,,,,,,,,,,,,,,,
MPIMANIPAL,INR,2025-Q4,2026-03-31,,,,,,,,,,,,,
AILIMITED,INR,,,,,,,,,,,,,,,
ISHAN,INR,,,,,,,,,,,,,,,
