symbol,date,open,high,low,close,volume
MARKSANS,2002-07-19,2.4,2.4,2.4,2.4,100
MARKSANS,2002-07-22,2.4,2.4,2.4,2.4,0
MARKSANS,2002-07-23,2.4,2.4,2.4,2.4,0
MARKSANS,2002-07-24,2.4,2.4,2.4,2.4,0
MARKSANS,2002-07-25,2.4,2.4,2.4,2.4,0
MARKSANS,2002-07-26,2.4,2.4,2.4,2.4,0
MARKSANS,2002-07-29,2.4,2.4,2.4,2.4,0
MARKSANS,2002-07-30,2.4,2.4,2.4,2.4,0
MARKSANS,2002-07-31,2.4,2.4,2.4,2.4,0
MARKSANS,2002-08-01,2.4,2.4,2.4,2.4,0
MARKSANS,2002-08-02,2.4,2.4,2.4,2.4,0
MARKSANS,2002-08-05,2.4,2.4,2.4,2.4,0
MARKSANS,2002-08-06,2.4,2.4,2.4,2.4,0
MARKSANS,2002-08-07,2.4,2.4,2.4,2.4,0
MARKSANS,2002-08-08,2.4,2.4,2.4,2.4,0
MARKSANS,2002-08-09,2.4,2.4,2.4,2.4,0
MARKSANS,2002-08-12,2.4,2.4,2.4,2.4,0
MARKSANS,2002-08-13,2.4,2.4,2.4,2.4,0
MARKSANS,2002-08-14,2.4,2.4,2.4,2.4,0
MARKSANS,2002-08-15,2.4,2.4,2.4,2.4,0
MARKSANS,2002-08-16,2.4,2.4,2.4,2.4,0
MARKSANS,2002-08-19,2.4,2.4,2.4,2.4,0
MARKSANS,2002-08-20,2.4,2.4,2.4,2.4,0
MARKSANS,2002-08-21,2.4,2.4,2.4,2.4,0
MARKSANS,2002-08-22,2.4,2.4,2.4,2.4,0
MARKSANS,2002-08-23,2.4,2.4,2.4,2.4,0
MARKSANS,2002-08-26,2.4,2.4,2.4,2.4,0
MARKSANS,2002-08-27,2.4,2.4,2.4,2.4,0
MARKSANS,2002-08-28,2.4,2.4,2.4,2.4,0
MARKSANS,2002-08-29,2.4,2.4,2.4,2.4,0
MARKSANS,2002-08-30,2.4,2.4,2.4,2.4,0
MARKSANS,2002-09-02,2.4,2.4,2.4,2.4,0
MARKSANS,2002-09-03,2.4,2.4,2.4,2.4,0
MARKSANS,2002-09-04,2.4,2.4,2.4,2.4,0
MARKSANS,2002-09-05,2.4,2.4,2.4,2.4,0
MARKSANS,2002-09-06,2.4,2.4,2.4,2.4,0
MARKSANS,2002-09-09,2.4,2.4,2.4,2.4,0
MARKSANS,2002-09-10,2.4,2.4,2.4,2.4,0
MARKSANS,2002-09-11,2.4,2.4,2.4,2.4,0
MARKSANS,2002-09-12,2.4,2.4,2.4,2.4,0
MARKSANS,2002-09-13,2.4,2.4,2.4,2.4,0
MARKSANS,2002-09-16,2.4,2.4,2.4,2.4,0
MARKSANS,2002-09-17,2.4,2.4,2.4,2.4,0
MARKSANS,2002-09-18,2.4,2.4,2.4,2.4,0
MARKSANS,2002-09-19,2.4,2.4,2.4,2.4,0
MARKSANS,2002-09-20,2.4,2.4,2.4,2.4,0
MARKSANS,2002-09-23,2.4,2.4,2.4,2.4,0
MARKSANS,2002-09-24,2.4,2.4,2.4,2.4,0
MARKSANS,2002-09-25,2.4,2.4,2.4,2.4,0
MARKSANS,2002-09-26,2.4,2.4,2.4,2.4,0
MARKSANS,2002-09-27,2.4,2.4,2.4,2.4,0
MARKSANS,2002-09-30,2.4,2.4,2.4,2.4,0
MARKSANS,2002-10-01,2.4,2.4,2.4,2.4,0
MARKSANS,2002-10-02,2.4,2.4,2.4,2.4,0
MARKSANS,2002-10-03,2.4,2.4,2.4,2.4,0
MARKSANS,2002-10-04,2.4,2.4,2.4,2.4,0
MARKSANS,2002-10-07,2.4,2.4,2.4,2.4,0
MARKSANS,2002-10-08,2.4,2.4,2.4,2.4,0
MARKSANS,2002-10-09,2.4,2.4,2.4,2.4,0
MARKSANS,2002-10-10,2.4,2.4,2.4,2.4,0
MARKSANS,2002-10-11,2.4,2.4,2.4,2.4,0
MARKSANS,2002-10-14,2.4,2.4,2.4,2.4,0
MARKSANS,2002-10-15,2.4,2.4,2.4,2.4,0
MARKSANS,2002-10-16,2.4,2.4,2.4,2.4,0
MARKSANS,2002-10-17,2.4,2.4,2.4,2.4,0
MARKSANS,2002-10-18,2.4,2.4,2.4,2.4,0
MARKSANS,2002-10-21,2.4,2.4,2.4,2.4,0
MARKSANS,2002-10-22,2.4,2.4,2.4,2.4,0
MARKSANS,2002-10-23,2.4,2.4,2.4,2.4,0
MARKSANS,2002-10-24,2.4,2.4,2.4,2.4,0
MARKSANS,2002-10-25,2.4,2.4,2.4,2.4,0
MARKSANS,2002-10-28,2.4,2.4,2.4,2.4,0
MARKSANS,2002-10-29,2.4,2.4,2.4,2.4,0
MARKSANS,2002-10-30,2.4,2.4,2.4,2.4,0
MARKSANS,2002-10-31,2.4,2.4,2.4,2.4,0
MARKSANS,2002-11-01,2.4,2.4,2.4,2.4,0
MARKSANS,2002-11-04,2.4,2.4,2.4,2.4,0
MARKSANS,2002-11-05,2.4,2.4,2.4,2.4,0
MARKSANS,2002-11-06,2.4,2.4,2.4,2.4,0
MARKSANS,2002-11-07,2.4,2.4,2.4,2.4,0
MARKSANS,2002-11-08,2.4,2.4,2.4,2.4,0
MARKSANS,2002-11-11,2.4,2.4,2.4,2.4,0
MARKSANS,2002-11-12,2.4,2.4,2.4,2.4,0
MARKSANS,2002-11-13,2.4,2.4,2.4,2.4,0
MARKSANS,2002-11-14,2.4,2.4,2.4,2.4,0
MARKSANS,2002-11-15,2.4,2.4,2.4,2.4,0
MARKSANS,2002-11-18,2.4,2.4,2.4,2.4,0
MARKSANS,2002-11-19,2.4,2.4,2.4,2.4,0
MARKSANS,2002-11-20,2.4,2.4,2.4,2.4,0
MARKSANS,2002-11-21,2.4,2.4,2.4,2.4,0
MARKSANS,2002-11-22,2.4,2.4,2.4,2.4,0
MARKSANS,2002-11-25,2.4,2.4,2.4,2.4,0
MARKSANS,2002-11-26,2.4,2.4,2.4,2.4,0
MARKSANS,2002-11-27,2.4,2.4,2.4,2.4,0
MARKSANS,2002-11-28,2.4,2.4,2.4,2.4,0
MARKSANS,2002-11-29,2.4,2.4,2.4,2.4,0
MARKSANS,2002-12-02,2.4,2.4,2.4,2.4,0
MARKSANS,2002-12-03,2.4,2.4,2.4,2.4,0
MARKSANS,2002-12-04,2.4,2.4,2.4,2.4,0
MARKSANS,2002-12-05,2.4,2.4,2.4,2.4,0
MARKSANS,2002-12-06,2.4,2.4,2.4,2.4,0
MARKSANS,2002-12-09,2.4,2.4,2.4,2.4,0
MARKSANS,2002-12-10,2.4,2.4,2.4,2.4,0
MARKSANS,2002-12-11,2.4,2.4,2.4,2.4,0
MARKSANS,2002-12-12,2.4,2.4,2.4,2.4,0
MARKSANS,2002-12-13,2.4,2.4,2.4,2.4,0
MARKSANS,2002-12-16,2.4,2.4,2.4,2.4,0
MARKSANS,2002-12-17,2.4,2.4,2.4,2.4,0
MARKSANS,2002-12-18,2.4,2.4,2.4,2.4,0
MARKSANS,2002-12-19,2.4,2.4,2.4,2.4,0
MARKSANS,2002-12-20,2.4,2.4,2.4,2.4,0
MARKSANS,2002-12-23,2.4,2.4,2.4,2.4,0
MARKSANS,2002-12-24,2.4,2.4,2.4,2.4,0
MARKSANS,2002-12-25,2.4,2.4,2.4,2.4,0
MARKSANS,2002-12-26,2.4,2.4,2.4,2.4,0
MARKSANS,2002-12-27,2.4,2.4,2.4,2.4,0
MARKSANS,2002-12-30,2.4,2.4,2.4,2.4,0
MARKSANS,2002-12-31,2.4,2.4,2.4,2.4,0
MARKSANS,2003-01-01,2.4,2.4,2.4,2.4,0
MARKSANS,2003-01-02,2.4,2.4,2.4,2.4,0
MARKSANS,2003-01-03,2.4,2.4,2.4,2.4,0
MARKSANS,2003-01-06,2.4,2.4,2.4,2.4,0
MARKSANS,2003-01-07,2.4,2.4,2.4,2.4,0
MARKSANS,2003-01-08,2.4,2.4,2.4,2.4,0
MARKSANS,2003-01-09,2.4,2.4,2.4,2.4,0
MARKSANS,2003-01-10,2.4,2.4,2.4,2.4,0
MARKSANS,2003-01-13,2.4,2.4,2.4,2.4,0
MARKSANS,2003-01-14,2.4,2.4,2.4,2.4,0
MARKSANS,2003-01-15,2.4,2.4,2.4,2.4,0
MARKSANS,2003-01-16,2.4,2.4,2.4,2.4,0
MARKSANS,2003-01-17,2.4,2.4,2.4,2.4,0
MARKSANS,2003-01-20,2.4,2.4,2.4,2.4,0
MARKSANS,2003-01-21,2.4,2.4,2.4,2.4,0
MARKSANS,2003-01-22,2.4,2.4,2.4,2.4,0
MARKSANS,2003-01-23,2.4,2.4,2.4,2.4,0
MARKSANS,2003-01-24,2.4,2.4,2.4,2.4,0
MARKSANS,2003-01-27,2.4,2.4,2.4,2.4,0
MARKSANS,2003-01-28,2.4,2.4,2.4,2.4,0
MARKSANS,2003-01-29,2.4,2.4,2.4,2.4,0
MARKSANS,2003-01-30,2.4,2.4,2.4,2.4,0
MARKSANS,2003-01-31,2.4,2.4,2.4,2.4,0
MARKSANS,2003-02-03,2.4,2.4,2.4,2.4,0
MARKSANS,2003-02-04,2.4,2.4,2.4,2.4,0
MARKSANS,2003-02-05,2.4,2.4,2.4,2.4,0
MARKSANS,2003-02-06,2.4,2.4,2.4,2.4,0
MARKSANS,2003-02-07,2.4,2.4,2.4,2.4,0
MARKSANS,2003-02-10,2.4,2.4,2.4,2.4,0
MARKSANS,2003-02-11,2.4,2.4,2.4,2.4,0
MARKSANS,2003-02-12,2.4,2.4,2.4,2.4,0
MARKSANS,2003-02-13,2.4,2.4,2.4,2.4,0
MARKSANS,2003-02-14,2.4,2.4,2.4,2.4,0
MARKSANS,2003-02-17,2.4,2.4,2.4,2.4,0
MARKSANS,2003-02-18,2.4,2.4,2.4,2.4,0
MARKSANS,2003-02-19,2.4,2.4,2.4,2.4,0
MARKSANS,2003-02-20,2.4,2.4,2.4,2.4,0
MARKSANS,2003-02-21,2.4,2.4,2.4,2.4,0
MARKSANS,2003-02-24,2.4,2.4,2.4,2.4,0
MARKSANS,2003-02-25,2.4,2.4,2.4,2.4,0
MARKSANS,2003-02-26,2.4,2.4,2.4,2.4,0
MARKSANS,2003-02-27,2.4,2.4,2.4,2.4,0
MARKSANS,2003-02-28,2.4,2.4,2.4,2.4,0
MARKSANS,2003-03-03,2.4,2.4,2.4,2.4,0
MARKSANS,2003-03-04,2.4,2.4,2.4,2.4,0
MARKSANS,2003-03-05,2.4,2.4,2.4,2.4,0
MARKSANS,2003-03-06,2.4,2.4,2.4,2.4,0
MARKSANS,2003-03-07,2.4,2.4,2.4,2.4,0
MARKSANS,2003-03-10,2.4,2.4,2.4,2.4,0
MARKSANS,2003-03-11,2.4,2.4,2.4,2.4,0
MARKSANS,2003-03-12,2.4,2.4,2.4,2.4,0
MARKSANS,2003-03-13,2.4,2.4,2.4,2.4,0
MARKSANS,2003-03-14,2.4,2.4,2.4,2.4,0
MARKSANS,2003-03-17,2.4,2.4,2.4,2.4,0
MARKSANS,2003-03-18,2.4,2.4,2.4,2.4,0
MARKSANS,2003-03-19,2.4,2.4,2.4,2.4,0
MARKSANS,2003-03-20,2.4,2.4,2.4,2.4,0
MARKSANS,2003-03-21,2.4,2.4,2.4,2.4,0
MARKSANS,2003-03-24,2.4,2.4,2.4,2.4,0
MARKSANS,2003-03-25,2.4,2.4,2.4,2.4,0
MARKSANS,2003-03-26,2.4,2.4,2.4,2.4,0
MARKSANS,2003-03-27,2.4,2.4,2.4,2.4,0
MARKSANS,2003-03-28,2.4,2.4,2.4,2.4,0
MARKSANS,2003-03-31,2.4,2.4,2.4,2.4,0
MARKSANS,2003-04-01,2.4,2.4,2.4,2.4,0
MARKSANS,2003-04-02,2.4,2.4,2.4,2.4,0
MARKSANS,2003-04-03,2.4,2.4,2.4,2.4,0
MARKSANS,2003-04-04,2.4,2.4,2.4,2.4,0
MARKSANS,2003-04-07,2.4,2.4,2.4,2.4,0
MARKSANS,2003-04-08,2.4,2.4,2.4,2.4,0
MARKSANS,2003-04-09,2.4,2.4,2.4,2.4,0
MARKSANS,2003-04-10,2.4,2.4,2.4,2.4,0
MARKSANS,2003-04-11,2.4,2.4,2.4,2.4,0
MARKSANS,2003-04-14,2.4,2.4,2.4,2.4,0
MARKSANS,2003-04-15,2.4,2.4,2.4,2.4,0
MARKSANS,2003-04-16,2.4,2.4,2.4,2.4,0
MARKSANS,2003-04-17,2.4,2.4,2.4,2.4,0
MARKSANS,2003-04-18,2.4,2.4,2.4,2.4,0
MARKSANS,2003-04-21,2.4,2.4,2.4,2.4,0
MARKSANS,2003-04-22,2.4,2.4,2.4,2.4,0
MARKSANS,2003-04-23,2.4,2.4,2.4,2.4,0
MARKSANS,2003-04-24,2.4,2.4,2.4,2.4,0
MARKSANS,2003-04-25,2.4,2.4,2.4,2.4,0
MARKSANS,2003-04-28,2.4,2.4,2.4,2.4,0
MARKSANS,2003-04-29,2.4,2.4,2.4,2.4,0
MARKSANS,2003-04-30,2.4,2.4,2.4,2.4,0
MARKSANS,2003-05-01,2.4,2.4,2.4,2.4,0
MARKSANS,2003-05-02,2.4,2.4,2.4,2.4,0
MARKSANS,2003-05-05,2.4,2.4,2.4,2.4,0
MARKSANS,2003-05-06,2.4,2.4,2.4,2.4,0
MARKSANS,2003-05-07,2.4,2.4,2.4,2.4,0
MARKSANS,2003-05-08,2.4,2.4,2.4,2.4,0
MARKSANS,2003-05-09,2.4,2.4,2.4,2.4,0
MARKSANS,2003-05-12,2.4,2.4,2.4,2.4,0
MARKSANS,2003-05-13,2.4,2.4,2.4,2.4,0
MARKSANS,2003-05-14,2.4,2.4,2.4,2.4,0
MARKSANS,2003-05-15,2.4,2.4,2.4,2.4,0
MARKSANS,2003-05-16,2.4,2.4,2.4,2.4,0
MARKSANS,2003-05-19,2.4,2.4,2.4,2.4,0
MARKSANS,2003-05-20,2.4,2.4,2.4,2.4,0
MARKSANS,2003-05-21,2.4,2.4,2.4,2.4,0
MARKSANS,2003-05-22,2.4,2.4,2.4,2.4,0
MARKSANS,2003-05-23,2.4,2.4,2.4,2.4,0
MARKSANS,2003-05-26,2.4,2.4,2.4,2.4,0
MARKSANS,2003-05-27,2.4,2.4,2.4,2.4,0
MARKSANS,2003-05-28,0.87,1.06,0.87,1.06,20500
MARKSANS,2003-05-29,1.165,1.17,1.165,1.17,200
MARKSANS,2003-05-30,1.29,1.29,1.29,1.29,100
MARKSANS,2003-06-02,1.4,1.42,1.4,1.42,200
MARKSANS,2003-06-03,1.565,1.565,1.565,1.565,100
MARKSANS,2003-06-04,1.725,1.725,1.725,1.725,70100
MARKSANS,2003-06-05,1.89,1.89,1.565,1.84,5100
MARKSANS,2003-06-06,2.025,2.025,2.025,2.025,100
MARKSANS,2003-06-09,2.23,2.23,1.83,1.92,90700
MARKSANS,2003-06-10,1.75,1.845,1.75,1.845,20500
MARKSANS,2003-06-11,1.885,1.885,1.885,1.885,100
MARKSANS,2003-06-12,1.845,1.845,1.845,1.845,100
MARKSANS,2003-06-13,1.92,1.92,1.675,1.7,55100
MARKSANS,2003-06-16,1.86,1.86,1.86,1.86,100
MARKSANS,2003-06-17,2.02,2.02,1.68,1.68,15100
MARKSANS,2003-06-18,1.85,1.85,1.67,1.785,10200
MARKSANS,2003-06-19,1.785,1.965,1.61,1.72,198300
MARKSANS,2003-06-20,1.885,1.885,1.615,1.65,139200
MARKSANS,2003-06-23,1.8,1.8,1.575,1.7,125000
MARKSANS,2003-06-24,1.6,1.65,1.59,1.59,60100
MARKSANS,2003-06-25,1.59,1.59,1.59,1.59,10000
MARKSANS,2003-06-26,1.75,1.75,1.45,1.74,22100
MARKSANS,2003-06-27,1.895,1.895,1.75,1.75,10100
MARKSANS,2003-06-30,1.65,1.835,1.65,1.81,390000
MARKSANS,2003-07-01,1.75,1.84,1.7,1.71,257100
MARKSANS,2003-07-02,1.68,1.7,1.68,1.7,40000
MARKSANS,2003-07-03,1.695,1.695,1.695,1.695,10000
MARKSANS,2003-07-04,1.74,1.75,1.55,1.625,125000
MARKSANS,2003-07-07,1.625,1.625,1.625,1.625,0
MARKSANS,2003-07-08,1.625,1.625,1.625,1.625,0
MARKSANS,2003-07-09,1.475,1.775,1.475,1.48,10400
MARKSANS,2003-07-10,1.55,1.55,1.55,1.55,20000
MARKSANS,2003-07-11,1.395,1.395,1.395,1.395,100
MARKSANS,2003-07-14,1.355,1.4,1.355,1.4,40000
MARKSANS,2003-07-15,1.4,1.4,1.4,1.4,0
MARKSANS,2003-07-16,1.4,1.4,1.4,1.4,0
MARKSANS,2003-07-17,1.32,1.32,1.32,1.32,100
MARKSANS,2003-07-18,1.32,1.45,1.32,1.325,60100
MARKSANS,2003-07-21,1.325,1.325,1.25,1.25,26100
MARKSANS,2003-07-22,1.15,1.15,1.15,1.15,10000
MARKSANS,2003-07-23,1.15,1.15,1.15,1.15,0
MARKSANS,2003-07-24,1.08,1.08,1.08,1.08,100
MARKSANS,2003-07-25,1.08,1.08,1.08,1.08,0
MARKSANS,2003-07-28,1.08,1.08,1.08,1.08,0
MARKSANS,2003-07-29,1.08,1.08,1.08,1.08,0
MARKSANS,2003-07-30,1.08,1.08,1.08,1.08,0
MARKSANS,2003-07-31,1.08,1.08,1.08,1.08,0
MARKSANS,2003-08-01,1.08,1.08,1.08,1.08,0
MARKSANS,2003-08-04,1.2,1.2,1.2,1.2,30000
MARKSANS,2003-08-05,1.11,1.11,1.11,1.11,10000
MARKSANS,2003-08-06,1.08,1.225,1.08,1.225,20000
MARKSANS,2003-08-07,1.3,1.35,1.3,1.35,10100
MARKSANS,2003-08-08,1.485,1.485,1.485,1.485,30000
MARKSANS,2003-08-11,1.59,1.63,1.59,1.63,55000
MARKSANS,2003-08-12,1.795,1.795,1.61,1.61,100000
MARKSANS,2003-08-13,1.76,1.76,1.7,1.7,50000
MARKSANS,2003-08-14,1.7,1.74,1.7,1.74,61000
MARKSANS,2003-08-15,1.74,1.74,1.74,1.74,0
MARKSANS,2003-08-18,1.61,1.61,1.61,1.61,20000
MARKSANS,2003-08-19,1.585,1.585,1.585,1.585,10000
MARKSANS,2003-08-20,1.585,1.585,1.585,1.585,0
MARKSANS,2003-08-21,1.46,1.695,1.46,1.695,20000
MARKSANS,2003-08-22,1.695,1.695,1.695,1.695,0
MARKSANS,2003-08-25,1.85,1.85,1.85,1.85,500
MARKSANS,2003-08-26,1.68,1.7,1.67,1.67,40000
MARKSANS,2003-08-27,1.51,1.78,1.51,1.775,91700
MARKSANS,2003-08-28,1.7,1.75,1.7,1.7,194800
MARKSANS,2003-08-29,1.7,1.745,1.7,1.745,15000
MARKSANS,2003-09-01,1.75,1.92,1.75,1.91,114000
MARKSANS,2003-09-02,1.94,2.09,1.925,1.95,543000
MARKSANS,2003-09-03,2.0,2.13,1.8,1.8,118100
MARKSANS,2003-09-04,1.83,1.96,1.83,1.96,132900
MARKSANS,2003-09-05,2.0,2.125,2.0,2.06,488300
MARKSANS,2003-09-08,1.915,2.095,1.915,2.0,55800
MARKSANS,2003-09-09,2.14,2.2,2.1,2.2,2021800
MARKSANS,2003-09-10,2.42,2.42,2.35,2.42,4729000
MARKSANS,2003-09-11,2.58,2.665,2.58,2.665,1278000
MARKSANS,2003-09-12,2.93,2.935,2.8,2.84,15992600
MARKSANS,2003-09-15,3.08,3.1,2.61,2.97,6247400
MARKSANS,2003-09-16,2.925,3.12,2.905,2.975,4037700
MARKSANS,2003-09-17,3.1,3.125,2.94,2.995,5232200
MARKSANS,2003-09-18,3.115,3.115,2.845,2.915,3490300
MARKSANS,2003-09-19,2.995,3.05,2.9,3.0,3301300
MARKSANS,2003-09-22,3.09,3.15,3.09,3.15,2565700
MARKSANS,2003-09-23,3.29,3.31,3.18,3.31,4859900
MARKSANS,2003-09-24,3.37,3.47,3.325,3.41,6751000
MARKSANS,2003-09-25,3.55,3.55,3.325,3.42,18381500
MARKSANS,2003-09-26,3.4,3.525,3.35,3.49,7587200
MARKSANS,2003-09-29,3.65,3.665,3.425,3.63,6581100
MARKSANS,2003-09-30,3.76,3.775,3.6,3.625,8385500
MARKSANS,2003-10-01,3.65,3.75,3.6,3.655,6441100
MARKSANS,2003-10-02,3.655,3.655,3.655,3.655,0
MARKSANS,2003-10-03,3.7,3.84,3.63,3.63,10367800
MARKSANS,2003-10-06,3.66,3.81,3.66,3.685,10495100
MARKSANS,2003-10-07,3.75,3.775,3.505,3.505,9546100
MARKSANS,2003-10-08,3.55,3.55,3.33,3.33,9640000
MARKSANS,2003-10-09,3.35,3.375,3.205,3.235,6228800
MARKSANS,2003-10-10,3.25,3.4,3.25,3.275,5020100
MARKSANS,2003-10-13,3.35,3.44,3.265,3.42,4351500
MARKSANS,2003-10-14,3.4,3.595,3.375,3.505,9924600
MARKSANS,2003-10-15,3.465,3.68,3.45,3.68,21592700
MARKSANS,2003-10-16,3.85,3.85,3.7,3.775,10085000
MARKSANS,2003-10-17,3.87,3.965,3.8,3.965,18201000
MARKSANS,2003-10-20,4.05,4.05,3.77,3.785,6602600
MARKSANS,2003-10-21,3.8,3.83,3.6,3.6,16912500
MARKSANS,2003-10-22,3.605,3.61,3.42,3.42,7776600
MARKSANS,2003-10-23,3.325,3.44,3.28,3.305,4471100
MARKSANS,2003-10-24,3.305,3.305,3.305,3.305,0
MARKSANS,2003-10-27,3.6,3.62,3.465,3.475,3412000
MARKSANS,2003-10-28,3.455,3.625,3.35,3.495,4816200
MARKSANS,2003-10-29,3.41,3.56,3.36,3.37,4440700
MARKSANS,2003-10-30,3.36,3.525,3.36,3.47,9527500
MARKSANS,2003-10-31,3.525,3.6,3.4,3.41,5190100
MARKSANS,2003-11-03,3.475,3.58,3.425,3.435,4294200
MARKSANS,2003-11-04,3.435,3.61,3.4,3.495,6933000
MARKSANS,2003-11-05,3.435,3.59,3.4,3.425,4737500
MARKSANS,2003-11-06,3.55,3.6,3.475,3.5,6213700
MARKSANS,2003-11-07,3.55,3.595,3.45,3.5,3170400
MARKSANS,2003-11-10,3.535,3.675,3.535,3.67,3443800
MARKSANS,2003-11-11,3.65,3.855,3.65,3.85,16387700
MARKSANS,2003-11-12,3.895,4.045,3.815,4.025,13128300
MARKSANS,2003-11-13,4.0,4.07,3.825,3.825,9978600
MARKSANS,2003-11-14,3.825,3.825,3.825,3.825,0
MARKSANS,2003-11-17,3.555,3.83,3.555,3.63,7271600
MARKSANS,2003-11-18,3.64,3.65,3.45,3.5,6507100
MARKSANS,2003-11-19,3.4,3.5,3.4,3.45,2301300
MARKSANS,2003-11-20,3.6,3.62,3.435,3.46,7650300
MARKSANS,2003-11-21,3.5,3.5,3.41,3.42,3835000
MARKSANS,2003-11-24,3.45,3.58,3.43,3.445,3524400
MARKSANS,2003-11-25,3.48,3.57,3.425,3.445,6176600
MARKSANS,2003-11-26,3.445,3.445,3.445,3.445,0
MARKSANS,2003-11-27,3.565,3.57,3.435,3.435,5430500
MARKSANS,2003-11-28,3.54,3.61,3.5,3.52,6909000
MARKSANS,2003-12-01,3.5,3.7,3.5,3.7,6557900
MARKSANS,2003-12-02,3.88,3.885,3.7,3.855,6464500
MARKSANS,2003-12-03,3.875,4.05,3.85,4.05,6832500
MARKSANS,2003-12-04,4.1,4.255,4.065,4.235,11349900
MARKSANS,2003-12-05,4.42,4.42,4.21,4.23,7329300
MARKSANS,2003-12-08,4.44,4.445,4.44,4.445,155000
MARKSANS,2003-12-09,4.67,4.67,4.67,4.67,2777900
MARKSANS,2003-12-10,4.905,4.905,4.8,4.905,31997800
MARKSANS,2003-12-11,5.15,5.15,5.05,5.15,32628200
MARKSANS,2003-12-12,5.35,5.35,4.9,5.18,17726200
MARKSANS,2003-12-15,5.3,5.44,5.22,5.44,5076100
MARKSANS,2003-12-16,5.605,5.715,5.3,5.405,23476100
MARKSANS,2003-12-17,5.3,5.64,5.15,5.28,13245400
MARKSANS,2003-12-18,5.25,5.34,5.16,5.21,13048900
MARKSANS,2003-12-19,5.3,5.35,5.1,5.18,12602100
MARKSANS,2003-12-22,5.21,5.4,5.13,5.16,7161500
MARKSANS,2003-12-23,5.27,5.3,5.09,5.115,5501400
MARKSANS,2003-12-24,5.2,5.34,5.125,5.175,7404100
MARKSANS,2003-12-25,5.175,5.175,5.175,5.175,0
MARKSANS,2003-12-26,5.35,5.4,4.96,5.12,4498700
MARKSANS,2003-12-29,5.2,5.29,5.15,5.17,7408300
MARKSANS,2003-12-30,5.2,5.21,4.95,5.035,5579400
MARKSANS,2003-12-31,5.1,5.29,4.9,5.245,7504200
MARKSANS,2004-01-01,5.25,5.3,5.1,5.195,4829600
MARKSANS,2004-01-02,5.2,5.34,5.15,5.205,5815100
MARKSANS,2004-01-05,5.115,5.3,5.1,5.115,7136000
MARKSANS,2004-01-06,5.03,5.3,5.03,5.11,7484200
MARKSANS,2004-01-07,5.05,5.2,4.94,4.98,5470200
MARKSANS,2004-01-08,5.1,5.23,5.1,5.23,17638800
MARKSANS,2004-01-09,5.475,5.48,5.02,5.095,9857700
MARKSANS,2004-01-12,5.1,5.215,5.05,5.065,8583000
MARKSANS,2004-01-13,5.01,5.25,5.01,5.115,4154100
MARKSANS,2004-01-14,5.32,5.375,5.15,5.225,5880600
MARKSANS,2004-01-15,5.285,5.285,4.965,5.0,4307500
MARKSANS,2004-01-16,4.95,5.105,4.825,4.855,5395100
MARKSANS,2004-01-19,5.07,5.1,4.75,5.1,5362600
MARKSANS,2004-01-20,5.345,5.355,5.2,5.345,8430300
MARKSANS,2004-01-21,5.4,5.5,5.08,5.08,4551700
MARKSANS,2004-01-22,5.0,5.11,4.83,4.83,4042400
MARKSANS,2004-01-23,4.8,5.075,4.625,4.935,5551000
MARKSANS,2004-01-26,4.935,4.935,4.935,4.935,0
MARKSANS,2004-01-27,5.125,5.185,5.015,5.185,4316600
MARKSANS,2004-01-28,5.3,5.35,4.955,4.99,3651500
MARKSANS,2004-01-29,5.0,5.0,4.765,4.87,2859800
MARKSANS,2004-01-30,4.985,4.985,4.63,4.635,3284500
MARKSANS,2004-02-02,4.635,4.635,4.635,4.635,0
MARKSANS,2004-02-03,4.7,4.74,4.405,4.415,1517800
MARKSANS,2004-02-04,4.25,4.445,4.195,4.225,2308300
MARKSANS,2004-02-05,4.225,4.44,4.09,4.12,3742200
MARKSANS,2004-02-06,4.25,4.3,3.915,3.94,2826200
MARKSANS,2004-02-09,4.0,4.14,3.95,4.005,1541100
MARKSANS,2004-02-10,4.0,4.13,3.955,4.0,2679500
MARKSANS,2004-02-11,4.03,4.05,3.95,3.965,2660000
MARKSANS,2004-02-12,4.025,4.025,3.875,3.9,1479800
MARKSANS,2004-02-13,4.0,4.095,3.9,4.095,3309000
MARKSANS,2004-02-16,4.02,4.29,4.02,4.25,2211100
MARKSANS,2004-02-17,4.35,4.35,4.1,4.165,4073000
MARKSANS,2004-02-18,4.3,4.365,4.015,4.06,3924000
MARKSANS,2004-02-19,4.15,4.2,3.92,3.97,2740100
MARKSANS,2004-02-20,4.0,4.05,3.825,3.9,2397300
MARKSANS,2004-02-23,4.075,4.08,3.895,3.9,2187100
MARKSANS,2004-02-24,3.925,4.095,3.925,4.095,1604800
MARKSANS,2004-02-25,4.2,4.905,4.19,4.325,11739100
MARKSANS,2004-02-26,4.78,4.78,4.01,4.115,9491500
MARKSANS,2004-02-27,4.07,4.25,4.045,4.1,3705000
MARKSANS,2004-03-01,4.2,4.44,4.125,4.205,7241300
MARKSANS,2004-03-02,4.205,4.205,4.205,4.205,0
MARKSANS,2004-03-03,4.2,4.34,4.12,4.2,4517800
MARKSANS,2004-03-04,4.25,5.04,4.215,4.41,5179400
MARKSANS,2004-03-05,4.4,4.69,4.35,4.39,5675000
MARKSANS,2004-03-08,4.5,4.6,4.3,4.355,2362000
MARKSANS,2004-03-09,4.48,4.5,4.29,4.315,5965200
MARKSANS,2004-03-10,4.59,4.65,4.3,4.315,3460400
MARKSANS,2004-03-11,4.4,4.42,4.2,4.225,3553300
MARKSANS,2004-03-12,4.48,4.48,4.07,4.1,2571600
MARKSANS,2004-03-15,4.48,4.48,4.0,4.035,2659900
MARKSANS,2004-03-16,4.35,4.35,3.9,3.95,2585100
MARKSANS,2004-03-17,4.3,4.3,3.905,3.96,1635500
MARKSANS,2004-03-18,4.26,4.38,3.915,3.965,1703600
MARKSANS,2004-03-19,4.09,4.09,3.9,3.985,1779400
MARKSANS,2004-03-22,4.005,4.005,3.83,3.89,2067100
MARKSANS,2004-03-23,3.95,3.965,3.775,3.795,668700
MARKSANS,2004-03-24,3.8,3.8,3.65,3.67,1126000
MARKSANS,2004-03-25,3.76,3.82,3.6,3.75,2235400
MARKSANS,2004-03-26,3.825,4.44,3.8,4.18,3188900
MARKSANS,2004-03-29,4.2,4.39,4.165,4.235,1884600
MARKSANS,2004-03-30,4.4,4.4,4.15,4.165,1997000
MARKSANS,2004-03-31,4.35,4.35,4.19,4.215,1112200
MARKSANS,2004-04-01,4.38,4.4,4.215,4.35,1249600
MARKSANS,2004-04-02,4.425,4.59,4.205,4.49,2458000
MARKSANS,2004-04-05,4.98,4.99,4.5,4.58,1499600
MARKSANS,2004-04-06,4.57,4.625,4.45,4.465,1401200
MARKSANS,2004-04-07,4.6,4.64,4.4,4.415,1000000
MARKSANS,2004-04-08,4.48,4.495,4.45,4.47,1515600
MARKSANS,2004-04-09,4.47,4.47,4.47,4.47,0
MARKSANS,2004-04-12,4.625,4.95,4.5,4.6,2135300
MARKSANS,2004-04-13,4.85,4.87,4.55,4.635,8581700
MARKSANS,2004-04-14,4.635,4.635,4.635,4.635,0
MARKSANS,2004-04-15,4.645,5.3,4.2,4.41,3859600
MARKSANS,2004-04-16,4.41,4.41,4.41,4.41,0
MARKSANS,2004-04-19,4.875,4.875,4.615,4.64,2485100
MARKSANS,2004-04-20,4.6,4.78,4.525,4.57,2252100
MARKSANS,2004-04-21,4.78,4.78,4.585,4.635,3286600
MARKSANS,2004-04-22,4.74,5.0,4.625,4.825,3187700
MARKSANS,2004-04-23,5.175,5.175,4.8,4.805,1977500
MARKSANS,2004-04-27,4.715,4.85,4.56,4.585,1460700
MARKSANS,2004-04-28,4.6,4.64,4.45,4.56,13377300
MARKSANS,2004-04-29,4.75,4.86,4.55,4.635,4505800
MARKSANS,2004-04-30,4.76,4.85,4.51,4.56,1810200
MARKSANS,2004-05-03,4.825,4.825,4.45,4.465,1389200
MARKSANS,2004-05-04,4.8,4.84,4.52,4.565,1433300
MARKSANS,2004-05-05,4.45,4.65,4.45,4.57,1493800
MARKSANS,2004-05-06,4.655,4.695,4.535,4.565,832000
MARKSANS,2004-05-07,4.675,4.675,4.515,4.575,1758500
MARKSANS,2004-05-10,4.595,4.7,4.47,4.55,2556200
MARKSANS,2004-05-11,4.495,4.495,4.35,4.36,1166500
MARKSANS,2004-05-12,4.53,4.53,4.305,4.345,929000
MARKSANS,2004-05-13,4.375,4.55,4.235,4.355,1023400
MARKSANS,2004-05-14,4.64,4.64,4.0,4.055,1639600
MARKSANS,2004-05-17,3.995,4.025,3.315,3.38,1064000
MARKSANS,2004-05-18,3.8,4.05,3.395,3.89,906600
MARKSANS,2004-05-19,4.25,4.25,3.81,3.905,990100
MARKSANS,2004-05-20,4.0,4.185,3.8,3.91,1562400
MARKSANS,2004-05-21,3.625,3.985,3.625,3.85,707700
MARKSANS,2004-05-24,4.245,4.245,3.87,3.9,1241900
MARKSANS,2004-05-25,4.08,4.08,3.86,3.915,821800
MARKSANS,2004-05-26,4.085,4.2,3.965,4.025,1597100
MARKSANS,2004-05-27,4.0,4.1,3.855,3.87,1652700
MARKSANS,2004-05-28,4.08,4.1,3.815,3.885,1139200
MARKSANS,2004-05-31,4.085,4.1,3.7,3.735,1034900
MARKSANS,2004-06-01,4.025,4.025,3.755,3.82,1374000
MARKSANS,2004-06-02,3.97,3.97,3.755,3.775,1145100
MARKSANS,2004-06-03,4.035,4.035,3.675,3.68,1525000
MARKSANS,2004-06-04,3.825,3.825,3.575,3.665,1261900
MARKSANS,2004-06-07,3.75,3.85,3.7,3.72,1559500
MARKSANS,2004-06-08,3.75,3.75,3.65,3.685,1852400
MARKSANS,2004-06-09,3.76,3.9,3.62,3.765,1397800
MARKSANS,2004-06-10,3.87,4.2,3.73,3.79,1384000
MARKSANS,2004-06-11,3.765,3.875,3.655,3.74,1609300
MARKSANS,2004-06-14,3.82,3.82,3.525,3.575,1830400
MARKSANS,2004-06-15,3.65,3.665,3.46,3.515,1446300
MARKSANS,2004-06-16,3.625,3.625,3.52,3.525,1612500
MARKSANS,2004-06-17,3.685,3.79,3.52,3.61,1452100
MARKSANS,2004-06-18,3.6,3.745,3.56,3.665,1493600
MARKSANS,2004-06-21,3.85,3.85,3.46,3.485,1613600
MARKSANS,2004-06-22,3.7,3.7,3.5,3.5,1212000
MARKSANS,2004-06-23,3.9,3.9,3.4,3.4,1514300
MARKSANS,2004-06-24,3.69,3.7,3.33,3.395,1613800
MARKSANS,2004-06-25,3.445,3.54,3.35,3.425,1427500
MARKSANS,2004-06-28,3.495,3.7,3.405,3.435,1553000
MARKSANS,2004-06-29,3.5,3.57,3.5,3.535,1730600
MARKSANS,2004-06-30,3.525,3.585,3.47,3.495,2797000
MARKSANS,2004-07-01,3.6,3.625,3.48,3.5,1261100
MARKSANS,2004-07-02,3.62,3.62,3.5,3.505,1577200
MARKSANS,2004-07-05,3.59,3.845,3.5,3.815,4604700
MARKSANS,2004-07-06,3.8,4.4,3.8,4.145,16923100
MARKSANS,2004-07-07,4.15,4.435,4.02,4.1,8576700
MARKSANS,2004-07-08,4.19,4.26,3.7,3.79,5929500
MARKSANS,2004-07-09,3.74,4.0,3.6,3.91,772900
MARKSANS,2004-07-12,3.955,4.0,3.855,3.905,1037500
MARKSANS,2004-07-13,3.99,3.99,3.86,3.91,1405500
MARKSANS,2004-07-14,3.965,3.965,3.86,3.86,2943300
MARKSANS,2004-07-15,3.8,4.04,3.785,3.935,13992300
MARKSANS,2004-07-16,4.025,4.04,3.95,3.985,3822600
MARKSANS,2004-07-19,4.01,4.34,4.01,4.16,3601400
MARKSANS,2004-07-20,4.215,4.29,4.155,4.215,4813500
MARKSANS,2004-07-21,4.28,4.295,4.15,4.165,10160400
MARKSANS,2004-07-22,4.22,4.29,4.215,4.215,996400
MARKSANS,2004-07-23,4.32,5.06,4.225,5.06,14132100
MARKSANS,2004-07-26,5.0,6.0,5.0,5.57,43876000
MARKSANS,2004-07-27,5.57,5.57,5.57,5.57,0
MARKSANS,2004-07-28,5.245,5.515,5.15,5.35,15582700
MARKSANS,2004-07-29,5.4,5.65,5.3,5.34,9509000
MARKSANS,2004-07-30,5.4,5.695,5.15,5.32,10532900
MARKSANS,2004-08-02,5.4,5.4,5.12,5.185,3709000
MARKSANS,2004-08-03,5.2,5.43,5.055,5.1,5002300
MARKSANS,2004-08-04,5.29,5.375,5.17,5.245,9229900
MARKSANS,2004-08-05,5.34,5.64,5.21,5.395,30038500
MARKSANS,2004-08-06,5.595,5.595,5.2,5.255,4669800
MARKSANS,2004-08-09,5.3,5.4,5.2,5.27,4606900
MARKSANS,2004-08-10,5.32,5.435,5.265,5.39,5608900
MARKSANS,2004-08-11,4.99,5.175,4.63,4.745,9741700
MARKSANS,2004-08-12,4.745,4.745,4.745,4.745,0
MARKSANS,2004-08-13,4.8,4.975,4.705,4.885,7021900
MARKSANS,2004-08-16,4.95,5.2,4.775,4.92,952500
MARKSANS,2004-08-17,4.91,4.97,4.8,4.825,233200
MARKSANS,2004-08-18,4.95,4.98,4.775,4.795,383200
MARKSANS,2004-08-19,4.8,4.86,4.7,4.78,390900
MARKSANS,2004-08-20,4.9,4.9,4.7,4.73,248900
MARKSANS,2004-08-23,4.8,4.8,4.5,4.5,10640000
MARKSANS,2004-08-24,4.7,4.75,4.63,4.7,377000
MARKSANS,2004-08-25,4.9,4.9,4.7,4.785,631000
MARKSANS,2004-08-26,4.8,5.5,4.8,5.25,1977400
MARKSANS,2004-08-27,5.38,5.635,5.11,5.32,9985200
MARKSANS,2004-08-30,5.5,5.85,5.41,5.82,14855600
MARKSANS,2004-08-31,5.8,5.8,5.6,5.64,1435500
MARKSANS,2004-09-01,5.7,5.7,5.47,5.61,1105400
MARKSANS,2004-09-02,5.64,5.68,5.35,5.405,1464100
MARKSANS,2004-09-03,5.33,5.55,5.325,5.45,762200
MARKSANS,2004-09-06,5.5,5.595,5.4,5.445,789000
MARKSANS,2004-09-07,5.59,5.7,5.415,5.59,1365700
MARKSANS,2004-09-08,5.65,5.79,5.575,5.69,1739500
MARKSANS,2004-09-09,5.85,5.85,5.44,5.465,705800
MARKSANS,2004-09-10,5.465,5.465,5.465,5.465,0
MARKSANS,2004-09-13,5.6,5.65,5.5,5.55,940200
MARKSANS,2004-09-14,5.65,5.68,5.42,5.585,1078800
MARKSANS,2004-09-15,5.9,6.065,5.555,5.68,2201500
MARKSANS,2004-09-16,5.7,6.345,5.65,6.095,3289000
MARKSANS,2004-09-17,5.8,7.315,5.8,6.935,9005300
MARKSANS,2004-09-20,7.0,7.14,6.67,6.765,2122200
MARKSANS,2004-09-21,7.0,7.0,6.56,6.615,1342300
MARKSANS,2004-09-22,6.6,6.7,6.51,6.68,499100
MARKSANS,2004-09-23,6.705,6.86,6.6,6.725,9045800
MARKSANS,2004-09-24,6.965,7.795,6.79,7.395,9895400
MARKSANS,2004-09-27,7.6,7.7,7.3,7.57,2782300
MARKSANS,2004-09-28,7.89,9.08,7.5,8.55,9554100
MARKSANS,2004-09-29,8.81,10.1,8.0,9.945,4676800
MARKSANS,2004-09-30,10.3,10.8,9.655,10.215,13782500
MARKSANS,2004-10-01,10.1,10.78,9.6,10.545,5440200
MARKSANS,2004-10-04,10.1,10.93,10.0,10.66,4349400
MARKSANS,2004-10-05,10.5,10.7,10.3,10.53,2890100
MARKSANS,2004-10-06,10.7,11.585,10.7,11.585,2788500
MARKSANS,2004-10-07,12.01,12.745,12.0,12.745,28817900
MARKSANS,2004-10-08,12.745,12.745,12.745,12.745,0
MARKSANS,2004-10-11,15.53,16.84,13.9,14.095,47497700
MARKSANS,2004-10-12,14.31,14.79,13.39,13.39,20694400
MARKSANS,2004-10-14,13.0,14.06,12.72,13.775,30507000
MARKSANS,2004-10-15,13.775,13.775,13.775,13.775,0
MARKSANS,2004-10-18,13.5,13.84,12.545,12.625,12538500
MARKSANS,2004-10-19,12.88,13.26,12.34,13.245,27708300
MARKSANS,2004-10-20,13.44,13.7,12.91,13.16,15571700
MARKSANS,2004-10-21,13.3,13.82,13.15,13.815,11185200
MARKSANS,2004-10-22,13.815,13.815,13.815,13.815,0
MARKSANS,2004-10-25,14.09,14.09,13.3,13.61,13516000
MARKSANS,2004-10-26,13.975,14.28,13.62,14.2,14422200
MARKSANS,2004-10-27,14.36,14.91,14.36,14.91,8257000
MARKSANS,2004-10-28,15.44,15.66,15.3,15.66,4792700
MARKSANS,2004-10-29,15.66,15.66,15.66,15.66,0
MARKSANS,2004-11-01,15.7,16.15,15.67,16.15,6012500
MARKSANS,2004-11-02,16.95,16.96,16.795,16.96,1885300
MARKSANS,2004-11-03,17.79,17.81,17.79,17.81,1907400
MARKSANS,2004-11-04,18.705,18.705,17.04,17.28,37726800
MARKSANS,2004-11-05,17.65,18.145,17.4,17.62,15647200
MARKSANS,2004-11-08,17.9,17.975,17.55,17.645,6744100
MARKSANS,2004-11-09,17.8,17.8,17.295,17.295,3990800
MARKSANS,2004-11-10,17.2,17.645,16.95,17.645,3035600
MARKSANS,2004-11-11,18.0,18.0,17.32,17.37,4134600
MARKSANS,2004-11-12,17.6,17.72,17.025,17.145,2611800
MARKSANS,2004-11-15,17.145,17.145,17.145,17.145,0
MARKSANS,2004-11-16,17.49,17.49,16.805,17.28,8085000
MARKSANS,2004-11-17,17.4,17.4,16.95,16.96,3729900
MARKSANS,2004-11-18,17.285,17.285,16.625,16.625,2099100
MARKSANS,2004-11-19,16.625,16.625,16.625,16.625,0
MARKSANS,2004-11-22,16.4,16.625,15.97,16.62,5881900
MARKSANS,2004-11-23,16.895,16.955,16.7,16.74,2686500
MARKSANS,2004-11-24,16.805,17.05,16.6,16.68,6991500
MARKSANS,2004-11-25,17.0,17.015,16.45,16.52,5553900
MARKSANS,2004-11-26,16.52,16.52,16.52,16.52,0
MARKSANS,2004-11-29,16.775,16.775,16.25,16.33,2230900
MARKSANS,2004-11-30,16.575,16.66,16.005,16.055,18369500
MARKSANS,2004-12-01,16.24,16.345,15.735,15.765,10125000
MARKSANS,2004-12-02,15.48,16.08,15.48,16.045,6524700
MARKSANS,2004-12-03,16.2,16.37,16.005,16.28,4486600
MARKSANS,2004-12-06,16.575,16.61,16.49,16.605,3436300
MARKSANS,2004-12-07,16.8,16.94,16.6,16.65,3775200
MARKSANS,2004-12-08,16.89,16.89,16.325,16.405,2768000
MARKSANS,2004-12-09,16.6,16.715,16.4,16.53,2875200
MARKSANS,2004-12-10,16.75,16.865,16.42,16.63,3581700
MARKSANS,2004-12-13,16.63,16.63,16.63,16.63,0
MARKSANS,2004-12-14,17.28,17.305,17.28,17.305,654000
MARKSANS,2004-12-15,17.65,17.655,17.3,17.455,3473800
MARKSANS,2004-12-16,17.5,17.695,17.2,17.36,3716200
MARKSANS,2004-12-17,17.59,17.685,17.03,17.105,2993200
MARKSANS,2004-12-20,16.8,17.45,16.8,17.45,2941000
MARKSANS,2004-12-21,17.79,17.8,17.51,17.615,4520800
MARKSANS,2004-12-22,17.8,17.97,17.265,17.305,3926000
MARKSANS,2004-12-23,17.5,17.6,17.2,17.255,2823500
MARKSANS,2004-12-24,17.575,17.6,17.275,17.385,3721100
MARKSANS,2004-12-27,17.545,17.57,17.205,17.29,3834500
MARKSANS,2004-12-28,17.29,17.29,17.29,17.29,0
MARKSANS,2004-12-29,17.445,17.5,17.2,17.5,14037600
MARKSANS,2004-12-30,17.8,17.85,17.725,17.85,1559700
MARKSANS,2004-12-31,18.205,18.21,18.205,18.21,421900
MARKSANS,2005-01-03,18.575,18.575,18.575,18.575,1672900
MARKSANS,2005-01-04,18.95,18.95,18.95,18.95,2491500
MARKSANS,2005-01-05,19.33,19.33,18.575,19.29,9379200
MARKSANS,2005-01-06,19.44,19.68,19.0,19.68,5556800
MARKSANS,2005-01-07,20.075,20.075,20.075,20.075,1058000
MARKSANS,2005-01-10,20.48,20.48,20.48,20.48,176200
MARKSANS,2005-01-11,20.89,20.89,20.89,20.89,338200
MARKSANS,2005-01-12,21.31,21.31,20.475,20.71,12912800
MARKSANS,2005-01-13,20.91,21.125,20.3,20.61,3373900
MARKSANS,2005-01-14,20.8,21.02,20.2,20.205,3840700
MARKSANS,2005-01-17,19.855,20.2,19.805,19.805,5584600
MARKSANS,2005-01-18,19.5,20.17,19.41,19.43,7311600
MARKSANS,2005-01-19,19.3,19.82,19.235,19.63,1998200
MARKSANS,2005-01-20,19.675,19.675,19.24,19.345,4936100
MARKSANS,2005-01-24,19.345,19.345,19.345,19.345,0
MARKSANS,2005-01-25,18.655,18.85,18.585,18.64,1410100
MARKSANS,2005-01-27,18.3,19.015,18.28,19.015,1314100
MARKSANS,2005-01-28,19.19,19.97,19.19,19.97,3277000
MARKSANS,2005-01-31,20.77,20.97,20.315,20.49,6002100
MARKSANS,2005-02-01,21.39,21.515,20.11,21.505,13326300
MARKSANS,2005-02-02,21.8,22.58,21.6,22.58,15150800
MARKSANS,2005-02-03,23.7,23.71,23.54,23.71,1192100
MARKSANS,2005-02-04,24.8,24.9,24.25,24.9,11201200
MARKSANS,2005-02-07,26.1,26.145,25.5,26.145,25407300
MARKSANS,2005-02-08,27.0,27.455,26.51,27.455,8170700
MARKSANS,2005-02-09,28.83,28.83,28.83,28.83,1571700
MARKSANS,2005-02-10,29.74,30.275,29.0,29.16,23263100
MARKSANS,2005-02-11,29.4,30.3,28.0,28.785,13031900
MARKSANS,2005-02-14,28.5,30.225,27.85,28.865,23912900
MARKSANS,2005-02-15,29.0,29.55,28.51,28.775,10638700
MARKSANS,2005-02-16,28.985,29.84,27.88,28.275,20832900
MARKSANS,2005-02-17,28.39,28.8,27.7,28.165,7342700
MARKSANS,2005-02-18,28.68,28.765,27.6,27.935,5371800
MARKSANS,2005-02-21,28.4,28.5,26.835,27.275,5355600
MARKSANS,2005-02-22,27.175,27.435,26.0,26.425,10611100
MARKSANS,2005-02-23,26.69,27.75,26.6,27.75,8553500
MARKSANS,2005-02-24,28.785,28.895,27.8,27.955,7012100
MARKSANS,2005-02-25,28.0,28.45,27.3,27.585,10297900
MARKSANS,2005-02-28,27.7,28.3,26.9,27.825,3973300
MARKSANS,2005-03-01,28.2,29.175,27.7,28.575,15924400
MARKSANS,2005-03-02,28.8,30.005,28.8,30.005,22674900
MARKSANS,2005-03-03,31.505,31.505,30.235,31.495,62523500
MARKSANS,2005-03-04,31.01,33.07,31.01,33.06,46554500
MARKSANS,2005-03-07,33.785,34.715,33.215,34.43,34520800
MARKSANS,2005-03-08,35.0,36.155,34.85,36.155,26333900
MARKSANS,2005-03-09,37.8,37.965,36.2,37.965,38262800
MARKSANS,2005-03-10,37.965,37.965,37.965,37.965,0
MARKSANS,2005-03-11,39.5,39.5,36.71,36.735,32350400
MARKSANS,2005-03-14,36.0,36.69,34.915,35.97,25367900
MARKSANS,2005-03-15,35.6,36.69,35.365,35.73,21762700
MARKSANS,2005-03-16,36.39,36.39,35.1,35.33,5801900
MARKSANS,2005-03-17,35.33,35.33,35.33,35.33,0
MARKSANS,2005-03-18,34.9,35.7,34.7,35.075,15680300
MARKSANS,2005-03-21,35.3,36.83,35.3,36.81,47186500
MARKSANS,2005-03-22,37.29,37.29,34.97,34.99,20753400
MARKSANS,2005-03-23,35.0,35.59,33.24,33.24,18410600
MARKSANS,2005-03-24,32.84,33.8,31.71,31.96,15502300
MARKSANS,2005-03-28,32.375,33.56,31.0,33.45,19807800
MARKSANS,2005-03-29,33.5,33.65,31.78,31.78,12534400
MARKSANS,2005-03-30,31.31,31.8,30.205,31.415,10114600
MARKSANS,2005-03-31,32.16,32.8,31.33,31.72,10454200
MARKSANS,2005-04-01,32.44,33.31,32.015,33.285,8971700
MARKSANS,2005-04-04,33.6,33.86,32.7,33.105,10337600
MARKSANS,2005-04-05,32.5,33.5,32.21,32.495,12035900
MARKSANS,2005-04-06,32.8,33.27,32.53,32.985,11170200
MARKSANS,2005-04-07,33.59,33.59,32.27,32.45,6659400
MARKSANS,2005-04-08,32.925,32.94,32.15,32.255,8454600
MARKSANS,2005-04-11,32.255,32.255,32.255,32.255,0
MARKSANS,2005-04-12,32.1,32.9,32.1,32.18,16027200
MARKSANS,2005-04-13,32.49,33.79,32.35,33.69,16514700
MARKSANS,2005-04-15,34.3,34.3,32.005,32.005,5077200
MARKSANS,2005-04-18,31.5,31.9,30.405,30.41,13596300
MARKSANS,2005-04-19,31.29,31.935,29.525,29.84,8574000
MARKSANS,2005-04-20,30.5,30.99,28.7,29.88,7614300
MARKSANS,2005-04-21,30.9,30.9,29.2,29.835,8288400
MARKSANS,2005-04-22,30.29,30.29,29.6,29.795,5769200
MARKSANS,2005-04-25,29.6,30.33,29.025,29.285,2634100
MARKSANS,2005-04-26,29.7,29.78,28.5,28.665,10302400
MARKSANS,2005-04-27,29.085,30.1,28.65,28.935,3561000
MARKSANS,2005-04-28,29.0,29.65,27.6,27.96,8317600
MARKSANS,2005-04-29,28.07,28.64,26.565,26.565,8888100
MARKSANS,2005-05-02,26.625,27.3,25.4,25.885,7770100
MARKSANS,2005-05-03,25.75,25.8,24.7,24.785,3544700
MARKSANS,2005-05-04,25.19,25.99,25.045,25.875,14458200
MARKSANS,2005-05-05,26.12,26.5,24.8,25.275,18109000
MARKSANS,2005-05-06,25.4,25.5,24.1,24.815,7188300
MARKSANS,2005-05-09,24.1,26.06,24.1,25.99,11281600
MARKSANS,2005-05-10,26.8,26.8,24.86,25.015,8463500
MARKSANS,2005-05-11,25.0,25.44,24.85,25.025,7207400
MARKSANS,2005-05-12,24.885,25.6,24.88,25.025,5496900
MARKSANS,2005-05-13,25.3,25.485,23.775,23.99,13216800
MARKSANS,2005-05-16,24.47,25.19,24.31,25.155,13765100
MARKSANS,2005-05-17,25.44,26.4,24.8,25.135,14037600
MARKSANS,2005-05-18,25.135,25.135,25.135,25.135,0
MARKSANS,2005-05-19,25.7,26.555,25.65,26.15,20169700
MARKSANS,2005-05-20,26.495,26.97,26.2,26.35,5999400
MARKSANS,2005-05-23,26.98,27.19,26.55,26.725,3191700
MARKSANS,2005-05-24,26.81,27.195,26.25,26.47,4862800
MARKSANS,2005-05-25,26.78,27.1,26.225,26.345,2886400
MARKSANS,2005-05-26,26.5,26.99,26.31,26.62,7297000
MARKSANS,2005-05-27,26.62,26.62,26.62,26.62,0
MARKSANS,2005-05-30,26.595,26.6,25.5,25.835,4830100
MARKSANS,2005-05-31,25.8,27.13,25.7,26.96,14693400
MARKSANS,2005-06-01,27.39,28.14,26.615,27.185,17273200
MARKSANS,2005-06-02,27.3,27.995,26.81,26.945,11341900
MARKSANS,2005-06-03,26.945,26.945,26.945,26.945,0
MARKSANS,2005-06-06,27.785,27.785,27.225,27.395,12120800
MARKSANS,2005-06-07,27.7,27.7,26.81,27.065,8198900
MARKSANS,2005-06-08,27.1,27.335,26.16,26.3,5956700
MARKSANS,2005-06-09,26.4,26.7,25.71,25.985,4263300
MARKSANS,2005-06-10,26.5,27.2,25.4,25.595,5670600
MARKSANS,2005-06-14,26.2,26.2,25.5,25.875,2285100
MARKSANS,2005-06-15,26.1,26.1,25.62,25.83,4199400
MARKSANS,2005-06-16,25.995,27.12,25.705,25.945,7036800
MARKSANS,2005-06-17,26.5,26.5,25.03,25.32,6013600
MARKSANS,2005-06-20,26.3,26.3,24.2,25.06,6687200
MARKSANS,2005-06-21,25.435,25.435,24.7,24.93,2573400
MARKSANS,2005-06-22,25.23,26.0,25.1,25.345,4305300
MARKSANS,2005-06-23,25.5,25.5,24.715,24.88,4333400
MARKSANS,2005-06-24,24.8,25.37,24.8,24.98,2287600
MARKSANS,2005-06-27,25.195,25.2,24.0,24.525,3833600
MARKSANS,2005-06-28,25.285,25.65,24.1,25.22,14117200
MARKSANS,2005-06-29,25.3,26.485,24.91,26.48,46433400
MARKSANS,2005-06-30,26.7,27.4,25.815,26.055,46113700
MARKSANS,2005-07-01,26.055,26.055,26.055,26.055,0
MARKSANS,2005-07-04,27.3,28.555,27.15,27.945,38984800
MARKSANS,2005-07-05,28.9,28.9,26.55,26.55,17107700
MARKSANS,2005-07-06,26.85,27.38,26.1,26.36,10078200
MARKSANS,2005-07-07,26.7,27.05,25.22,25.6,11845000
MARKSANS,2005-07-08,25.5,26.6,25.0,25.285,18607300
MARKSANS,2005-07-11,25.89,26.09,25.28,25.4,10577100
MARKSANS,2005-07-12,25.4,25.4,25.4,25.4,0
MARKSANS,2005-07-13,25.41,26.0,25.3,25.775,5224700
MARKSANS,2005-07-14,25.99,27.045,25.825,26.66,33537100
MARKSANS,2005-07-15,26.8,27.9,26.405,26.77,26035800
MARKSANS,2005-07-18,26.59,27.5,26.59,26.81,19692400
MARKSANS,2005-07-19,27.3,27.4,25.9,26.08,45881500
MARKSANS,2005-07-20,26.465,26.7,26.005,26.25,8135000
MARKSANS,2005-07-21,26.49,26.965,25.7,26.02,68833900
MARKSANS,2005-07-22,26.28,27.14,26.2,26.855,18450200
MARKSANS,2005-07-25,27.0,27.8,26.81,27.04,43912400
MARKSANS,2005-07-26,27.13,27.3,26.11,26.315,7892000
MARKSANS,2005-07-27,26.4,26.74,26.15,26.29,4076500
MARKSANS,2005-07-28,26.29,26.29,26.29,26.29,0
MARKSANS,2005-07-29,26.485,26.765,25.55,26.115,201908500
MARKSANS,2005-08-01,26.89,28.35,25.7,27.51,219547800
MARKSANS,2005-08-02,27.86,28.1,27.155,27.425,67575200
MARKSANS,2005-08-03,27.63,28.745,27.585,28.375,99872000
MARKSANS,2005-08-04,28.4,28.955,28.005,28.195,52445700
MARKSANS,2005-08-05,28.39,28.605,27.675,27.81,20024900
MARKSANS,2005-08-08,27.95,28.32,27.4,27.535,7349800
MARKSANS,2005-08-09,27.61,28.2,27.25,27.465,12459800
MARKSANS,2005-08-10,27.7,28.18,27.45,27.885,8160100
MARKSANS,2005-08-11,28.0,28.57,27.5,27.585,11508100
MARKSANS,2005-08-12,27.84,27.84,27.45,27.56,11460800
MARKSANS,2005-08-16,27.95,28.2,27.7,28.065,6075200
MARKSANS,2005-08-17,28.06,28.195,27.6,27.675,6214100
MARKSANS,2005-08-18,27.975,29.2,27.65,28.045,43439500
MARKSANS,2005-08-19,28.175,30.85,28.0,30.75,82491300
MARKSANS,2005-08-22,31.5,32.5,30.5,30.795,95602000
MARKSANS,2005-08-23,30.795,30.795,30.795,30.795,0
MARKSANS,2005-08-24,29.225,30.0,27.9,29.11,29175100
MARKSANS,2005-08-25,29.805,30.845,29.21,29.895,18382800
MARKSANS,2005-08-26,30.005,30.8,29.5,30.005,15845300
MARKSANS,2005-08-29,30.0,30.0,29.2,29.26,7241600
MARKSANS,2005-08-30,29.47,30.1,29.015,29.215,9751700
MARKSANS,2005-08-31,29.48,29.8,29.045,29.23,4544400
MARKSANS,2005-09-01,29.49,29.65,29.1,29.265,6309900
MARKSANS,2005-09-02,29.305,29.4,28.71,28.87,6220300
MARKSANS,2005-09-05,28.515,30.5,28.515,29.48,16899300
MARKSANS,2005-09-06,29.97,30.05,29.465,29.75,8346400
MARKSANS,2005-09-08,29.9,30.295,29.4,29.535,8234900
MARKSANS,2005-09-09,29.78,30.1,29.02,29.245,6954500
MARKSANS,2005-09-12,29.355,29.7,28.665,28.85,6881200
MARKSANS,2005-09-13,29.18,29.55,28.98,29.07,5587000
MARKSANS,2005-09-14,29.02,29.3,28.51,28.74,7527800
MARKSANS,2005-09-15,29.18,30.18,28.805,29.34,12705700
MARKSANS,2005-09-16,29.445,29.8,28.85,28.96,4863800
MARKSANS,2005-09-19,29.285,29.8,28.905,29.275,5903000
MARKSANS,2005-09-20,29.195,29.7,28.61,28.71,6505500
MARKSANS,2005-09-21,28.71,28.71,28.71,28.71,0
MARKSANS,2005-09-22,27.3,27.4,24.93,24.965,16374500
MARKSANS,2005-09-23,25.3,26.3,23.515,24.545,8033600
MARKSANS,2005-09-26,24.99,27.0,24.5,26.985,16876600
MARKSANS,2005-09-27,27.2,27.2,26.055,26.26,9346800
MARKSANS,2005-09-28,26.57,26.57,25.7,25.875,4159200
MARKSANS,2005-09-29,26.16,26.275,24.9,25.21,5703200
MARKSANS,2005-09-30,25.3,26.0,23.015,25.565,18399900
MARKSANS,2005-10-03,25.6,26.9,25.6,26.18,10874600
MARKSANS,2005-10-04,26.35,27.0,25.975,26.605,12611000
MARKSANS,2005-10-05,26.6,27.085,25.805,26.12,7292500
MARKSANS,2005-10-06,25.5,26.0,24.8,25.425,6650200
MARKSANS,2005-10-07,25.5,25.87,25.08,25.5,8322000
MARKSANS,2005-10-10,25.69,25.69,24.6,24.82,13248500
MARKSANS,2005-10-11,25.1,26.3,25.0,26.055,52339100
MARKSANS,2005-10-13,25.89,27.12,25.395,26.66,29827000
MARKSANS,2005-10-14,26.5,26.76,25.4,25.565,7677600
MARKSANS,2005-10-17,25.45,25.775,24.9,25.175,5134800
MARKSANS,2005-10-18,25.4,25.8,23.2,23.59,6378800
MARKSANS,2005-10-19,23.3,23.785,22.9,23.12,4307100
MARKSANS,2005-10-20,23.62,23.99,22.005,22.42,5386700
MARKSANS,2005-10-21,22.5,22.69,22.15,22.53,6867900
MARKSANS,2005-10-24,22.44,23.31,22.2,22.345,4852600
MARKSANS,2005-10-25,22.5,22.6,22.05,22.17,2442100
MARKSANS,2005-10-26,22.53,22.55,21.825,22.11,3737100
MARKSANS,2005-10-27,23.8,23.8,21.6,21.84,3589700
MARKSANS,2005-10-28,21.805,22.2,20.8,21.31,4655100
MARKSANS,2005-10-31,21.255,21.55,21.165,21.44,3772300
MARKSANS,2005-11-02,21.645,22.3,21.47,21.945,3396000
MARKSANS,2005-11-04,21.945,21.945,21.945,21.945,0
MARKSANS,2005-11-07,22.055,22.055,21.21,21.41,4804800
MARKSANS,2005-11-08,21.45,22.195,21.4,21.755,4899300
MARKSANS,2005-11-09,21.9,22.5,21.9,22.1,3765000
MARKSANS,2005-11-10,22.2,22.41,21.4,21.9,5041000
MARKSANS,2005-11-11,22.29,22.4,22.03,22.1,4924400
MARKSANS,2005-11-14,22.7,22.7,22.06,22.11,2432100
MARKSANS,2005-11-16,22.595,22.595,21.9,22.005,2534800
MARKSANS,2005-11-17,22.15,22.2,21.59,21.875,3509700
MARKSANS,2005-11-18,22.3,22.35,21.91,21.96,5565100
MARKSANS,2005-11-21,22.0,22.0,20.605,20.81,6126600
MARKSANS,2005-11-22,21.24,21.3,20.9,21.295,7115700
MARKSANS,2005-11-23,21.2,21.4,20.8,20.865,9867100
MARKSANS,2005-11-24,21.25,21.25,20.7,20.74,2433300
MARKSANS,2005-11-25,20.715,22.815,20.71,22.42,22206800
MARKSANS,2005-11-28,22.795,22.8,22.125,22.235,3966700
MARKSANS,2005-11-29,22.17,22.17,21.525,21.69,11620900
MARKSANS,2005-11-30,21.8,21.9,20.7,20.87,5841500
MARKSANS,2005-12-01,21.35,21.5,20.965,21.195,3141100
MARKSANS,2005-12-02,21.45,21.47,20.9,21.16,2943200
MARKSANS,2005-12-05,21.2,21.2,20.0,20.91,9765100
MARKSANS,2005-12-06,21.19,21.2,20.8,20.885,4611700
MARKSANS,2005-12-07,21.015,21.1,20.81,20.86,2845900
MARKSANS,2005-12-08,20.8,21.09,20.8,20.96,4503700
MARKSANS,2005-12-09,21.18,21.68,21.0,21.09,6246600
MARKSANS,2005-12-12,21.16,21.535,21.16,21.21,2932400
MARKSANS,2005-12-13,21.31,21.5,21.1,21.22,3875400
MARKSANS,2005-12-14,21.4,21.545,20.7,20.975,6519500
MARKSANS,2005-12-15,21.255,23.79,21.225,22.6,62874500
MARKSANS,2005-12-16,22.8,23.29,22.25,22.565,32044900
MARKSANS,2005-12-19,22.505,23.475,22.505,22.63,7336500
MARKSANS,2005-12-20,22.63,22.75,21.705,22.215,4230500
MARKSANS,2005-12-21,22.205,22.3,21.61,21.85,6069200
MARKSANS,2005-12-22,21.855,22.385,21.75,21.99,6338400
MARKSANS,2005-12-23,22.18,22.5,21.51,21.93,49546700
MARKSANS,2005-12-26,21.95,22.16,21.25,21.355,4830700
MARKSANS,2005-12-27,21.2,21.545,21.0,21.125,9553900
MARKSANS,2005-12-28,21.745,21.745,20.5,20.715,6191700
MARKSANS,2005-12-29,20.96,21.385,20.9,21.16,13283900
MARKSANS,2005-12-30,21.4,21.895,20.91,21.005,6046800
MARKSANS,2006-01-02,21.3,21.495,20.705,20.785,5217600
MARKSANS,2006-01-03,20.99,21.395,20.84,21.09,6315300
MARKSANS,2006-01-04,21.3,21.7,21.005,21.305,5210800
MARKSANS,2006-01-05,21.31,21.6,21.25,21.32,5628200
MARKSANS,2006-01-06,21.4,21.55,21.0,21.07,5276800
MARKSANS,2006-01-09,21.175,21.5,21.125,21.315,5054100
MARKSANS,2006-01-10,21.5,21.5,21.255,21.375,3460100
MARKSANS,2006-01-12,21.25,21.3,20.73,20.8,5900500
MARKSANS,2006-01-13,20.965,21.15,20.505,20.6,7588400
MARKSANS,2006-01-16,20.95,21.6,20.525,21.345,16384500
MARKSANS,2006-01-17,21.345,21.345,21.345,21.345,0
MARKSANS,2006-01-18,21.4,21.65,20.7,20.88,6444900
MARKSANS,2006-01-19,21.19,21.64,21.18,21.24,6732300
MARKSANS,2006-01-20,21.24,21.24,21.24,21.24,0
MARKSANS,2006-01-23,20.63,21.21,20.53,20.62,7553000
MARKSANS,2006-01-24,20.745,20.83,20.425,20.475,6701100
MARKSANS,2006-01-25,20.595,20.68,20.255,20.415,5465400
MARKSANS,2006-01-27,20.51,20.9,20.29,20.435,6404400
MARKSANS,2006-01-30,20.515,21.28,19.9,20.705,10130800
MARKSANS,2006-01-31,20.9,21.1,20.305,20.39,4990000
MARKSANS,2006-02-01,20.5,20.7,20.2,20.54,11607200
MARKSANS,2006-02-02,20.79,21.18,20.6,20.71,11789200
MARKSANS,2006-02-03,20.6,20.88,20.01,20.095,4350000
MARKSANS,2006-02-06,20.2,24.115,20.15,22.88,68229000
MARKSANS,2006-02-07,23.0,23.28,22.2,22.35,19183800
MARKSANS,2006-02-08,22.15,22.2,21.35,21.505,7950600
MARKSANS,2006-02-10,21.6,23.2,21.325,22.45,13819300
MARKSANS,2006-02-13,22.4,23.65,22.01,22.275,12304400
MARKSANS,2006-02-14,22.01,22.63,18.85,21.4,11000600
MARKSANS,2006-02-15,21.65,21.8,20.9,21.29,6314200
MARKSANS,2006-02-16,21.375,21.8,21.1,21.26,6471500
MARKSANS,2006-02-17,21.305,21.8,20.8,21.355,11566600
MARKSANS,2006-02-20,21.4,22.44,21.4,22.03,7484100
MARKSANS,2006-02-21,22.03,22.03,22.03,22.03,0
MARKSANS,2006-02-22,22.2,22.79,22.16,22.405,6511800
MARKSANS,2006-02-23,22.105,22.57,22.005,22.085,5229100
MARKSANS,2006-02-24,22.0,22.37,22.0,22.08,7272100
MARKSANS,2006-02-27,22.245,22.65,22.18,22.325,8466800
MARKSANS,2006-02-28,22.3,22.5,22.025,22.455,6822700
MARKSANS,2006-03-01,22.4,24.85,22.4,23.495,45429000
MARKSANS,2006-03-02,23.405,24.75,23.0,24.02,25467300
MARKSANS,2006-03-03,24.43,25.2,23.79,23.94,41820500
MARKSANS,2006-03-06,24.24,24.24,23.21,23.69,9950300
MARKSANS,2006-03-07,24.1,25.085,23.51,23.94,42308300
MARKSANS,2006-03-08,24.5,26.3,24.07,25.48,95800200
MARKSANS,2006-03-09,25.74,26.4,25.02,25.355,37832600
MARKSANS,2006-03-10,25.77,26.2,25.4,25.58,58043400
MARKSANS,2006-03-13,25.78,26.2,25.0,25.15,22461300
MARKSANS,2006-03-14,25.38,25.38,23.325,23.56,40862800
MARKSANS,2006-03-16,23.895,24.25,23.61,23.815,9548900
MARKSANS,2006-03-17,24.08,24.19,23.555,23.655,18523700
MARKSANS,2006-03-20,23.8,24.88,23.615,23.91,17804900
MARKSANS,2006-03-21,24.16,24.16,23.525,23.685,8230200
MARKSANS,2006-03-22,23.845,23.845,22.815,23.08,8442000
MARKSANS,2006-03-23,23.005,23.5,22.81,22.86,5609700
MARKSANS,2006-03-24,22.8,23.32,22.8,22.965,8006700
MARKSANS,2006-03-27,23.4,23.55,23.0,23.095,9833800
MARKSANS,2006-03-28,23.62,23.62,22.53,22.62,25392200
MARKSANS,2006-03-29,22.62,22.62,22.62,22.62,0
MARKSANS,2006-03-30,23.82,23.82,22.81,22.88,7657900
MARKSANS,2006-03-31,23.01,23.1,22.65,22.865,5617700
MARKSANS,2006-04-03,23.03,26.48,22.9,26.165,65335600
MARKSANS,2006-04-04,27.64,29.27,26.555,28.71,114175000
MARKSANS,2006-04-05,28.98,30.195,27.655,27.985,100905000
MARKSANS,2006-04-07,28.04,28.34,26.405,26.695,34447600
MARKSANS,2006-04-10,27.0,27.5,26.505,26.675,12567000
MARKSANS,2006-04-12,26.675,26.675,26.675,26.675,0
MARKSANS,2006-04-13,25.18,25.49,23.825,24.045,9942000
MARKSANS,2006-04-17,24.5,25.185,23.67,24.025,7982900
MARKSANS,2006-04-18,24.105,24.895,24.0,24.155,11477300
MARKSANS,2006-04-19,24.4,24.69,23.7,23.92,15345300
MARKSANS,2006-04-20,24.0,24.3,23.8,23.88,10080200
MARKSANS,2006-04-21,24.25,24.795,23.82,23.93,8193300
MARKSANS,2006-04-24,24.26,24.29,23.45,23.57,6183300
MARKSANS,2006-04-25,23.8,24.65,22.9,23.01,10577100
MARKSANS,2006-04-26,23.1,23.4,22.5,22.805,11722800
MARKSANS,2006-04-27,23.02,23.25,22.8,22.985,12401400
MARKSANS,2006-04-28,22.985,22.985,22.985,22.985,0
MARKSANS,2006-05-02,23.3,25.05,23.3,23.77,19599300
MARKSANS,2006-05-03,24.16,24.38,23.46,23.705,10933200
MARKSANS,2006-05-04,23.955,24.05,23.19,23.335,15194400
MARKSANS,2006-05-05,23.49,23.5,22.805,22.97,7579300
MARKSANS,2006-05-08,23.22,23.3,22.85,22.975,4167000
MARKSANS,2006-05-09,22.955,24.79,22.6,24.04,20433000
MARKSANS,2006-05-10,24.1,24.55,23.71,23.885,13056700
MARKSANS,2006-05-11,23.98,23.98,23.13,23.325,3977700
MARKSANS,2006-05-12,23.3,23.685,22.825,22.93,6752400
MARKSANS,2006-05-15,23.09,23.1,21.3,21.915,3858300
MARKSANS,2006-05-16,21.0,22.7,19.005,20.915,10647800
MARKSANS,2006-05-17,21.3,21.9,20.945,21.09,5883600
MARKSANS,2006-05-18,21.0,21.0,18.8,18.99,8105600
MARKSANS,2006-05-19,19.9,20.6,18.005,18.495,5289300
MARKSANS,2006-05-22,18.8,19.5,14.8,14.93,10390700
MARKSANS,2006-05-23,15.4,16.48,14.1,16.04,7730900
MARKSANS,2006-05-24,16.7,16.975,15.51,15.885,5197900
MARKSANS,2006-05-25,15.6,16.095,15.3,15.895,5062000
MARKSANS,2006-05-26,16.1,16.895,16.1,16.52,2389700
MARKSANS,2006-05-29,16.6,17.475,16.6,17.04,3350400
MARKSANS,2006-05-30,17.1,17.37,16.825,16.885,1872900
MARKSANS,2006-05-31,16.885,16.885,16.885,16.885,0
MARKSANS,2006-06-01,16.4,16.88,15.01,15.29,3072000
MARKSANS,2006-06-02,15.1,15.25,13.5,14.57,4160500
MARKSANS,2006-06-05,15.0,15.0,14.2,14.31,1496900
MARKSANS,2006-06-06,14.3,14.49,13.3,13.465,2804400
MARKSANS,2006-06-07,13.165,13.25,10.775,10.95,15434600
MARKSANS,2006-06-08,9.3,10.795,8.77,9.245,16946100
MARKSANS,2006-06-09,9.19,10.635,9.1,10.255,15948200
MARKSANS,2006-06-12,10.225,10.48,9.8,10.12,4600500
MARKSANS,2006-06-13,9.9,9.9,9.315,9.44,3824400
MARKSANS,2006-06-14,9.7,10.25,8.82,8.88,6059100
MARKSANS,2006-06-15,8.88,8.88,8.88,8.88,0
MARKSANS,2006-06-16,8.88,8.88,8.88,8.88,0
MARKSANS,2006-06-19,11.01,11.38,10.425,11.12,8516900
MARKSANS,2006-06-20,11.2,12.235,10.505,11.77,8067200
MARKSANS,2006-06-21,11.8,12.94,11.55,12.25,9326700
MARKSANS,2006-06-22,12.895,13.19,12.525,12.66,7020100
MARKSANS,2006-06-23,12.6,12.87,12.305,12.615,3991700
MARKSANS,2006-06-26,12.7,12.7,11.935,11.935,3156900
MARKSANS,2006-06-27,11.67,11.67,11.34,11.34,2295000
MARKSANS,2006-06-28,11.275,11.275,10.775,10.83,2874100
MARKSANS,2006-06-29,11.29,11.375,11.07,11.17,2205400
MARKSANS,2006-06-30,11.665,11.73,11.2,11.72,5308400
MARKSANS,2006-07-03,11.5,12.0,11.37,11.415,3598500
MARKSANS,2006-07-04,11.59,11.89,11.12,11.375,1320100
MARKSANS,2006-07-05,11.385,11.595,11.115,11.3,1881900
MARKSANS,2006-07-06,11.4,11.4,10.9,11.14,1454100
MARKSANS,2006-07-07,11.2,11.4,10.8,10.88,2599500
MARKSANS,2006-07-10,10.9,11.2,10.8,11.045,2895200
MARKSANS,2006-07-11,11.1,11.195,10.81,10.895,2832800
MARKSANS,2006-07-12,10.8,10.995,10.51,10.815,1767800
MARKSANS,2006-07-13,11.05,11.1,10.705,10.825,1434500
MARKSANS,2006-07-14,10.8,11.095,10.79,10.93,2593200
MARKSANS,2006-07-17,11.11,11.48,11.0,11.165,14736200
MARKSANS,2006-07-18,11.26,11.44,10.63,10.81,7131300
MARKSANS,2006-07-19,10.7,10.895,10.27,10.27,6488800
MARKSANS,2006-07-20,10.6,10.6,10.215,10.29,3075600
MARKSANS,2006-07-21,10.2,10.29,9.785,9.95,1752100
MARKSANS,2006-07-24,10.0,10.0,9.52,9.75,2013600
MARKSANS,2006-07-25,10.0,10.1,9.6,9.96,1238500
MARKSANS,2006-07-26,9.88,10.25,9.875,9.995,2082400
MARKSANS,2006-07-27,10.0,10.495,10.0,10.3,2887200
MARKSANS,2006-07-28,10.38,10.5,10.15,10.205,1629200
MARKSANS,2006-07-31,10.5,10.66,10.2,10.385,2871100
MARKSANS,2006-08-01,10.11,10.5,10.11,10.235,1070700
MARKSANS,2006-08-02,10.3,10.35,10.025,10.24,1590000
MARKSANS,2006-08-03,10.24,10.24,10.24,10.24,0
MARKSANS,2006-08-04,10.34,10.4,9.85,10.31,2633300
MARKSANS,2006-08-07,10.595,10.83,10.4,10.83,4837700
MARKSANS,2006-08-08,11.09,11.375,11.09,11.375,1098700
MARKSANS,2006-08-09,11.8,11.945,11.505,11.945,2360100
MARKSANS,2006-08-10,12.025,13.14,12.025,13.05,18334900
MARKSANS,2006-08-11,13.6,13.705,12.635,12.83,7550200
MARKSANS,2006-08-14,13.135,13.135,12.5,12.64,4067500
MARKSANS,2006-08-16,12.99,13.16,12.7,12.735,4144000
MARKSANS,2006-08-17,12.825,12.985,12.105,12.245,3011000
MARKSANS,2006-08-18,12.22,12.5,11.71,12.32,2873500
MARKSANS,2006-08-21,12.395,12.79,12.3,12.665,3494700
MARKSANS,2006-08-22,12.81,12.81,12.3,12.43,2107200
MARKSANS,2006-08-23,12.4,12.445,11.825,11.97,2152400
MARKSANS,2006-08-24,11.65,12.19,11.61,11.86,1804500
MARKSANS,2006-08-25,12.0,12.39,11.8,11.855,2173000
MARKSANS,2006-08-28,12.0,12.085,11.7,11.755,1724700
MARKSANS,2006-08-29,11.8,12.135,11.75,11.84,4957200
MARKSANS,2006-08-30,12.03,12.03,11.65,11.675,2627300
MARKSANS,2006-08-31,11.88,11.88,11.4,11.495,6050100
MARKSANS,2006-09-01,11.5,11.845,11.35,11.52,2827600
MARKSANS,2006-09-04,11.775,11.78,11.41,11.47,3072700
MARKSANS,2006-09-05,11.52,11.8,11.43,11.47,3510000
MARKSANS,2006-09-06,11.7,11.75,11.42,11.48,2438700
MARKSANS,2006-09-07,11.4,11.7,11.35,11.39,3709100
MARKSANS,2006-09-08,11.56,11.6,11.47,11.52,1275200
MARKSANS,2006-09-11,11.78,11.78,11.1,11.14,1882700
MARKSANS,2006-09-12,11.165,11.165,10.665,10.95,1958700
MARKSANS,2006-09-13,11.2,11.5,10.8,11.17,3728400
MARKSANS,2006-09-14,11.225,11.475,11.05,11.11,2025800
MARKSANS,2006-09-15,11.47,11.47,10.675,10.805,11539400
MARKSANS,2006-09-18,11.04,11.04,10.655,10.72,3893900
MARKSANS,2006-09-19,10.85,11.0,10.7,10.84,3978800
MARKSANS,2006-09-20,10.8,10.9,10.65,10.73,1921700
MARKSANS,2006-09-21,10.92,10.96,10.6,10.705,2857900
MARKSANS,2006-09-22,10.8,11.055,10.65,10.79,12586000
MARKSANS,2006-09-25,10.77,10.875,10.6,10.625,2285900
MARKSANS,2006-09-26,10.77,10.77,10.525,10.565,1289000
MARKSANS,2006-09-27,11.0,11.0,10.51,10.56,2054800
MARKSANS,2006-09-28,10.55,10.755,10.25,10.475,3387800
MARKSANS,2006-09-29,10.625,10.63,10.23,10.35,4682900
MARKSANS,2006-10-03,10.59,10.87,10.35,10.87,4623900
MARKSANS,2006-10-04,11.4,11.415,11.03,11.315,8049100
MARKSANS,2006-10-05,11.69,11.69,10.9,11.04,6129600
MARKSANS,2006-10-06,11.08,11.225,10.76,11.045,3431000
MARKSANS,2006-10-09,11.0,11.19,10.86,11.13,1864200
MARKSANS,2006-10-10,11.2,11.4,11.14,11.225,2509700
MARKSANS,2006-10-11,11.335,12.04,11.16,11.765,13571300
MARKSANS,2006-10-12,11.98,11.99,11.555,11.61,6044700
MARKSANS,2006-10-13,11.7,11.76,11.265,11.45,3581200
MARKSANS,2006-10-16,11.31,11.825,11.3,11.33,3228600
MARKSANS,2006-10-17,11.45,11.45,10.86,10.92,3264600
MARKSANS,2006-10-18,10.905,11.16,10.815,10.885,2910200
MARKSANS,2006-10-19,10.995,11.045,10.705,10.81,2571000
MARKSANS,2006-10-20,11.1,11.1,10.51,10.585,3361000
MARKSANS,2006-10-23,10.81,10.9,10.7,10.77,1455400
MARKSANS,2006-10-26,10.8,11.3,10.615,10.655,8585300
MARKSANS,2006-10-27,10.65,10.88,10.55,10.59,3475100
MARKSANS,2006-10-30,10.675,10.685,10.43,10.495,2373700
MARKSANS,2006-10-31,10.67,10.67,10.25,10.29,5101700
MARKSANS,2006-11-01,10.4,10.45,10.215,10.26,2625500
MARKSANS,2006-11-02,10.59,10.67,10.235,10.325,5207400
MARKSANS,2006-11-03,10.46,10.46,10.25,10.29,1207600
MARKSANS,2006-11-06,10.27,10.39,10.25,10.325,1887800
MARKSANS,2006-11-07,10.4,10.5,10.28,10.385,2819800
MARKSANS,2006-11-08,10.42,10.73,10.225,10.275,4552600
MARKSANS,2006-11-09,10.32,10.46,10.205,10.24,2006400
MARKSANS,2006-11-10,10.28,10.5,10.1,10.135,6173500
MARKSANS,2006-11-13,10.3,10.3,10.01,10.03,2901400
MARKSANS,2006-11-14,10.05,10.4,10.0,10.09,4233100
MARKSANS,2006-11-15,10.275,11.1,10.275,11.1,23572200
MARKSANS,2006-11-16,11.985,12.21,11.55,12.21,20512400
MARKSANS,2006-11-17,12.97,13.275,11.35,11.62,60863400
MARKSANS,2006-11-20,11.05,12.4,10.815,12.025,42829000
MARKSANS,2006-11-21,12.14,12.85,12.0,12.36,24340000
MARKSANS,2006-11-22,12.7,12.7,11.865,12.0,11526800
MARKSANS,2006-11-23,12.045,12.6,11.51,11.665,5347000
MARKSANS,2006-11-24,11.46,12.24,11.405,11.675,8860000
MARKSANS,2006-11-27,11.895,11.99,11.515,11.62,3893900
MARKSANS,2006-11-28,11.405,11.55,11.25,11.31,3578400
MARKSANS,2006-11-29,11.6,11.88,11.38,11.88,5586500
MARKSANS,2006-11-30,12.0,12.3,11.45,11.575,6670100
MARKSANS,2006-12-01,11.5,11.97,11.42,11.755,6092100
MARKSANS,2006-12-04,11.7,11.89,11.5,11.57,3296800
MARKSANS,2006-12-05,11.895,11.895,11.275,11.375,3018300
MARKSANS,2006-12-06,11.595,11.7,10.85,11.025,5641000
MARKSANS,2006-12-07,11.125,11.25,10.95,11.045,1891100
MARKSANS,2006-12-08,11.15,11.15,10.805,10.87,1761800
MARKSANS,2006-12-11,10.665,10.9,10.3,10.385,3551100
MARKSANS,2006-12-12,10.4,10.575,9.805,10.0,4060200
MARKSANS,2006-12-13,9.4,10.3,9.4,10.16,3849100
MARKSANS,2006-12-14,10.4,10.55,10.29,10.41,2573700
MARKSANS,2006-12-15,10.6,10.75,10.35,10.49,1793700
MARKSANS,2006-12-18,10.59,10.59,10.15,10.31,2149400
MARKSANS,2006-12-19,10.35,10.45,10.055,10.16,1901400
MARKSANS,2006-12-20,10.42,10.425,10.0,10.035,3908500
MARKSANS,2006-12-21,10.05,10.18,9.9,9.96,1752700
MARKSANS,2006-12-22,10.1,10.9,10.025,10.415,5970800
MARKSANS,2006-12-26,10.2,10.7,10.2,10.275,2837200
MARKSANS,2006-12-27,10.265,10.54,10.265,10.43,2071200
MARKSANS,2006-12-28,10.3,11.44,10.3,11.065,13562400
MARKSANS,2006-12-29,11.17,11.185,10.71,10.785,5706500
MARKSANS,2007-01-02,10.875,11.0,10.7,10.755,2346600
MARKSANS,2007-01-03,10.995,10.995,10.55,10.675,3909300
MARKSANS,2007-01-04,10.8,11.15,10.635,10.76,3787400
MARKSANS,2007-01-05,10.94,11.39,10.715,11.07,9299000
MARKSANS,2007-01-08,10.805,11.15,10.46,10.89,2847200
MARKSANS,2007-01-09,10.9,11.1,10.46,10.535,4908200
MARKSANS,2007-01-10,10.5,10.8,10.5,10.58,1841500
MARKSANS,2007-01-11,10.7,10.85,10.57,10.675,2234400
MARKSANS,2007-01-12,10.68,10.875,10.455,10.545,2629500
MARKSANS,2007-01-15,10.6,11.05,10.6,10.96,5324700
MARKSANS,2007-01-16,11.1,11.1,10.075,10.68,3965000
MARKSANS,2007-01-17,10.7,11.0,10.605,10.82,2646500
MARKSANS,2007-01-18,10.61,11.55,10.61,11.245,16290600
MARKSANS,2007-01-19,11.3,11.45,10.85,10.96,4738800
MARKSANS,2007-01-22,10.5,11.18,10.42,10.865,3954600
MARKSANS,2007-01-23,10.8,10.995,10.57,10.675,2500800
MARKSANS,2007-01-24,10.9,11.02,10.65,10.77,1289000
MARKSANS,2007-01-25,10.61,10.985,10.6,10.66,1679900
MARKSANS,2007-01-29,10.71,11.2,10.605,11.01,7062500
MARKSANS,2007-01-31,11.1,11.1,10.53,10.675,2687300
MARKSANS,2007-02-01,10.715,11.0,10.625,10.725,3926300
MARKSANS,2007-02-02,10.83,10.98,10.675,10.735,2923500
MARKSANS,2007-02-05,10.8,11.58,10.6,11.365,16426300
MARKSANS,2007-02-06,11.67,11.99,11.1,11.35,29297200
MARKSANS,2007-02-07,11.475,11.52,10.86,10.915,10077400
MARKSANS,2007-02-08,11.07,11.07,10.655,10.7,4955900
MARKSANS,2007-02-09,10.795,10.795,10.35,10.425,4962300
MARKSANS,2007-02-12,10.2,10.49,9.4,9.735,8115000
MARKSANS,2007-02-13,9.8,10.11,9.6,9.65,6665000
MARKSANS,2007-02-14,9.8,9.9,9.4,9.59,5136300
MARKSANS,2007-02-15,9.89,9.99,9.565,9.625,4987400
MARKSANS,2007-02-19,9.795,9.88,9.525,9.59,3006000
MARKSANS,2007-02-20,9.5,9.65,9.225,9.285,3530300
MARKSANS,2007-02-21,9.5,9.5,9.285,9.305,1697500
MARKSANS,2007-02-22,9.4,9.54,9.31,9.36,1606000
MARKSANS,2007-02-23,9.35,9.4,8.425,8.435,20574700
MARKSANS,2007-02-26,8.8,8.8,7.62,8.38,11509800
MARKSANS,2007-02-27,8.29,8.52,8.17,8.215,7688500
MARKSANS,2007-02-28,8.19,8.45,7.695,8.185,4073900
MARKSANS,2007-03-01,8.3,8.49,7.76,7.865,5889300
MARKSANS,2007-03-02,7.865,8.25,7.765,7.815,5593800
MARKSANS,2007-03-05,7.5,7.8,7.035,7.035,5779000
MARKSANS,2007-03-06,7.5,7.505,6.365,6.435,14328000
MARKSANS,2007-03-07,6.49,6.7,6.115,6.12,13137200
MARKSANS,2007-03-08,5.925,6.2,5.815,6.135,6806100
MARKSANS,2007-03-09,6.21,6.445,5.93,6.09,6725400
MARKSANS,2007-03-12,6.2,6.395,6.055,6.115,4714700
MARKSANS,2007-03-13,6.15,6.265,6.0,6.035,6099800
MARKSANS,2007-03-14,5.85,6.0,5.735,5.84,7031700
MARKSANS,2007-03-15,5.85,6.02,5.7,5.775,5670300
MARKSANS,2007-03-16,5.8,5.89,5.65,5.725,3958600
MARKSANS,2007-03-19,5.8,5.8,5.55,5.615,4042300
MARKSANS,2007-03-20,5.69,5.775,5.48,5.6,7043600
MARKSANS,2007-03-21,5.65,5.74,5.505,5.595,6660800
MARKSANS,2007-03-22,5.7,5.795,5.45,5.49,8671200
MARKSANS,2007-03-23,5.5,5.5,5.325,5.35,4603000
MARKSANS,2007-03-26,5.4,5.4,5.16,5.185,4161400
MARKSANS,2007-03-28,5.22,5.23,5.025,5.04,16229600
MARKSANS,2007-03-29,5.065,5.12,4.97,4.995,7096600
MARKSANS,2007-03-30,5.09,5.245,5.0,5.1,23026400
MARKSANS,2007-04-02,5.005,5.175,4.925,4.94,5490300
MARKSANS,2007-04-03,5.06,5.06,4.875,4.89,2691700
MARKSANS,2007-04-04,4.9,5.025,4.9,4.99,13514900
MARKSANS,2007-04-05,5.025,5.24,5.025,5.22,54035300
MARKSANS,2007-04-09,5.3,5.485,5.3,5.485,51047300
MARKSANS,2007-04-10,5.76,5.76,5.615,5.76,15423300
MARKSANS,2007-04-11,6.05,6.05,6.05,6.05,2899300
MARKSANS,2007-04-12,6.355,6.355,6.355,6.355,4509900
MARKSANS,2007-04-13,6.675,6.675,6.05,6.675,99547600
MARKSANS,2007-04-16,7.01,7.01,6.79,7.01,24692400
MARKSANS,2007-04-17,7.29,7.3,6.66,6.67,67028100
MARKSANS,2007-04-18,6.9,6.9,6.36,6.38,21486100
MARKSANS,2007-04-19,6.065,6.7,6.065,6.47,34206600
MARKSANS,2007-04-20,6.595,6.66,6.35,6.415,9136100
MARKSANS,2007-04-23,6.5,6.54,6.3,6.33,6059600
MARKSANS,2007-04-24,6.305,6.35,6.19,6.22,5795200
MARKSANS,2007-04-25,6.155,6.535,6.125,6.535,41134600
MARKSANS,2007-04-26,6.765,6.765,6.225,6.27,18180300
MARKSANS,2007-04-27,6.24,6.28,6.04,6.095,7238800
MARKSANS,2007-04-30,6.07,6.07,5.79,5.795,14488000
MARKSANS,2007-05-03,5.72,5.85,5.525,5.62,17320600
MARKSANS,2007-05-04,5.655,5.745,5.525,5.555,11317900
MARKSANS,2007-05-07,5.6,5.6,5.41,5.45,7268900
MARKSANS,2007-05-08,5.55,5.57,5.4,5.46,4570800
MARKSANS,2007-05-09,5.5,5.5,5.3,5.415,4253400
MARKSANS,2007-05-10,5.44,5.65,5.44,5.48,5777900
MARKSANS,2007-05-11,5.22,5.5,5.22,5.415,3222500
MARKSANS,2007-05-14,5.5,5.55,5.45,5.51,2682800
MARKSANS,2007-05-15,5.55,5.6,5.45,5.465,2828400
MARKSANS,2007-05-16,5.52,5.74,5.475,5.74,12442800
MARKSANS,2007-05-17,5.995,6.03,5.68,5.705,11002600
MARKSANS,2007-05-18,5.725,5.725,5.51,5.57,4656100
MARKSANS,2007-05-21,5.625,5.675,5.505,5.545,4865700
MARKSANS,2007-05-22,5.545,5.6,5.455,5.49,2267200
MARKSANS,2007-05-23,5.5,5.55,5.38,5.415,2391000
MARKSANS,2007-05-24,5.4,5.495,5.35,5.375,2612700
MARKSANS,2007-05-25,5.3,5.44,5.225,5.345,2341100
MARKSANS,2007-05-28,5.3,5.4,5.25,5.285,3568200
MARKSANS,2007-05-29,5.3,5.38,5.22,5.24,3463500
MARKSANS,2007-05-30,5.25,5.4,5.2,5.245,5444000
MARKSANS,2007-05-31,5.395,5.43,5.235,5.305,4516000
MARKSANS,2007-06-01,5.305,5.305,5.305,5.305,0
MARKSANS,2007-06-04,5.21,5.295,5.12,5.17,4714800
MARKSANS,2007-06-05,5.175,5.335,5.1,5.225,4492800
MARKSANS,2007-06-06,5.2,5.29,5.08,5.12,2431600
MARKSANS,2007-06-07,5.265,5.265,4.965,4.985,4286500
MARKSANS,2007-06-08,4.95,5.0,4.9,4.96,3473200
MARKSANS,2007-06-11,4.925,4.985,4.81,4.84,4779000
MARKSANS,2007-06-12,4.805,4.885,4.6,4.6,10446400
MARKSANS,2007-06-13,4.53,4.595,4.4,4.46,5805900
MARKSANS,2007-06-14,4.61,4.61,4.43,4.46,6881800
MARKSANS,2007-06-15,4.43,4.685,4.425,4.685,5149000
MARKSANS,2007-06-18,4.725,4.92,4.72,4.92,9604700
MARKSANS,2007-06-19,5.005,5.125,4.81,4.845,10268300
MARKSANS,2007-06-20,4.85,4.935,4.71,4.805,2988100
MARKSANS,2007-06-21,4.75,4.875,4.57,4.855,2669300
MARKSANS,2007-06-22,4.805,4.91,4.76,4.795,2415300
MARKSANS,2007-06-25,4.86,4.86,4.72,4.745,1660100
MARKSANS,2007-06-26,4.8,4.9,4.75,4.815,2705800
MARKSANS,2007-06-27,4.77,4.825,4.7,4.725,1813900
MARKSANS,2007-06-28,4.56,4.795,4.56,4.635,2158800
MARKSANS,2007-06-29,4.6,4.745,4.6,4.635,3216200
MARKSANS,2007-07-02,4.65,4.75,4.62,4.655,3130900
MARKSANS,2007-07-03,4.62,4.7,4.62,4.65,2005500
MARKSANS,2007-07-04,4.69,4.695,4.575,4.61,2123700
MARKSANS,2007-07-05,4.625,4.625,4.5,4.525,3228400
MARKSANS,2007-07-06,4.58,4.69,4.5,4.54,4034200
MARKSANS,2007-07-09,4.6,4.995,4.51,4.995,9787700
MARKSANS,2007-07-10,5.14,5.4,5.095,5.14,18094000
MARKSANS,2007-07-11,5.0,5.24,5.0,5.15,7457300
MARKSANS,2007-07-12,5.225,5.665,5.15,5.665,20390100
MARKSANS,2007-07-13,5.77,5.84,5.385,5.455,25541600
MARKSANS,2007-07-16,5.4,5.7,5.32,5.395,7379000
MARKSANS,2007-07-17,5.44,5.5,5.125,5.135,6203900
MARKSANS,2007-07-18,5.01,5.25,5.005,5.12,4111500
MARKSANS,2007-07-19,5.15,5.3,5.12,5.155,4149400
MARKSANS,2007-07-20,5.28,5.415,5.15,5.415,27350500
MARKSANS,2007-07-23,5.4,5.69,5.275,5.69,26141400
MARKSANS,2007-07-24,5.71,5.975,5.54,5.635,26933000
MARKSANS,2007-07-25,5.595,5.595,5.355,5.425,3311200
MARKSANS,2007-07-26,5.41,5.7,5.365,5.625,9159000
MARKSANS,2007-07-27,5.38,5.5,5.345,5.355,3999400
MARKSANS,2007-07-30,5.17,5.435,5.17,5.195,2719700
MARKSANS,2007-07-31,5.345,5.455,5.2,5.455,7961300
MARKSANS,2007-08-01,5.445,5.73,5.295,5.33,17609800
MARKSANS,2007-08-02,5.445,5.55,5.3,5.35,2604300
MARKSANS,2007-08-03,5.36,5.5,5.085,5.37,2351100
MARKSANS,2007-08-06,5.125,5.325,5.125,5.305,4231100
MARKSANS,2007-08-07,5.5,5.5,5.21,5.23,2909300
MARKSANS,2007-08-08,5.275,5.475,5.22,5.385,3662100
MARKSANS,2007-08-09,5.35,5.42,5.2,5.215,2183000
MARKSANS,2007-08-10,5.1,5.165,4.965,5.1,5355200
MARKSANS,2007-08-13,5.11,5.285,5.11,5.15,1745900
MARKSANS,2007-08-14,5.17,5.22,4.93,5.01,7166900
MARKSANS,2007-08-16,4.92,5.1,4.8,4.855,4078100
MARKSANS,2007-08-17,4.9,4.95,4.7,4.805,3210100
MARKSANS,2007-08-20,5.05,5.07,4.875,4.925,4058700
MARKSANS,2007-08-21,5.0,5.045,4.7,4.71,1473100
MARKSANS,2007-08-22,4.7,4.845,4.53,4.69,4000400
MARKSANS,2007-08-23,4.85,4.85,4.5,4.67,2012900
MARKSANS,2007-08-24,4.51,4.67,4.51,4.63,1346800
MARKSANS,2007-08-27,4.7,4.73,4.54,4.71,2038200
MARKSANS,2007-08-28,4.65,4.725,4.565,4.66,1477600
MARKSANS,2007-08-29,4.66,4.88,4.55,4.755,1945600
MARKSANS,2007-08-30,4.805,4.98,4.69,4.98,4199000
MARKSANS,2007-08-31,5.14,5.14,4.82,4.88,5856100
MARKSANS,2007-09-03,4.815,4.995,4.815,4.965,10888600
MARKSANS,2007-09-04,5.0,5.05,4.865,4.955,2919500
MARKSANS,2007-09-05,4.95,5.03,4.9,4.92,1917100
MARKSANS,2007-09-06,4.97,5.09,4.915,5.065,3005500
MARKSANS,2007-09-07,5.05,5.57,5.005,5.57,40380900
MARKSANS,2007-09-10,5.64,6.13,5.455,6.13,105778000
MARKSANS,2007-09-11,6.37,6.745,6.25,6.745,30827300
MARKSANS,2007-09-12,7.085,7.085,7.085,7.085,4682100
MARKSANS,2007-09-13,7.39,7.44,7.3,7.44,19857400
MARKSANS,2007-09-14,7.81,7.815,7.07,7.815,133643200
MARKSANS,2007-09-17,8.0,8.195,7.865,8.195,41701200
MARKSANS,2007-09-18,8.195,8.3,7.915,8.25,30448400
MARKSANS,2007-09-19,8.31,8.5,7.695,8.35,27724500
MARKSANS,2007-09-20,8.4,8.7,8.34,8.63,26292200
MARKSANS,2007-09-21,8.405,8.95,8.405,8.72,11305800
MARKSANS,2007-09-24,9.05,9.335,8.77,9.335,8621100
MARKSANS,2007-09-25,9.45,9.795,9.0,9.795,26589500
MARKSANS,2007-09-26,9.795,10.285,9.6,10.285,3181200
MARKSANS,2007-09-27,10.8,10.8,10.8,10.8,1633200
MARKSANS,2007-09-28,11.34,11.34,11.34,11.34,2366400
MARKSANS,2007-10-01,11.91,11.91,11.91,11.91,7089200
MARKSANS,2007-10-03,12.42,12.51,11.41,12.15,44861500
MARKSANS,2007-10-04,12.005,12.335,11.76,12.0,9013900
MARKSANS,2007-10-05,11.825,12.135,11.35,11.51,6228300
MARKSANS,2007-10-08,11.6,11.7,10.99,11.1,11323500
MARKSANS,2007-10-09,11.395,11.67,10.555,11.67,10027300
MARKSANS,2007-10-10,12.255,12.255,11.205,11.5,7657200
MARKSANS,2007-10-11,11.66,11.66,10.905,10.92,5193500
MARKSANS,2007-10-12,11.1,11.805,10.81,11.4,6127300
MARKSANS,2007-10-15,11.2,11.4,10.885,10.885,7630000
MARKSANS,2007-10-16,10.8,11.0,10.645,10.645,4154100
MARKSANS,2007-10-17,10.14,10.5,10.14,10.15,2085000
MARKSANS,2007-10-18,10.2,10.725,9.825,10.3,8037100
MARKSANS,2007-10-19,10.4,10.4,9.74,9.8,4334600
MARKSANS,2007-10-22,9.4,9.795,9.4,9.4,1505000
MARKSANS,2007-10-23,9.825,9.9,9.825,9.9,247400
MARKSANS,2007-10-24,10.395,10.395,10.395,10.395,354700
MARKSANS,2007-10-25,10.915,10.915,10.915,10.915,483300
MARKSANS,2007-10-26,11.465,11.465,11.465,11.465,512100
MARKSANS,2007-10-29,12.04,12.04,11.5,11.7,19599900
MARKSANS,2007-10-30,11.775,11.9,11.3,11.67,2962000
MARKSANS,2007-10-31,11.24,12.0,11.24,11.5,4145500
MARKSANS,2007-11-01,11.66,12.115,11.66,12.115,5482500
MARKSANS,2007-11-02,12.4,12.725,12.37,12.725,3941700
MARKSANS,2007-11-05,13.365,13.365,13.365,13.365,790400
MARKSANS,2007-11-06,14.035,14.035,14.035,14.035,2920500
MARKSANS,2007-11-07,14.74,14.74,13.36,14.03,16475700
MARKSANS,2007-11-08,13.66,14.3,13.66,14.0,5609200
MARKSANS,2007-11-12,14.005,15.0,13.9,14.9,7677600
MARKSANS,2007-11-13,14.895,14.895,14.325,14.325,2803000
MARKSANS,2007-11-14,14.55,14.87,13.82,14.0,3062300
MARKSANS,2007-11-15,14.0,14.805,13.805,14.805,3502900
MARKSANS,2007-11-16,14.95,15.545,14.61,15.545,7582400
MARKSANS,2007-11-19,16.025,16.325,16.0,16.2,19604900
MARKSANS,2007-11-20,16.14,17.145,16.1,16.95,10575900
MARKSANS,2007-11-21,17.0,17.56,16.0,16.71,11946300
MARKSANS,2007-11-22,16.0,17.31,15.675,16.3,5506500
MARKSANS,2007-11-23,16.6,16.96,16.2,16.8,3257800
MARKSANS,2007-11-26,17.18,17.28,16.62,16.705,2828000
MARKSANS,2007-11-27,16.995,16.995,16.3,16.35,1557300
MARKSANS,2007-11-28,16.02,16.5,15.71,15.8,2001700
MARKSANS,2007-11-29,16.59,16.59,15.8,16.35,3309300
MARKSANS,2007-11-30,16.205,16.7,16.03,16.5,3599100
MARKSANS,2007-12-03,16.7,17.38,16.5,16.5,7344500
MARKSANS,2007-12-04,16.3,16.795,16.1,16.1,2291200
MARKSANS,2007-12-05,16.2,16.45,15.605,16.2,2860700
MARKSANS,2007-12-06,16.175,16.7,15.8,16.3,9954200
MARKSANS,2007-12-07,16.515,17.19,16.0,16.855,3499300
MARKSANS,2007-12-10,17.485,17.485,16.5,16.85,2305200
MARKSANS,2007-12-11,16.9,17.725,16.7,17.58,11571600
MARKSANS,2007-12-12,17.5,18.36,17.0,18.36,3958200
MARKSANS,2007-12-13,19.28,19.28,19.1,19.28,57833900
MARKSANS,2007-12-14,20.245,20.245,20.245,20.245,1727700
MARKSANS,2007-12-17,21.26,21.26,20.1,21.18,8768400
MARKSANS,2007-12-18,21.0,22.24,20.5,22.24,9578700
MARKSANS,2007-12-19,23.0,23.335,21.6,23.0,24260700
MARKSANS,2007-12-20,23.18,24.34,22.6,24.34,15273900
MARKSANS,2007-12-24,25.24,25.56,25.2,25.56,4180100
MARKSANS,2007-12-26,26.8,26.84,26.8,26.84,7194400
MARKSANS,2007-12-27,28.185,28.185,28.185,28.185,5163100
MARKSANS,2007-12-28,29.49,29.595,28.45,29.595,29121900
MARKSANS,2007-12-31,31.0,31.075,30.6,31.075,6627700
MARKSANS,2008-01-01,32.5,32.63,32.5,32.63,1032450
MARKSANS,2008-01-02,34.1,34.25,31.45,33.2,2033050
MARKSANS,2008-01-03,34.5,34.5,31.815,32.805,1375100
MARKSANS,2008-01-04,33.155,34.1,32.0,34.1,1561980
MARKSANS,2008-01-07,33.4,34.7,32.305,33.1,1035260
MARKSANS,2008-01-08,33.3,34.8,31.715,33.6,1957180
MARKSANS,2008-01-09,34.5,34.88,32.08,32.08,942860
MARKSANS,2008-01-10,32.9,32.9,30.795,30.795,561360
MARKSANS,2008-01-11,29.255,29.255,29.255,29.255,23810
MARKSANS,2008-01-14,27.795,27.795,27.795,27.795,307570
MARKSANS,2008-01-15,26.825,29.185,26.825,27.395,717050
MARKSANS,2008-01-16,27.1,27.59,25.9,27.485,947700
MARKSANS,2008-01-17,27.9,28.71,27.55,27.815,1332610
MARKSANS,2008-01-18,27.8,27.8,26.705,26.705,220080
MARKSANS,2008-01-21,25.695,25.695,25.375,25.375,36500
MARKSANS,2008-01-22,24.11,24.11,24.11,24.11,5550
MARKSANS,2008-01-23,22.905,24.5,22.905,23.6,616790
MARKSANS,2008-01-24,24.0,24.0,22.315,22.315,300180
MARKSANS,2008-01-25,21.6,23.435,21.2,23.1,1096630
MARKSANS,2008-01-28,22.9,23.37,22.185,22.21,303780
MARKSANS,2008-01-29,22.3,23.885,21.66,23.5,404690
MARKSANS,2008-01-30,22.605,23.9,22.47,22.47,248630
MARKSANS,2008-01-31,21.6,22.48,21.375,21.375,664500
MARKSANS,2008-02-01,20.72,22.53,20.395,22.4,358460
MARKSANS,2008-02-04,22.5,23.405,22.4,23.405,515030
MARKSANS,2008-02-05,24.57,24.575,23.905,24.575,77900
MARKSANS,2008-02-06,23.5,25.805,23.5,25.805,283880
MARKSANS,2008-02-07,26.8,27.075,24.72,25.0,363490
MARKSANS,2008-02-08,24.2,26.0,23.925,25.2,212320
MARKSANS,2008-02-11,24.41,25.09,24.34,24.34,33740
MARKSANS,2008-02-12,23.495,23.495,23.125,23.125,1970
MARKSANS,2008-02-13,21.97,21.97,21.97,21.97,5310
MARKSANS,2008-02-14,21.15,23.07,20.875,22.8,1170690
MARKSANS,2008-02-15,22.0,24.19,21.91,24.1,250390
MARKSANS,2008-02-18,25.3,25.3,23.16,24.54,360300
MARKSANS,2008-02-19,24.5,25.35,23.8,24.7,251270
MARKSANS,2008-02-20,24.01,24.6,23.86,24.3,163180
MARKSANS,2008-02-21,24.2,24.97,22.915,23.825,321950
MARKSANS,2008-02-22,23.995,24.5,23.3,23.42,303450
MARKSANS,2008-02-25,24.0,25.09,22.81,24.9,222030
MARKSANS,2008-02-26,25.6,26.045,25.0,26.045,328490
MARKSANS,2008-02-27,26.205,27.24,26.205,26.4,271220
MARKSANS,2008-02-28,26.85,26.85,26.1,26.3,118360
MARKSANS,2008-02-29,26.2,26.745,25.0,25.19,589390
MARKSANS,2008-03-03,24.12,24.7,24.12,24.12,140320
MARKSANS,2008-03-04,23.51,24.09,22.915,22.915,445430
MARKSANS,2008-03-05,22.375,23.4,21.77,22.49,446130
MARKSANS,2008-03-07,21.185,21.49,21.175,21.175,290880
MARKSANS,2008-03-10,19.205,22.6,19.11,22.0,1132750
MARKSANS,2008-03-11,23.0,24.2,22.2,22.9,746902
MARKSANS,2008-03-12,24.5,24.8,22.4,22.4,358488
MARKSANS,2008-03-13,22.8,22.8,20.65,20.65,92622
MARKSANS,2008-03-14,20.8,22.75,19.55,22.35,780840
MARKSANS,2008-03-17,22.7,22.7,20.45,20.45,126863
MARKSANS,2008-03-18,18.45,20.25,18.4,18.4,735151
MARKSANS,2008-03-19,20.0,20.0,16.6,16.6,527782
MARKSANS,2008-03-24,16.25,17.75,16.2,16.2,329883
MARKSANS,2008-03-25,16.5,16.5,15.4,15.65,2003663
MARKSANS,2008-03-26,15.95,16.15,15.15,15.3,1477559
MARKSANS,2008-03-27,15.0,16.25,15.0,16.25,400042
MARKSANS,2008-03-28,17.1,17.1,17.1,17.1,12387
MARKSANS,2008-03-31,18.0,18.0,18.0,18.0,29228
MARKSANS,2008-04-01,18.9,18.9,17.5,18.9,497103
MARKSANS,2008-04-02,19.85,19.85,18.5,18.5,1126096
MARKSANS,2008-04-03,19.45,19.7,18.5,19.05,523285
MARKSANS,2008-04-04,19.5,19.5,18.35,18.35,489659
MARKSANS,2008-04-07,18.45,19.45,17.8,19.45,447275
MARKSANS,2008-04-08,19.95,20.45,19.85,20.45,2678153
MARKSANS,2008-04-09,20.15,21.45,20.0,21.45,1103928
MARKSANS,2008-04-10,22.0,22.1,21.1,21.3,417538
MARKSANS,2008-04-11,22.0,22.0,21.3,21.4,284366
MARKSANS,2008-04-15,21.45,22.8,20.85,22.0,465403
MARKSANS,2008-04-16,21.95,22.2,21.3,21.3,235638
MARKSANS,2008-04-17,21.95,22.6,21.45,22.15,755140
MARKSANS,2008-04-21,22.3,23.2,22.15,22.75,334037
MARKSANS,2008-04-22,23.0,23.25,22.45,23.0,271277
MARKSANS,2008-04-23,22.9,23.5,22.5,23.0,599642
MARKSANS,2008-04-24,23.35,23.7,22.65,22.65,496816
MARKSANS,2008-04-25,22.8,23.95,22.15,23.35,585688
MARKSANS,2008-04-28,23.8,24.1,23.25,23.5,382831
MARKSANS,2008-04-29,23.35,23.75,23.0,23.2,359916
MARKSANS,2008-04-30,23.5,24.0,22.75,22.75,443999
MARKSANS,2008-05-02,23.3,23.55,22.7,22.7,355681
MARKSANS,2008-05-05,23.45,23.45,22.6,22.65,451403
MARKSANS,2008-05-06,22.6,22.8,22.0,22.35,283687
MARKSANS,2008-05-07,21.9,22.8,21.9,22.3,275053
MARKSANS,2008-05-08,21.5,22.45,21.4,22.05,174901
MARKSANS,2008-05-09,21.85,22.75,19.95,20.05,396646
MARKSANS,2008-05-12,20.05,21.25,19.4,20.65,329581
MARKSANS,2008-05-13,21.25,21.6,20.3,20.3,229689
MARKSANS,2008-05-14,20.3,22.2,20.2,21.65,401956
MARKSANS,2008-05-15,21.95,22.15,21.35,21.4,391768
MARKSANS,2008-05-16,21.8,21.85,20.75,20.8,146569
MARKSANS,2008-05-20,20.7,21.25,19.65,19.9,558036
MARKSANS,2008-05-21,20.0,20.9,19.8,20.0,767463
MARKSANS,2008-05-22,19.9,20.2,19.35,19.35,560450
MARKSANS,2008-05-23,18.7,21.6,18.7,20.95,1410012
MARKSANS,2008-05-26,20.5,21.3,20.0,20.0,339384
MARKSANS,2008-05-27,20.3,20.75,19.4,19.45,616510
MARKSANS,2008-05-28,19.7,21.4,19.1,21.0,1436101
MARKSANS,2008-05-29,21.25,22.0,20.0,20.0,1201694
MARKSANS,2008-05-30,20.55,21.05,19.8,20.2,519852
MARKSANS,2008-06-02,20.5,20.75,18.95,18.95,394354
MARKSANS,2008-06-03,18.75,20.1,18.25,19.05,818819
MARKSANS,2008-06-04,19.4,19.4,17.8,17.8,480901
MARKSANS,2008-06-05,18.0,20.0,17.85,20.0,877402
MARKSANS,2008-06-06,22.0,22.0,20.75,22.0,532116
MARKSANS,2008-06-09,21.7,21.7,19.8,19.8,1281545
MARKSANS,2008-06-10,18.25,20.1,18.1,18.3,871381
MARKSANS,2008-06-11,18.75,20.05,18.6,18.95,1201579
MARKSANS,2008-06-12,19.0,20.0,18.05,19.15,1166424
MARKSANS,2008-06-13,19.45,19.8,19.05,19.1,549099
MARKSANS,2008-06-16,19.5,20.1,19.1,19.2,522729
MARKSANS,2008-06-17,19.4,21.25,19.15,21.1,2488481
MARKSANS,2008-06-18,21.6,22.05,20.2,20.3,1606644
MARKSANS,2008-06-19,20.0,20.45,19.25,19.45,384646
MARKSANS,2008-06-20,19.65,19.65,17.6,17.9,1053838
MARKSANS,2008-06-23,17.5,17.9,16.5,16.65,706300
MARKSANS,2008-06-24,16.5,17.05,15.3,15.95,1004836
MARKSANS,2008-06-25,15.35,16.45,15.2,15.9,733700
MARKSANS,2008-06-26,16.45,17.25,15.9,16.0,1419309
MARKSANS,2008-06-27,15.5,16.45,14.9,15.1,3048383
MARKSANS,2008-06-30,15.15,15.4,13.5,13.5,1745036
MARKSANS,2008-07-01,13.5,13.5,12.15,12.15,564472
MARKSANS,2008-07-02,12.0,12.8,11.55,12.8,1048025
MARKSANS,2008-07-03,12.7,13.4,12.2,13.05,1625586
MARKSANS,2008-07-04,13.0,13.9,13.0,13.65,297189
MARKSANS,2008-07-07,14.35,14.5,14.1,14.5,410091
MARKSANS,2008-07-08,14.5,15.2,13.8,13.8,1687509
MARKSANS,2008-07-09,14.05,14.5,13.15,14.5,3684250
MARKSANS,2008-07-10,14.5,15.2,14.05,15.2,1801444
MARKSANS,2008-07-11,15.25,15.45,15.0,15.1,1969554
MARKSANS,2008-07-14,15.35,15.6,14.7,14.75,1516695
MARKSANS,2008-07-15,14.55,15.05,14.25,14.25,2016845
MARKSANS,2008-07-16,14.25,14.4,13.75,13.75,351441
MARKSANS,2008-07-17,13.75,14.4,13.65,14.25,1346601
MARKSANS,2008-07-18,14.25,15.05,13.75,15.05,3883021
MARKSANS,2008-07-21,15.25,15.25,14.3,14.3,567228
MARKSANS,2008-07-22,14.2,14.7,13.95,14.1,890218
MARKSANS,2008-07-23,14.65,14.75,14.3,14.75,1079222
MARKSANS,2008-07-24,14.75,15.45,14.5,15.45,1458944
MARKSANS,2008-07-25,14.9,16.2,14.9,16.2,1071292
MARKSANS,2008-07-28,16.65,17.05,16.6,17.05,581071
MARKSANS,2008-07-29,17.2,17.9,17.0,17.9,2179900
MARKSANS,2008-07-30,18.4,18.7,18.4,18.7,2576400
MARKSANS,2008-07-31,19.35,19.65,18.05,19.6,3017900
MARKSANS,2008-08-01,19.45,20.35,19.0,19.6,1827700
MARKSANS,2008-08-04,19.95,20.3,19.6,19.75,949700
MARKSANS,2008-08-05,20.0,20.95,19.2,20.95,3493400
MARKSANS,2008-08-06,21.5,21.85,20.7,20.75,4971000
MARKSANS,2008-08-07,20.75,21.05,20.25,20.5,1356700
MARKSANS,2008-08-08,20.5,20.85,19.75,19.9,1105000
MARKSANS,2008-08-11,20.25,20.35,19.2,19.65,1611100
MARKSANS,2008-08-12,20.0,20.05,19.1,19.2,673600
MARKSANS,2008-08-13,19.0,19.4,18.55,18.55,1596900
MARKSANS,2008-08-14,18.9,19.0,17.95,17.95,1315000
MARKSANS,2008-08-18,17.1,18.0,17.1,17.1,1067022
MARKSANS,2008-08-19,16.85,16.9,16.25,16.6,1999526
MARKSANS,2008-08-20,16.45,17.5,16.45,17.5,848284
MARKSANS,2008-08-21,18.4,18.4,18.25,18.4,1226235
MARKSANS,2008-08-22,19.35,19.35,18.55,19.35,3856580
MARKSANS,2008-08-25,20.0,20.35,19.75,20.35,3951295
MARKSANS,2008-08-26,20.45,20.75,19.35,20.1,3238562
MARKSANS,2008-08-27,20.5,20.6,19.1,19.2,1664846
MARKSANS,2008-08-28,19.9,20.35,19.55,20.35,1727133
MARKSANS,2008-08-29,21.0,21.0,19.35,19.35,3100916
MARKSANS,2008-09-01,19.0,19.0,18.4,18.4,1320045
MARKSANS,2008-09-02,18.3,19.35,17.75,19.35,3239520
MARKSANS,2008-09-04,19.5,19.5,18.2,18.55,1339546
MARKSANS,2008-09-05,17.7,18.6,17.7,17.8,992046
MARKSANS,2008-09-08,18.6,19.0,18.1,18.5,779598
MARKSANS,2008-09-09,17.8,18.8,17.8,18.2,573328
MARKSANS,2008-09-10,18.2,18.7,17.7,17.7,643171
MARKSANS,2008-09-11,17.8,17.95,17.0,17.25,563933
MARKSANS,2008-09-12,17.6,17.75,16.2,16.45,708243
MARKSANS,2008-09-15,16.5,16.5,15.05,15.2,1235216
MARKSANS,2008-09-16,13.75,15.85,13.7,15.4,1326188
MARKSANS,2008-09-17,15.8,15.8,14.5,14.5,735956
MARKSANS,2008-09-18,13.5,14.65,13.45,14.3,1524268
MARKSANS,2008-09-19,15.4,15.8,14.2,15.45,1842726
MARKSANS,2008-09-22,15.7,15.7,14.5,14.5,721619
MARKSANS,2008-09-23,14.4,14.45,13.75,13.85,795221
MARKSANS,2008-09-24,14.05,14.25,13.5,13.85,601026
MARKSANS,2008-09-25,13.85,13.95,13.45,13.5,357320
MARKSANS,2008-09-26,14.3,14.7,12.25,12.25,920937
MARKSANS,2008-09-29,12.0,13.5,11.05,11.05,976613
MARKSANS,2008-09-30,10.5,11.6,10.5,11.6,1413639
MARKSANS,2008-10-01,11.75,12.2,11.05,11.7,1607812
MARKSANS,2008-10-03,11.5,11.9,11.25,11.25,576855
MARKSANS,2008-10-06,10.7,10.7,10.7,10.7,102590
MARKSANS,2008-10-07,10.2,10.45,10.2,10.2,730953
MARKSANS,2008-10-08,9.7,9.7,9.7,9.7,54387
MARKSANS,2008-10-10,9.25,9.25,9.25,9.25,136785
MARKSANS,2008-10-13,8.8,8.8,8.8,8.8,140453
MARKSANS,2008-10-14,8.8,8.95,8.4,8.4,2946422
MARKSANS,2008-10-15,8.05,8.05,8.05,8.05,393212
MARKSANS,2008-10-16,7.65,7.65,7.65,7.65,32463
MARKSANS,2008-10-17,7.3,7.65,7.3,7.3,971821
MARKSANS,2008-10-20,6.95,7.7,6.95,7.7,1352679
MARKSANS,2008-10-21,7.95,8.0,7.6,8.0,1688960
MARKSANS,2008-10-22,8.0,8.0,7.55,7.7,357066
MARKSANS,2008-10-23,7.35,7.35,7.25,7.25,152584
MARKSANS,2008-10-24,6.9,6.9,6.9,6.9,54316
MARKSANS,2008-10-27,6.55,6.55,6.55,6.55,19031
MARKSANS,2008-10-29,5.95,5.95,5.95,5.95,105443
MARKSANS,2008-10-31,5.65,6.25,5.65,5.65,1882181
MARKSANS,2008-11-03,5.9,5.95,5.8,5.95,1144764
MARKSANS,2008-11-04,6.2,6.25,6.1,6.25,231741
MARKSANS,2008-11-05,6.6,6.6,6.4,6.6,938881
MARKSANS,2008-11-06,6.55,6.9,6.25,6.9,1096103
MARKSANS,2008-11-07,7.15,7.2,6.9,7.2,374117
MARKSANS,2008-11-10,7.6,7.6,7.5,7.6,300589
MARKSANS,2008-11-11,8.0,8.0,7.25,7.25,1273460
MARKSANS,2008-11-12,7.0,7.3,6.9,6.9,382587
MARKSANS,2008-11-14,6.8,6.9,6.55,6.55,1816920
MARKSANS,2008-11-17,6.25,6.25,6.25,6.25,78427
MARKSANS,2008-11-18,6.25,6.25,5.95,5.95,328244
MARKSANS,2008-11-19,5.8,6.0,5.65,5.7,611406
MARKSANS,2008-11-20,5.65,5.65,5.4,5.4,235079
MARKSANS,2008-11-21,5.4,5.7,5.15,5.7,854973
MARKSANS,2008-11-24,5.7,6.0,5.45,5.45,503625
MARKSANS,2008-11-25,5.7,5.8,5.3,5.4,239666
MARKSANS,2008-11-26,5.45,5.65,5.1,5.65,737364
MARKSANS,2008-11-27,5.65,5.65,5.65,5.65,0
MARKSANS,2008-11-28,5.65,5.8,5.35,5.45,257620
MARKSANS,2008-12-01,5.6,5.7,5.45,5.7,548011
MARKSANS,2008-12-02,5.7,6.0,5.45,5.7,475756
MARKSANS,2008-12-03,5.95,6.0,5.6,5.65,205962
MARKSANS,2008-12-04,5.65,5.85,5.5,5.75,357721
MARKSANS,2008-12-05,5.9,5.9,5.5,5.5,405721
MARKSANS,2008-12-08,5.8,5.8,5.3,5.35,385333
MARKSANS,2008-12-10,5.35,5.65,5.3,5.65,2160003
MARKSANS,2008-12-11,5.7,5.95,5.6,5.95,1725551
MARKSANS,2008-12-12,5.9,6.25,5.7,6.25,1532657
MARKSANS,2008-12-15,6.6,6.6,6.6,6.6,60449
MARKSANS,2008-12-16,6.95,6.95,6.95,6.95,60406
MARKSANS,2008-12-17,7.3,7.3,7.3,7.3,217719
MARKSANS,2008-12-18,7.7,7.7,7.4,7.7,5421284
MARKSANS,2008-12-19,8.1,8.1,7.7,8.1,963215
MARKSANS,2008-12-22,8.5,8.55,8.45,8.55,279890
MARKSANS,2008-12-23,8.9,9.0,8.15,8.15,1827625
MARKSANS,2008-12-24,7.75,7.75,7.75,7.75,22687
MARKSANS,2008-12-26,7.4,7.7,7.4,7.4,271718
MARKSANS,2008-12-29,7.05,7.6,7.05,7.45,742283
MARKSANS,2008-12-30,7.75,7.9,7.15,7.3,1790647
MARKSANS,2008-12-31,7.5,7.65,7.15,7.3,647920
MARKSANS,2009-01-02,7.7,8.05,7.45,8.0,1913438
MARKSANS,2009-01-05,8.35,8.4,8.35,8.4,247297
MARKSANS,2009-01-06,8.85,8.85,8.85,8.85,156032
MARKSANS,2009-01-07,9.3,9.3,8.45,8.45,3159243
MARKSANS,2009-01-09,8.05,8.05,8.05,8.05,20816
MARKSANS,2009-01-12,7.65,7.8,7.65,7.65,486695
MARKSANS,2009-01-13,7.3,7.6,7.3,7.3,186273
MARKSANS,2009-01-14,7.0,7.3,6.95,6.95,492215
MARKSANS,2009-01-15,6.6,6.6,6.6,6.6,39645
MARKSANS,2009-01-16,6.3,6.85,6.3,6.5,916499
MARKSANS,2009-01-19,6.75,6.75,6.2,6.35,562268
MARKSANS,2009-01-20,6.1,6.55,6.1,6.45,250113
MARKSANS,2009-01-21,6.45,6.45,6.15,6.15,202491
MARKSANS,2009-01-22,6.2,6.2,5.85,5.9,303197
MARKSANS,2009-01-23,5.8,5.9,5.6,5.7,332461
MARKSANS,2009-01-27,5.8,5.95,5.5,5.55,545355
MARKSANS,2009-01-28,5.7,5.9,5.5,5.9,374628
MARKSANS,2009-01-29,6.2,6.2,5.7,5.85,371568
MARKSANS,2009-01-30,5.75,6.1,5.6,6.1,425601
MARKSANS,2009-02-02,5.8,6.05,5.75,5.75,329326
MARKSANS,2009-02-03,5.9,5.95,5.55,5.55,237098
MARKSANS,2009-02-04,5.8,5.8,5.4,5.55,312770
MARKSANS,2009-02-05,5.6,5.65,5.45,5.6,199717
MARKSANS,2009-02-06,5.65,5.8,5.55,5.75,367911
MARKSANS,2009-02-09,5.75,5.8,5.55,5.55,777698
MARKSANS,2009-02-10,5.65,5.65,5.45,5.5,189288
MARKSANS,2009-02-11,5.55,5.6,5.35,5.6,225077
MARKSANS,2009-02-12,5.45,5.6,5.4,5.5,326757
MARKSANS,2009-02-13,5.5,5.65,5.4,5.4,218867
MARKSANS,2009-02-16,5.45,5.55,5.25,5.3,144451
MARKSANS,2009-02-17,5.2,5.35,5.15,5.2,151765
MARKSANS,2009-02-18,5.1,5.2,5.0,5.05,942873
MARKSANS,2009-02-19,5.15,5.3,5.05,5.3,139051
MARKSANS,2009-02-20,5.2,5.2,4.95,5.0,1219848
MARKSANS,2009-02-24,5.0,5.0,4.75,4.75,295376
MARKSANS,2009-02-25,5.0,5.0,4.6,4.6,335553
MARKSANS,2009-02-26,4.5,4.85,4.5,4.85,1606737
MARKSANS,2009-02-27,5.1,5.1,5.05,5.1,104869
MARKSANS,2009-03-02,5.4,5.4,5.15,5.4,2392242
MARKSANS,2009-03-03,5.6,5.6,5.15,5.35,800828
MARKSANS,2009-03-04,5.45,5.45,5.1,5.1,1938476
MARKSANS,2009-03-05,5.0,5.0,5.0,5.0,184876
MARKSANS,2009-03-06,4.5,4.85,4.4,4.65,1069559
MARKSANS,2009-03-09,4.9,4.9,4.25,4.25,693505
MARKSANS,2009-03-12,4.0,4.0,4.0,4.0,783358
MARKSANS,2009-03-13,4.2,4.2,3.8,4.2,982121
MARKSANS,2009-03-16,4.45,4.45,4.1,4.45,564865
MARKSANS,2009-03-17,4.5,4.5,4.25,4.35,409313
MARKSANS,2009-03-18,4.45,4.55,4.3,4.35,511827
MARKSANS,2009-03-19,4.5,4.5,4.2,4.3,252720
MARKSANS,2009-03-20,4.3,4.35,4.1,4.25,265778
MARKSANS,2009-03-23,4.45,4.55,4.25,4.3,1044545
MARKSANS,2009-03-24,4.4,4.45,4.15,4.25,533195
MARKSANS,2009-03-25,4.3,4.3,4.05,4.1,389383
MARKSANS,2009-03-26,4.05,4.2,4.05,4.15,378382
MARKSANS,2009-03-27,4.15,4.3,3.95,4.05,668226
MARKSANS,2009-03-30,4.0,4.15,4.0,4.1,375348
MARKSANS,2009-03-31,4.0,4.25,4.0,4.1,564924
MARKSANS,2009-04-01,4.15,4.25,4.0,4.15,946560
MARKSANS,2009-04-02,4.2,4.4,4.2,4.4,1141370
MARKSANS,2009-04-06,4.65,4.65,4.5,4.65,952033
MARKSANS,2009-04-08,4.65,4.9,4.55,4.9,1238080
MARKSANS,2009-04-09,5.1,5.1,4.75,4.8,2007210
MARKSANS,2009-04-13,4.7,5.0,4.6,4.85,1741909
MARKSANS,2009-04-15,4.7,5.05,4.7,5.05,2187862
MARKSANS,2009-04-16,5.25,5.25,4.8,4.8,1475132
MARKSANS,2009-04-17,5.0,5.0,4.6,4.6,1532755
MARKSANS,2009-04-20,4.5,4.65,4.4,4.4,1033027
MARKSANS,2009-04-21,4.4,4.5,4.2,4.2,1471959
MARKSANS,2009-04-22,4.4,4.45,4.1,4.2,3091881
MARKSANS,2009-04-23,4.25,4.25,4.1,4.1,704862
MARKSANS,2009-04-24,4.25,4.25,3.95,4.1,3018202
MARKSANS,2009-04-27,4.05,4.1,3.95,4.0,797610
MARKSANS,2009-04-28,4.05,4.15,3.9,4.0,482941
MARKSANS,2009-04-29,3.95,4.1,3.9,4.0,497946
MARKSANS,2009-04-30,4.0,4.0,4.0,4.0,0
MARKSANS,2009-05-04,4.1,4.15,3.95,4.05,1526031
MARKSANS,2009-05-05,4.05,4.05,3.9,3.95,558985
MARKSANS,2009-05-06,3.95,4.1,3.8,3.9,1632008
MARKSANS,2009-05-07,3.9,3.9,3.9,3.9,1664947
MARKSANS,2009-05-08,4.0,4.0,3.8,3.9,1010471
MARKSANS,2009-05-11,3.95,3.95,3.75,3.85,817183
MARKSANS,2009-05-12,3.85,3.85,3.65,3.65,1125237
MARKSANS,2009-05-13,3.8,3.8,3.65,3.65,990045
MARKSANS,2009-05-14,3.7,3.8,3.65,3.75,429047
MARKSANS,2009-05-15,3.7,3.8,3.6,3.6,911732
MARKSANS,2009-05-18,3.9,4.05,3.9,4.05,7250
MARKSANS,2009-05-19,4.1,4.45,3.75,3.95,2155868
MARKSANS,2009-05-20,4.0,4.35,3.95,4.35,2813280
MARKSANS,2009-05-21,4.75,4.8,4.45,4.8,3871300
MARKSANS,2009-05-22,4.9,4.9,4.9,4.9,5768132
MARKSANS,2009-05-25,5.1,5.1,4.9,5.1,3765318
MARKSANS,2009-05-26,5.4,5.4,5.0,5.4,5426707
MARKSANS,2009-05-27,5.5,5.6,5.35,5.6,4929294
MARKSANS,2009-05-28,5.9,5.9,5.35,5.9,5470425
MARKSANS,2009-05-29,6.1,6.15,6.0,6.15,3161395
MARKSANS,2009-06-01,6.5,6.5,6.4,6.5,1407606
MARKSANS,2009-06-02,6.85,6.85,6.2,6.85,6745746
MARKSANS,2009-06-03,7.15,7.2,6.85,7.2,5738560
MARKSANS,2009-06-04,7.5,7.6,7.2,7.6,3658850
MARKSANS,2009-06-05,8.0,8.0,7.7,8.0,4803318
MARKSANS,2009-06-08,7.85,8.2,7.5,7.5,1021515
MARKSANS,2009-06-09,7.15,7.15,7.15,7.15,196616
MARKSANS,2009-06-10,6.8,6.8,6.8,6.8,322061
MARKSANS,2009-06-11,6.5,6.5,6.5,6.5,114854
MARKSANS,2009-06-12,6.2,6.2,6.2,6.2,167152
MARKSANS,2009-06-15,5.9,5.9,5.9,5.9,89213
MARKSANS,2009-06-16,5.6,5.85,5.6,5.65,6003712
MARKSANS,2009-06-17,5.85,6.0,5.55,5.65,3460096
MARKSANS,2009-06-18,5.8,5.8,5.4,5.4,1237577
MARKSANS,2009-06-19,5.45,5.45,5.15,5.2,1093203
MARKSANS,2009-06-22,5.4,5.4,5.0,5.05,1097100
MARKSANS,2009-06-23,5.0,5.3,4.8,5.3,1211923
MARKSANS,2009-06-24,5.55,5.6,5.15,5.25,1845868
MARKSANS,2009-06-25,5.4,5.45,5.1,5.15,1083908
MARKSANS,2009-06-26,5.15,5.35,5.05,5.35,1547515
MARKSANS,2009-06-29,5.55,5.6,5.35,5.5,1468046
MARKSANS,2009-06-30,5.75,5.75,5.3,5.3,1390157
MARKSANS,2009-07-01,5.3,5.3,5.05,5.15,1022371
MARKSANS,2009-07-02,5.15,5.45,5.05,5.25,1033466
MARKSANS,2009-07-03,5.25,5.3,5.05,5.2,550181
MARKSANS,2009-07-06,5.2,5.2,5.2,5.2,1029990
MARKSANS,2009-07-07,5.25,5.25,4.7,5.1,1250785
MARKSANS,2009-07-08,5.0,5.0,4.55,4.55,1287570
MARKSANS,2009-07-09,4.6,4.75,4.5,4.65,632104
MARKSANS,2009-07-10,4.7,4.9,4.4,4.55,859031
MARKSANS,2009-07-13,4.55,4.55,4.2,4.3,826819
MARKSANS,2009-07-14,4.45,4.6,4.3,4.6,748238
MARKSANS,2009-07-15,4.6,4.95,4.45,4.8,1430123
MARKSANS,2009-07-16,5.1,5.1,4.7,4.9,1008683
MARKSANS,2009-07-17,4.9,5.05,4.8,4.85,827501
MARKSANS,2009-07-20,4.85,5.0,4.7,5.0,985645
MARKSANS,2009-07-21,4.7,5.4,4.7,5.15,2514643
MARKSANS,2009-07-22,5.5,5.5,5.0,5.15,1672927
MARKSANS,2009-07-23,5.2,5.3,5.05,5.15,1353225
MARKSANS,2009-07-24,5.3,5.6,5.1,5.4,2142912
MARKSANS,2009-07-27,5.4,5.5,5.2,5.3,1088740
MARKSANS,2009-07-28,5.35,5.4,5.15,5.3,811098
MARKSANS,2009-07-29,5.2,5.35,5.0,5.1,796932
MARKSANS,2009-07-30,5.05,5.25,5.0,5.0,1154071
MARKSANS,2009-07-31,5.1,5.2,4.95,4.95,1293180
MARKSANS,2009-08-03,5.0,5.15,4.95,5.1,588266
MARKSANS,2009-08-04,5.1,5.3,5.0,5.0,1171334
MARKSANS,2009-08-05,5.05,5.2,5.0,5.05,869367
MARKSANS,2009-08-06,5.05,5.65,5.05,5.65,4519326
MARKSANS,2009-08-07,5.65,5.8,5.2,5.25,3097532
MARKSANS,2009-08-10,5.6,5.6,5.1,5.15,1332970
MARKSANS,2009-08-11,5.25,5.35,5.1,5.15,917909
MARKSANS,2009-08-12,5.15,5.35,5.05,5.1,1349992
MARKSANS,2009-08-13,5.25,5.4,5.15,5.35,1093390
MARKSANS,2009-08-14,5.4,5.4,5.15,5.2,600427
MARKSANS,2009-08-17,5.2,5.2,4.95,4.95,901649
MARKSANS,2009-08-18,4.95,4.95,4.95,4.95,0
MARKSANS,2009-08-19,4.95,4.95,4.95,4.95,0
MARKSANS,2009-08-20,4.95,4.95,4.95,4.95,0
MARKSANS,2009-08-21,4.95,4.95,4.95,4.95,0
MARKSANS,2009-08-24,5.1,5.2,5.0,5.1,696792
MARKSANS,2009-08-25,5.1,5.6,4.9,5.45,1793805
MARKSANS,2009-08-26,5.5,5.95,5.4,5.95,2533351
MARKSANS,2009-08-27,5.9,6.5,5.9,6.15,4694573
MARKSANS,2009-08-28,6.2,6.35,5.85,6.0,2034603
MARKSANS,2009-08-31,5.9,6.6,5.85,6.6,7462224
MARKSANS,2009-09-01,6.95,6.95,6.3,6.3,3243008
MARKSANS,2009-09-02,6.3,6.5,6.05,6.1,1584523
MARKSANS,2009-09-03,6.2,6.25,5.85,6.0,1390535
MARKSANS,2009-09-04,6.1,6.15,5.85,5.95,1591203
MARKSANS,2009-09-07,6.0,6.25,6.0,6.25,1292808
MARKSANS,2009-09-08,6.6,6.6,6.1,6.2,1737923
MARKSANS,2009-09-09,6.15,6.2,5.9,6.05,1027386
MARKSANS,2009-09-10,6.3,6.3,5.85,5.9,1188743
MARKSANS,2009-09-11,6.0,6.15,5.65,5.9,1489683
MARKSANS,2009-09-14,5.8,5.9,5.7,5.75,709329
MARKSANS,2009-09-15,5.85,5.95,5.75,5.8,546809
MARKSANS,2009-09-16,6.05,6.05,5.7,5.8,988511
MARKSANS,2009-09-17,5.9,5.95,5.7,5.7,874870
MARKSANS,2009-09-18,5.8,5.8,5.65,5.75,722705
MARKSANS,2009-09-22,5.75,5.85,5.65,5.65,1042958
MARKSANS,2009-09-23,5.7,5.75,5.5,5.55,840786
MARKSANS,2009-09-24,5.6,5.6,5.4,5.5,948823
MARKSANS,2009-09-25,5.3,5.85,5.3,5.85,1854518
MARKSANS,2009-09-29,6.0,6.1,5.95,6.1,1139713
MARKSANS,2009-09-30,6.25,6.45,6.1,6.35,2682989
MARKSANS,2009-10-01,6.35,6.35,6.0,6.05,1143115
MARKSANS,2009-10-05,6.0,6.05,5.75,5.8,1172518
MARKSANS,2009-10-06,5.75,5.85,5.55,5.75,853592
MARKSANS,2009-10-07,5.85,5.9,5.65,5.65,716076
MARKSANS,2009-10-08,5.65,5.7,5.6,5.6,448014
MARKSANS,2009-10-09,5.6,5.8,5.5,5.5,745360
MARKSANS,2009-10-12,5.55,5.7,5.55,5.6,432794
MARKSANS,2009-10-13,5.6,5.6,5.6,5.6,0
MARKSANS,2009-10-14,5.75,5.8,5.55,5.55,619783
MARKSANS,2009-10-15,5.65,5.65,5.5,5.6,540186
MARKSANS,2009-10-16,5.6,5.7,5.5,5.5,524169
MARKSANS,2009-10-20,5.6,5.65,5.5,5.55,451403
MARKSANS,2009-10-21,5.5,5.6,5.35,5.4,783286
MARKSANS,2009-10-22,5.3,5.6,5.3,5.3,709205
MARKSANS,2009-10-23,5.35,5.6,5.35,5.6,950388
MARKSANS,2009-10-26,5.7,5.7,5.35,5.35,691237
MARKSANS,2009-10-27,5.35,5.35,5.1,5.1,628261
MARKSANS,2009-10-28,5.1,5.15,4.85,5.0,826534
MARKSANS,2009-10-29,5.0,5.0,4.75,4.9,530472
MARKSANS,2009-10-30,5.0,5.1,4.8,4.9,738506
MARKSANS,2009-11-03,4.9,4.95,4.65,4.65,947251
MARKSANS,2009-11-04,4.75,4.8,4.6,4.6,676346
MARKSANS,2009-11-05,4.7,4.85,4.6,4.8,486363
MARKSANS,2009-11-06,4.8,5.0,4.8,4.9,487356
MARKSANS,2009-11-09,4.9,5.25,4.9,5.15,606241
MARKSANS,2009-11-10,5.2,5.4,5.0,5.05,642467
MARKSANS,2009-11-11,5.15,5.15,4.95,5.1,371137
MARKSANS,2009-11-12,5.15,5.15,5.0,5.0,290511
MARKSANS,2009-11-13,4.95,5.1,4.95,5.0,353412
MARKSANS,2009-11-16,5.0,5.1,5.0,5.1,428454
MARKSANS,2009-11-17,5.1,5.2,5.0,5.05,519266
MARKSANS,2009-11-18,5.0,5.3,5.0,5.0,775853
MARKSANS,2009-11-19,5.05,5.1,4.95,5.0,340349
MARKSANS,2009-11-20,5.0,5.0,4.9,4.95,302104
MARKSANS,2009-11-23,5.0,5.0,4.9,4.9,203473
MARKSANS,2009-11-24,5.0,5.2,4.95,5.0,595601
MARKSANS,2009-11-25,5.0,5.05,4.9,4.9,435126
MARKSANS,2009-11-26,4.9,4.95,4.85,4.85,243472
MARKSANS,2009-11-27,4.8,4.85,4.55,4.7,814295
MARKSANS,2009-11-30,4.9,4.9,4.75,4.75,208935
MARKSANS,2009-12-01,4.85,4.95,4.8,4.9,313094
MARKSANS,2009-12-02,4.95,5.15,4.85,4.9,964706
MARKSANS,2009-12-03,5.05,5.1,4.9,5.0,517417
MARKSANS,2009-12-04,5.05,5.15,5.0,5.05,612264
MARKSANS,2009-12-07,5.2,5.25,5.05,5.1,869683
MARKSANS,2009-12-08,5.1,5.15,5.0,5.05,741396
MARKSANS,2009-12-09,5.1,5.2,5.0,5.1,461960
MARKSANS,2009-12-10,5.1,5.65,5.0,5.65,3196358
MARKSANS,2009-12-11,5.95,5.95,5.35,5.4,1768187
MARKSANS,2009-12-14,5.5,5.55,5.15,5.15,511215
MARKSANS,2009-12-15,5.2,5.5,5.0,5.2,1754136
MARKSANS,2009-12-16,5.15,5.25,5.1,5.1,492016
MARKSANS,2009-12-17,5.1,5.35,5.1,5.2,803418
MARKSANS,2009-12-18,5.35,5.4,5.1,5.15,693433
MARKSANS,2009-12-21,5.2,5.3,5.0,5.0,540858
MARKSANS,2009-12-22,5.0,5.25,5.0,5.1,655449
MARKSANS,2009-12-23,5.05,5.3,5.05,5.2,618545
MARKSANS,2009-12-24,5.2,5.35,5.15,5.15,440919
MARKSANS,2009-12-29,5.2,5.3,5.2,5.3,591872
MARKSANS,2009-12-30,5.55,5.85,5.55,5.85,4471248
MARKSANS,2009-12-31,6.2,6.35,5.7,5.7,3529377
MARKSANS,2010-01-04,6.0,6.0,5.5,5.6,2052571
MARKSANS,2010-01-05,5.9,5.9,5.55,5.65,991382
MARKSANS,2010-01-06,5.75,5.75,5.4,5.45,2058390
MARKSANS,2010-01-07,5.35,5.9,5.3,5.5,2257527
MARKSANS,2010-01-08,5.7,5.7,5.45,5.45,2525660
MARKSANS,2010-01-11,5.55,5.65,5.45,5.6,2848313
MARKSANS,2010-01-12,5.7,6.35,5.65,5.8,7550112
MARKSANS,2010-01-13,6.0,6.3,5.6,6.1,6299617
MARKSANS,2010-01-14,6.25,6.65,6.15,6.45,6890106
MARKSANS,2010-01-15,6.55,6.6,5.95,6.05,3599111
MARKSANS,2010-01-18,6.1,6.25,5.95,6.0,1583560
MARKSANS,2010-01-19,5.9,6.1,5.85,5.95,1598026
MARKSANS,2010-01-20,5.95,5.95,5.95,5.95,0
MARKSANS,2010-01-21,5.95,5.95,5.95,5.95,0
MARKSANS,2010-01-22,5.95,5.95,5.95,5.95,0
MARKSANS,2010-01-25,5.95,5.95,5.95,5.95,0
MARKSANS,2010-01-27,5.95,5.95,5.95,5.95,0
MARKSANS,2010-01-28,5.95,5.95,5.95,5.95,0
MARKSANS,2010-01-29,5.95,5.95,5.95,5.95,0
MARKSANS,2010-02-01,5.95,5.95,5.95,5.95,0
MARKSANS,2010-02-02,5.95,5.95,5.95,5.95,0
MARKSANS,2010-02-03,5.95,5.95,5.95,5.95,0
MARKSANS,2010-02-04,5.95,5.95,5.95,5.95,0
MARKSANS,2010-02-05,5.05,5.25,5.05,5.2,1022297
MARKSANS,2010-02-08,5.2,5.35,5.15,5.2,758653
MARKSANS,2010-02-09,5.15,5.35,5.05,5.1,1294960
MARKSANS,2010-02-10,5.45,5.45,5.1,5.15,407611
MARKSANS,2010-02-11,5.2,5.35,5.05,5.1,1234685
MARKSANS,2010-02-15,5.2,5.2,5.05,5.1,476927
MARKSANS,2010-02-16,5.1,5.15,5.05,5.1,372814
MARKSANS,2010-02-17,5.15,5.4,5.1,5.15,738828
MARKSANS,2010-02-18,5.1,5.25,5.1,5.1,551767
MARKSANS,2010-02-19,5.1,5.1,5.0,5.05,405914
MARKSANS,2010-02-22,5.15,5.15,4.95,4.95,532999
MARKSANS,2010-02-23,4.9,4.95,4.8,4.85,607057
MARKSANS,2010-02-24,4.85,4.9,4.75,4.85,325094
MARKSANS,2010-02-25,4.85,4.95,4.8,4.8,311400
MARKSANS,2010-02-26,4.95,5.05,4.75,4.9,633204
MARKSANS,2010-03-02,4.95,5.05,4.9,5.0,523850
MARKSANS,2010-03-03,5.1,5.15,5.0,5.05,394206
MARKSANS,2010-03-04,5.05,5.15,4.95,5.05,532431
MARKSANS,2010-03-05,5.0,5.2,5.0,5.05,1001248
MARKSANS,2010-03-08,5.05,5.45,5.05,5.3,1420166
MARKSANS,2010-03-09,5.25,5.3,5.05,5.05,497320
MARKSANS,2010-03-10,5.05,5.15,5.05,5.05,289124
MARKSANS,2010-03-11,5.05,5.1,5.0,5.0,602245
MARKSANS,2010-03-12,5.05,5.2,4.95,5.0,710715
MARKSANS,2010-03-15,5.0,5.1,4.9,4.95,425783
MARKSANS,2010-03-16,4.9,5.0,4.8,4.9,608895
MARKSANS,2010-03-17,4.95,5.0,4.8,4.85,492433
MARKSANS,2010-03-18,4.9,4.95,4.75,4.8,675456
MARKSANS,2010-03-19,4.85,5.0,4.8,4.9,542357
MARKSANS,2010-03-22,5.0,5.0,4.8,4.85,373478
MARKSANS,2010-03-23,4.9,4.95,4.8,4.85,562323
MARKSANS,2010-03-25,4.8,5.45,4.8,5.1,2564551
MARKSANS,2010-03-26,5.05,5.3,4.9,4.9,953441
MARKSANS,2010-03-29,5.0,5.1,4.75,4.85,876131
MARKSANS,2010-03-30,4.9,5.15,4.85,4.9,715689
MARKSANS,2010-03-31,4.85,5.1,4.85,4.9,510356
MARKSANS,2010-04-01,4.9,5.15,4.9,5.1,784659
MARKSANS,2010-04-05,5.1,5.6,5.1,5.35,2350312
MARKSANS,2010-04-06,5.4,5.5,5.25,5.3,786122
MARKSANS,2010-04-07,5.25,5.7,5.25,5.6,2112682
MARKSANS,2010-04-08,5.65,5.7,5.3,5.35,642153
MARKSANS,2010-04-09,5.45,5.55,5.35,5.4,629072
MARKSANS,2010-04-12,5.6,5.6,5.3,5.35,449398
MARKSANS,2010-04-13,5.3,5.4,5.25,5.3,258537
MARKSANS,2010-04-15,5.2,5.35,5.1,5.2,521388
MARKSANS,2010-04-16,5.25,5.25,5.05,5.1,583940
MARKSANS,2010-04-19,5.0,5.15,4.95,4.95,535959
MARKSANS,2010-04-20,4.95,5.2,4.95,5.1,640362
MARKSANS,2010-04-21,5.2,5.25,5.1,5.1,466363
MARKSANS,2010-04-22,5.1,5.15,5.05,5.1,321849
MARKSANS,2010-04-23,5.15,5.15,5.0,5.1,358069
MARKSANS,2010-04-26,5.2,5.2,5.05,5.15,744627
MARKSANS,2010-04-27,5.15,5.15,5.0,5.05,215346
MARKSANS,2010-04-28,5.05,5.05,4.9,4.95,441623
MARKSANS,2010-04-29,5.05,5.1,4.95,5.0,233550
MARKSANS,2010-04-30,5.0,5.1,4.9,4.95,410026
MARKSANS,2010-05-03,5.0,5.05,4.9,4.95,549759
MARKSANS,2010-05-04,5.0,5.0,4.8,4.85,395807
MARKSANS,2010-05-05,4.65,4.85,4.4,4.85,636841
MARKSANS,2010-05-06,4.8,4.85,4.65,4.7,714895
MARKSANS,2010-05-07,4.7,4.85,4.5,4.6,935886
MARKSANS,2010-05-10,4.7,4.9,4.7,4.8,402507
MARKSANS,2010-05-11,4.85,4.85,4.6,4.6,302642
MARKSANS,2010-05-12,4.7,4.75,4.55,4.65,305673
MARKSANS,2010-05-13,4.65,4.8,4.6,4.7,546428
MARKSANS,2010-05-14,4.7,4.7,4.5,4.55,891848
MARKSANS,2010-05-17,4.6,4.6,4.35,4.45,495004
MARKSANS,2010-05-18,4.5,4.6,4.4,4.45,213066
MARKSANS,2010-05-19,4.45,4.45,4.2,4.25,746890
MARKSANS,2010-05-20,4.3,4.4,3.95,4.1,514931
MARKSANS,2010-05-21,4.0,4.3,3.9,4.25,544718
MARKSANS,2010-05-24,4.65,4.65,4.25,4.3,340591
MARKSANS,2010-05-25,4.2,4.25,4.0,4.05,633459
MARKSANS,2010-05-26,4.05,4.2,4.05,4.1,289518
MARKSANS,2010-05-27,4.15,4.25,4.05,4.1,335437
MARKSANS,2010-05-28,4.4,4.45,4.1,4.35,511897
MARKSANS,2010-05-31,4.35,4.4,4.15,4.25,327225
MARKSANS,2010-06-01,4.25,4.35,4.15,4.2,317245
MARKSANS,2010-06-02,4.2,4.3,4.15,4.2,226985
MARKSANS,2010-06-03,4.25,4.4,4.2,4.2,242257
MARKSANS,2010-06-04,4.3,4.3,4.15,4.2,171067
MARKSANS,2010-06-07,4.15,4.15,4.0,4.1,119271
MARKSANS,2010-06-08,4.1,4.25,4.1,4.1,193209
MARKSANS,2010-06-09,4.2,4.2,4.1,4.1,301849
MARKSANS,2010-06-10,4.0,4.15,4.0,4.1,192172
MARKSANS,2010-06-11,4.15,4.2,4.0,4.15,595061
MARKSANS,2010-06-14,4.15,4.35,4.15,4.25,581409
MARKSANS,2010-06-15,4.2,4.35,4.15,4.2,341407
MARKSANS,2010-06-16,4.6,4.6,4.15,4.25,264188
MARKSANS,2010-06-17,4.25,4.3,4.2,4.2,116438
MARKSANS,2010-06-18,4.25,4.25,4.1,4.1,248809
MARKSANS,2010-06-21,4.25,4.25,4.1,4.15,295363
MARKSANS,2010-06-22,4.25,4.25,4.1,4.15,205853
MARKSANS,2010-06-23,4.1,4.3,4.1,4.2,253420
MARKSANS,2010-06-24,4.25,4.3,4.15,4.25,282686
MARKSANS,2010-06-25,4.4,4.4,4.15,4.2,253128
MARKSANS,2010-06-28,4.3,4.7,4.2,4.55,1186260
MARKSANS,2010-06-29,4.9,4.9,4.35,4.4,399241
MARKSANS,2010-06-30,4.25,4.6,4.25,4.45,528674
MARKSANS,2010-07-01,4.55,4.55,4.4,4.45,263914
MARKSANS,2010-07-02,4.55,4.55,4.35,4.35,171859
MARKSANS,2010-07-05,4.45,4.45,4.2,4.3,229154
MARKSANS,2010-07-06,4.25,4.45,4.25,4.4,324183
MARKSANS,2010-07-07,4.3,4.4,4.2,4.25,171753
MARKSANS,2010-07-08,4.35,4.4,4.25,4.35,326730
MARKSANS,2010-07-09,4.35,4.35,4.2,4.25,346496
MARKSANS,2010-07-12,4.2,4.3,4.2,4.25,193117
MARKSANS,2010-07-13,4.2,4.3,4.2,4.3,135326
MARKSANS,2010-07-14,4.4,4.55,4.25,4.3,681047
MARKSANS,2010-07-15,4.25,4.35,4.25,4.3,329555
MARKSANS,2010-07-16,4.25,4.35,4.25,4.25,171848
MARKSANS,2010-07-19,4.25,4.3,4.15,4.15,225626
MARKSANS,2010-07-20,4.25,4.25,4.15,4.15,133640
MARKSANS,2010-07-21,4.2,4.2,4.15,4.15,181041
MARKSANS,2010-07-22,4.15,4.25,4.15,4.15,152099
MARKSANS,2010-07-23,4.15,4.3,4.05,4.1,636388
MARKSANS,2010-07-26,4.1,4.15,4.0,4.0,693800
MARKSANS,2010-07-27,4.1,4.1,4.0,4.05,310155
MARKSANS,2010-07-28,4.1,4.15,4.0,4.0,288867
MARKSANS,2010-07-29,4.0,4.55,4.0,4.25,1731153
MARKSANS,2010-07-30,4.35,4.35,4.1,4.1,415650
MARKSANS,2010-08-02,4.2,4.3,4.1,4.15,652538
MARKSANS,2010-08-03,4.2,4.25,4.1,4.1,241244
MARKSANS,2010-08-04,4.1,4.15,4.05,4.1,192753
MARKSANS,2010-08-05,4.1,4.2,4.05,4.1,445793
MARKSANS,2010-08-06,4.1,4.2,4.05,4.1,231718
MARKSANS,2010-08-09,4.1,4.15,4.05,4.1,303312
MARKSANS,2010-08-10,4.1,4.15,4.05,4.1,305504
MARKSANS,2010-08-11,4.1,4.25,4.05,4.15,944252
MARKSANS,2010-08-12,4.1,4.25,4.05,4.1,411446
MARKSANS,2010-08-13,4.05,4.15,4.05,4.05,241840
MARKSANS,2010-08-16,4.05,4.15,4.0,4.0,408831
MARKSANS,2010-08-17,4.05,4.1,4.0,4.0,331792
MARKSANS,2010-08-18,4.05,4.1,4.0,4.0,203094
MARKSANS,2010-08-19,4.05,4.2,3.95,4.05,852988
MARKSANS,2010-08-20,4.05,4.15,3.95,4.05,592210
MARKSANS,2010-08-23,3.75,4.1,3.75,4.05,259404
MARKSANS,2010-08-24,4.1,4.1,4.0,4.05,1224698
MARKSANS,2010-08-25,4.05,4.15,4.0,4.0,530731
MARKSANS,2010-08-26,4.05,4.1,3.95,4.0,314386
MARKSANS,2010-08-27,4.0,4.05,3.9,3.95,403567
MARKSANS,2010-08-30,4.0,4.05,3.9,3.9,423714
MARKSANS,2010-08-31,3.9,3.95,3.85,3.9,552229
MARKSANS,2010-09-01,3.9,3.95,3.85,3.85,202956
MARKSANS,2010-09-02,3.9,4.0,3.9,3.9,273977
MARKSANS,2010-09-03,3.95,4.0,3.85,3.9,476924
MARKSANS,2010-09-06,4.0,4.2,3.9,4.1,917680
MARKSANS,2010-09-07,4.1,4.15,4.0,4.0,253080
MARKSANS,2010-09-08,4.0,4.05,3.95,3.95,393821
MARKSANS,2010-09-09,4.0,4.05,3.95,4.0,313646
MARKSANS,2010-09-13,4.0,4.05,3.95,3.95,210423
MARKSANS,2010-09-14,3.95,4.05,3.9,3.95,431536
MARKSANS,2010-09-15,4.0,4.0,3.9,3.95,241985
MARKSANS,2010-09-16,3.95,4.0,3.9,3.95,149132
MARKSANS,2010-09-17,3.95,4.25,3.95,4.1,1459758
MARKSANS,2010-09-20,4.15,4.2,4.0,4.05,415809
MARKSANS,2010-09-21,4.05,4.25,4.0,4.05,847194
MARKSANS,2010-09-22,4.1,4.15,4.0,4.05,423361
MARKSANS,2010-09-23,4.05,4.1,4.0,4.0,212252
MARKSANS,2010-09-24,4.05,4.1,3.95,4.05,356360
MARKSANS,2010-09-27,4.1,4.15,4.0,4.0,295854
MARKSANS,2010-09-28,4.05,4.1,3.95,4.0,256267
MARKSANS,2010-09-29,4.0,4.05,3.9,4.0,691136
MARKSANS,2010-09-30,4.05,4.05,3.9,3.9,242669
MARKSANS,2010-10-01,3.9,4.0,3.9,3.95,485997
MARKSANS,2010-10-04,4.0,4.1,3.9,4.0,531962
MARKSANS,2010-10-05,3.95,4.05,3.9,4.0,332653
MARKSANS,2010-10-06,4.0,4.05,3.9,3.95,678706
MARKSANS,2010-10-07,4.0,4.15,3.95,4.0,540798
MARKSANS,2010-10-08,4.05,4.05,3.95,4.0,241649
MARKSANS,2010-10-11,4.05,4.05,3.9,3.95,331324
MARKSANS,2010-10-12,3.95,4.0,3.9,3.95,201254
MARKSANS,2010-10-13,3.95,4.2,3.9,4.1,1463547
MARKSANS,2010-10-14,4.0,4.2,3.95,3.95,280055
MARKSANS,2010-10-15,4.0,4.1,3.9,3.95,472838
MARKSANS,2010-10-18,4.0,4.0,3.9,3.95,262962
MARKSANS,2010-10-19,3.95,3.95,3.85,3.9,300163
MARKSANS,2010-10-20,3.9,3.95,3.85,3.85,149998
MARKSANS,2010-10-21,3.9,3.95,3.85,3.85,118631
MARKSANS,2010-10-22,3.85,3.95,3.85,3.85,320210
MARKSANS,2010-10-25,3.9,4.3,3.85,4.05,1631500
MARKSANS,2010-10-26,4.0,4.1,3.95,3.95,253354
MARKSANS,2010-10-27,4.0,4.0,3.9,3.95,151327
MARKSANS,2010-10-28,4.0,4.05,3.9,3.95,337013
MARKSANS,2010-10-29,3.95,3.95,3.8,3.85,216680
MARKSANS,2010-11-01,3.85,3.95,3.85,3.85,156935
MARKSANS,2010-11-02,3.9,3.9,3.8,3.8,293732
MARKSANS,2010-11-03,3.85,3.9,3.8,3.85,306718
MARKSANS,2010-11-04,3.85,3.9,3.8,3.8,321878
MARKSANS,2010-11-08,3.95,4.05,3.85,4.0,411067
MARKSANS,2010-11-09,3.95,4.05,3.9,3.95,365719
MARKSANS,2010-11-10,4.05,4.05,3.9,3.95,372507
MARKSANS,2010-11-11,3.95,4.35,3.95,4.3,1821161
MARKSANS,2010-11-12,4.35,5.2,4.15,5.2,11767765
MARKSANS,2010-11-15,6.2,6.2,4.45,4.7,4351592
MARKSANS,2010-11-16,4.8,4.8,4.05,4.1,3691591
MARKSANS,2010-11-18,4.2,4.2,3.95,4.0,935549
MARKSANS,2010-11-19,4.05,4.05,3.9,3.9,831711
MARKSANS,2010-11-22,3.95,4.15,3.95,4.0,465565
MARKSANS,2010-11-23,3.95,4.0,3.8,3.9,764584
MARKSANS,2010-11-24,4.0,4.25,3.9,4.0,687596
MARKSANS,2010-11-25,4.0,4.25,3.85,3.9,634165
MARKSANS,2010-11-26,4.0,4.0,3.3,3.7,984715
MARKSANS,2010-11-29,3.65,3.75,3.6,3.7,354555
MARKSANS,2010-11-30,3.7,3.9,3.65,3.85,367227
MARKSANS,2010-12-01,3.9,4.05,3.85,3.9,682750
MARKSANS,2010-12-02,4.0,4.0,3.8,3.8,647579
MARKSANS,2010-12-03,3.9,3.9,3.5,3.7,1245062
MARKSANS,2010-12-06,3.85,3.85,3.6,3.65,436971
MARKSANS,2010-12-07,3.65,3.7,3.6,3.65,229774
MARKSANS,2010-12-08,3.6,3.7,3.05,3.4,1217299
MARKSANS,2010-12-09,3.45,3.45,3.15,3.35,796188
MARKSANS,2010-12-10,3.4,3.6,3.1,3.45,470141
MARKSANS,2010-12-13,3.35,3.55,3.35,3.5,248891
MARKSANS,2010-12-14,3.4,3.6,3.4,3.6,200920
MARKSANS,2010-12-15,3.55,3.55,3.45,3.5,215650
MARKSANS,2010-12-16,3.4,3.55,3.35,3.5,118975
MARKSANS,2010-12-20,3.4,3.5,3.4,3.45,147164
MARKSANS,2010-12-21,3.4,3.55,3.4,3.5,121181
MARKSANS,2010-12-22,3.4,3.55,3.4,3.4,168938
MARKSANS,2010-12-23,3.4,3.45,3.35,3.4,171443
MARKSANS,2010-12-24,3.4,3.45,3.3,3.4,119816
MARKSANS,2010-12-27,3.4,3.45,3.35,3.4,85444
MARKSANS,2010-12-28,3.4,3.5,3.25,3.35,560495
MARKSANS,2010-12-29,3.4,3.5,3.3,3.35,338777
MARKSANS,2010-12-30,3.3,3.85,3.3,3.55,1307812
MARKSANS,2010-12-31,3.6,3.95,3.6,3.7,541901
MARKSANS,2011-01-03,3.75,3.8,3.65,3.7,218946
MARKSANS,2011-01-04,3.7,3.8,3.6,3.65,188924
MARKSANS,2011-01-05,3.75,3.75,3.55,3.55,173139
MARKSANS,2011-01-06,3.65,3.65,3.45,3.45,159313
MARKSANS,2011-01-07,3.45,3.5,3.35,3.4,220252
MARKSANS,2011-01-10,3.45,3.45,3.3,3.3,271212
MARKSANS,2011-01-11,3.4,3.5,3.3,3.3,354058
MARKSANS,2011-01-12,3.3,3.4,3.25,3.3,199645
MARKSANS,2011-01-13,3.3,3.35,3.25,3.3,101595
MARKSANS,2011-01-14,3.3,3.35,3.2,3.25,194728
MARKSANS,2011-01-17,3.3,3.3,3.1,3.15,149050
MARKSANS,2011-01-18,3.15,3.35,3.1,3.3,429017
MARKSANS,2011-01-19,3.3,3.4,3.2,3.25,198457
MARKSANS,2011-01-20,3.3,3.3,3.15,3.2,111156
MARKSANS,2011-01-21,3.15,3.35,3.15,3.35,204044
MARKSANS,2011-01-24,3.4,3.4,3.25,3.3,231140
MARKSANS,2011-01-25,3.25,3.35,3.25,3.25,116859
MARKSANS,2011-01-27,3.25,3.35,3.2,3.25,171104
MARKSANS,2011-01-28,3.2,3.3,3.05,3.15,326177
MARKSANS,2011-01-31,3.15,3.15,3.0,3.1,200028
MARKSANS,2011-02-01,3.1,3.1,3.0,3.05,173424
MARKSANS,2011-02-02,3.05,3.1,3.0,3.0,183401
MARKSANS,2011-02-03,3.05,3.1,3.0,3.0,193074
MARKSANS,2011-02-04,3.05,3.1,2.95,3.0,130147
MARKSANS,2011-02-07,3.05,3.1,2.95,3.05,180887
MARKSANS,2011-02-08,3.05,3.15,2.95,2.95,255072
MARKSANS,2011-02-09,3.0,3.0,2.6,2.65,344608
MARKSANS,2011-02-10,2.75,2.8,2.65,2.7,461851
MARKSANS,2011-02-11,2.65,2.8,2.55,2.75,458578
MARKSANS,2011-02-14,2.8,3.1,2.75,3.05,175734
MARKSANS,2011-02-15,3.15,3.15,3.0,3.05,185565
MARKSANS,2011-02-16,3.15,3.15,3.0,3.05,89942
MARKSANS,2011-02-17,3.05,3.1,2.95,3.0,360601
MARKSANS,2011-02-18,3.0,3.05,2.8,2.85,212194
MARKSANS,2011-02-21,2.9,2.95,2.8,2.9,104486
MARKSANS,2011-02-22,2.85,3.0,2.55,2.95,126908
MARKSANS,2011-02-23,2.9,2.95,2.85,2.85,86804
MARKSANS,2011-02-24,2.95,2.95,2.75,2.8,148816
MARKSANS,2011-02-25,2.75,2.8,2.65,2.75,242481
MARKSANS,2011-02-28,2.8,2.9,2.75,2.75,127775
MARKSANS,2011-03-01,2.8,3.0,2.8,2.9,190988
MARKSANS,2011-03-03,3.0,3.0,2.8,2.8,186657
MARKSANS,2011-03-04,2.85,2.9,2.8,2.85,72836
MARKSANS,2011-03-07,2.85,2.85,2.6,2.65,405346
MARKSANS,2011-03-08,2.65,2.7,2.55,2.65,405877
MARKSANS,2011-03-09,2.65,2.7,2.6,2.7,145258
MARKSANS,2011-03-10,2.8,2.8,2.65,2.75,81847
MARKSANS,2011-03-11,2.7,2.7,2.65,2.65,164673
MARKSANS,2011-03-14,2.55,2.7,2.55,2.55,583938
MARKSANS,2011-03-15,2.55,2.55,2.4,2.45,408494
MARKSANS,2011-03-16,2.45,2.55,2.45,2.55,211695
MARKSANS,2011-03-17,2.55,2.55,2.45,2.45,95601
MARKSANS,2011-03-18,2.45,2.5,2.4,2.4,309810
MARKSANS,2011-03-21,2.4,2.45,2.35,2.4,323100
MARKSANS,2011-03-22,2.35,2.4,2.35,2.35,180793
MARKSANS,2011-03-23,2.3,2.45,2.3,2.4,262347
MARKSANS,2011-03-24,2.35,2.6,2.35,2.4,540525
MARKSANS,2011-03-25,2.4,2.45,2.4,2.4,111030
MARKSANS,2011-03-28,2.4,2.45,2.3,2.35,319752
MARKSANS,2011-03-29,2.4,2.45,2.3,2.3,316068
MARKSANS,2011-03-30,2.3,2.4,2.3,2.35,179746
MARKSANS,2011-03-31,2.35,2.45,2.2,2.25,579630
MARKSANS,2011-04-01,2.25,2.4,2.2,2.25,938174
MARKSANS,2011-04-04,2.3,2.7,2.25,2.7,1198434
MARKSANS,2011-04-05,2.85,2.95,2.75,2.85,739896
MARKSANS,2011-04-06,2.8,2.9,2.75,2.75,273100
MARKSANS,2011-04-07,2.75,3.05,2.75,2.85,817045
MARKSANS,2011-04-08,2.9,2.95,2.7,2.75,431285
MARKSANS,2011-04-11,2.7,2.8,2.65,2.7,137346
MARKSANS,2011-04-13,2.7,2.75,2.6,2.65,346993
MARKSANS,2011-04-15,2.65,2.7,2.55,2.65,291324
MARKSANS,2011-04-18,2.7,2.7,2.55,2.6,124932
MARKSANS,2011-04-19,2.6,2.65,2.6,2.6,110585
MARKSANS,2011-04-20,2.7,2.95,2.6,2.7,456619
MARKSANS,2011-04-21,2.8,2.85,2.7,2.7,170101
MARKSANS,2011-04-25,2.7,2.8,2.7,2.75,105658
MARKSANS,2011-04-26,2.7,2.75,2.6,2.65,182559
MARKSANS,2011-04-27,2.6,2.65,2.5,2.55,341818
MARKSANS,2011-04-28,2.5,2.6,2.5,2.55,80614
MARKSANS,2011-04-29,2.6,2.6,2.45,2.5,133862
MARKSANS,2011-05-02,2.55,2.55,2.45,2.45,136602
MARKSANS,2011-05-03,2.45,2.55,2.4,2.5,281280
MARKSANS,2011-05-04,2.5,2.65,2.45,2.45,304414
MARKSANS,2011-05-05,2.45,2.6,2.45,2.5,224067
MARKSANS,2011-05-06,2.45,2.5,2.4,2.4,225124
MARKSANS,2011-05-09,2.4,2.5,2.35,2.5,181209
MARKSANS,2011-05-10,2.4,2.5,2.4,2.4,85526
MARKSANS,2011-05-11,2.4,2.5,2.4,2.4,39544
MARKSANS,2011-05-12,2.4,2.45,2.3,2.3,283324
MARKSANS,2011-05-13,2.3,2.35,2.25,2.35,60591
MARKSANS,2011-05-16,2.4,2.45,1.95,2.3,412253
MARKSANS,2011-05-17,2.3,2.4,2.25,2.35,205095
MARKSANS,2011-05-18,2.3,2.35,2.3,2.3,89418
MARKSANS,2011-05-19,2.35,2.4,2.25,2.3,132218
MARKSANS,2011-05-20,2.35,2.35,2.15,2.2,262141
MARKSANS,2011-05-23,2.2,2.25,2.1,2.15,149318
MARKSANS,2011-05-24,2.15,2.3,2.15,2.2,388929
MARKSANS,2011-05-25,2.2,2.3,2.15,2.2,81832
MARKSANS,2011-05-26,2.2,2.2,2.15,2.15,175695
MARKSANS,2011-05-27,2.15,2.3,2.15,2.25,333254
MARKSANS,2011-05-30,2.2,2.25,2.15,2.15,99203
MARKSANS,2011-05-31,2.15,2.25,2.15,2.2,222220
MARKSANS,2011-06-01,2.25,2.25,2.15,2.2,140825
MARKSANS,2011-06-02,2.15,2.25,2.15,2.25,92767
MARKSANS,2011-06-03,2.2,2.45,2.2,2.35,598798
MARKSANS,2011-06-06,2.3,2.8,2.25,2.55,575044
MARKSANS,2011-06-07,2.6,2.8,2.5,2.55,614386
MARKSANS,2011-06-08,2.6,2.65,2.5,2.55,269270
MARKSANS,2011-06-09,2.55,2.55,2.45,2.45,142723
MARKSANS,2011-06-10,2.45,2.7,2.45,2.5,217823
MARKSANS,2011-06-13,2.6,2.6,2.45,2.45,70498
MARKSANS,2011-06-14,2.45,2.5,2.4,2.45,72567
MARKSANS,2011-06-15,2.4,2.5,2.4,2.45,87334
MARKSANS,2011-06-16,2.45,2.45,2.3,2.4,119591
MARKSANS,2011-06-17,2.4,2.4,2.3,2.3,100355
MARKSANS,2011-06-20,2.35,2.35,2.2,2.2,281375
MARKSANS,2011-06-21,2.2,2.25,2.15,2.15,253601
MARKSANS,2011-06-22,2.15,2.25,2.15,2.2,313137
MARKSANS,2011-06-23,2.25,2.35,2.15,2.2,144862
MARKSANS,2011-06-24,2.15,2.65,2.15,2.65,1455707
MARKSANS,2011-06-27,2.7,3.05,2.5,2.5,1119393
MARKSANS,2011-06-28,2.55,2.7,2.45,2.6,340087
MARKSANS,2011-06-29,2.65,2.7,2.55,2.65,297755
MARKSANS,2011-06-30,2.7,2.7,2.5,2.55,226864
MARKSANS,2011-07-01,2.6,2.7,2.55,2.6,210054
MARKSANS,2011-07-04,2.7,3.1,2.6,2.6,333024
MARKSANS,2011-07-05,2.65,2.7,2.6,2.65,75704
MARKSANS,2011-07-06,2.6,3.05,2.6,2.95,442517
MARKSANS,2011-07-07,2.9,3.2,2.9,3.05,982349
MARKSANS,2011-07-08,3.0,3.2,2.8,2.85,597297
MARKSANS,2011-07-11,3.0,3.0,2.85,2.9,144816
MARKSANS,2011-07-12,2.85,2.85,2.75,2.75,95610
MARKSANS,2011-07-13,2.9,3.0,2.85,2.85,146956
MARKSANS,2011-07-14,2.9,3.45,2.8,3.4,1819675
MARKSANS,2011-07-15,3.3,3.45,3.1,3.15,917476
MARKSANS,2011-07-18,3.15,3.2,3.1,3.15,406427
MARKSANS,2011-07-19,3.05,3.25,3.05,3.1,448082
MARKSANS,2011-07-20,3.05,3.3,2.9,2.95,835131
MARKSANS,2011-07-21,3.0,3.05,2.9,2.95,265918
MARKSANS,2011-07-22,2.9,2.95,2.8,2.8,236914
MARKSANS,2011-07-25,2.9,2.95,2.7,2.95,210726
MARKSANS,2011-07-26,3.0,3.1,2.9,2.95,279572
MARKSANS,2011-07-27,2.9,3.0,2.85,2.9,108592
MARKSANS,2011-07-28,2.85,2.95,2.8,2.85,86035
MARKSANS,2011-07-29,2.8,2.95,2.75,2.8,81858
MARKSANS,2011-08-01,2.8,2.95,2.75,2.85,122973
MARKSANS,2011-08-02,2.8,2.85,2.75,2.75,83060
MARKSANS,2011-08-03,2.75,2.85,2.65,2.8,145571
MARKSANS,2011-08-04,2.7,2.85,2.7,2.7,41922
MARKSANS,2011-08-05,2.6,2.6,2.6,2.6,31648
MARKSANS,2011-08-08,2.5,2.75,2.5,2.6,347723
MARKSANS,2011-08-09,2.5,2.7,2.5,2.5,178592
MARKSANS,2011-08-10,2.6,2.65,2.4,2.65,138183
MARKSANS,2011-08-11,2.65,2.8,2.6,2.65,209585
MARKSANS,2011-08-12,2.8,2.8,2.55,2.6,74566
MARKSANS,2011-08-16,2.55,2.6,2.5,2.5,153986
MARKSANS,2011-08-17,2.45,2.5,2.4,2.4,98902
MARKSANS,2011-08-18,2.3,2.35,2.3,2.3,80540
MARKSANS,2011-08-19,2.25,2.3,2.2,2.2,154279
MARKSANS,2011-08-22,2.3,2.3,2.1,2.2,87706
MARKSANS,2011-08-23,2.2,2.35,2.2,2.35,160355
MARKSANS,2011-08-24,2.45,2.45,2.25,2.3,138465
MARKSANS,2011-08-25,2.25,2.3,2.2,2.2,192182
MARKSANS,2011-08-26,2.2,2.35,2.2,2.35,432014
MARKSANS,2011-08-29,2.4,2.5,2.25,2.5,267233
MARKSANS,2011-08-30,2.45,2.55,2.4,2.4,105842
MARKSANS,2011-09-02,2.45,2.45,2.35,2.4,33507
MARKSANS,2011-09-05,2.4,2.45,2.35,2.35,36139
MARKSANS,2011-09-06,2.4,2.5,2.25,2.4,95305
MARKSANS,2011-09-07,2.45,2.55,2.35,2.35,487536
MARKSANS,2011-09-08,2.4,2.4,2.25,2.3,590058
MARKSANS,2011-09-09,2.3,2.35,2.2,2.25,426453
MARKSANS,2011-09-12,2.25,2.3,2.2,2.25,320108
MARKSANS,2011-09-13,2.25,2.35,2.2,2.25,239391
MARKSANS,2011-09-14,2.25,2.35,2.25,2.35,89284
MARKSANS,2011-09-15,2.3,2.35,2.25,2.3,112465
MARKSANS,2011-09-16,2.35,2.35,2.25,2.3,98445
MARKSANS,2011-09-19,2.25,2.3,2.25,2.25,13512
MARKSANS,2011-09-20,2.25,2.35,2.25,2.25,184799
MARKSANS,2011-09-21,2.3,2.3,2.25,2.3,69500
MARKSANS,2011-09-22,2.25,2.3,2.2,2.25,75301
MARKSANS,2011-09-23,2.2,2.3,2.1,2.2,310096
MARKSANS,2011-09-26,2.2,2.25,2.15,2.15,55085
MARKSANS,2011-09-27,2.25,2.25,2.15,2.2,108501
MARKSANS,2011-09-28,2.2,2.25,2.15,2.2,161575
MARKSANS,2011-09-29,2.15,2.25,2.15,2.15,89705
MARKSANS,2011-09-30,2.15,2.3,2.15,2.2,320486
MARKSANS,2011-10-03,2.2,2.25,2.1,2.15,91714
MARKSANS,2011-10-04,2.15,2.2,2.1,2.15,96833
MARKSANS,2011-10-05,2.15,2.25,2.1,2.15,55035
MARKSANS,2011-10-07,2.2,2.25,2.15,2.15,81913
MARKSANS,2011-10-10,2.15,2.2,2.1,2.15,53531
MARKSANS,2011-10-11,2.15,2.2,2.15,2.15,91260
MARKSANS,2011-10-12,2.15,2.2,2.15,2.15,46465
MARKSANS,2011-10-13,2.15,2.2,2.15,2.15,39087
MARKSANS,2011-10-14,2.15,2.4,2.1,2.3,271348
MARKSANS,2011-10-17,2.4,2.5,2.25,2.25,178580
MARKSANS,2011-10-18,2.2,2.25,2.15,2.15,44198
MARKSANS,2011-10-19,2.2,2.25,2.15,2.15,40093
MARKSANS,2011-10-20,2.2,2.2,2.1,2.15,277476
MARKSANS,2011-10-21,2.15,2.2,2.1,2.1,66195
MARKSANS,2011-10-24,2.1,2.2,2.1,2.2,36027
MARKSANS,2011-10-25,2.1,2.15,2.1,2.1,45487
MARKSANS,2011-10-28,2.2,2.4,2.15,2.15,306383
MARKSANS,2011-10-31,2.2,2.25,2.15,2.2,262010
MARKSANS,2011-11-01,2.2,2.2,2.1,2.2,77475
MARKSANS,2011-11-02,2.15,2.3,2.15,2.2,303703
MARKSANS,2011-11-03,2.15,2.2,2.15,2.15,40366
MARKSANS,2011-11-04,2.2,2.2,2.15,2.2,48877
MARKSANS,2011-11-08,2.2,2.25,2.15,2.2,91198
MARKSANS,2011-11-09,2.15,2.2,2.15,2.15,49947
MARKSANS,2011-11-11,2.15,2.2,2.1,2.15,96883
MARKSANS,2011-11-14,2.1,2.15,2.05,2.05,141561
MARKSANS,2011-11-15,2.1,2.1,1.9,1.9,282009
MARKSANS,2011-11-16,1.9,2.05,1.9,1.95,232413
MARKSANS,2011-11-17,2.0,2.0,1.85,1.85,128537
MARKSANS,2011-11-18,1.85,1.9,1.75,1.9,295355
MARKSANS,2011-11-21,1.9,1.95,1.8,1.9,92763
MARKSANS,2011-11-22,1.9,1.9,1.85,1.85,36024
MARKSANS,2011-11-23,1.8,1.85,1.7,1.7,125285
MARKSANS,2011-11-24,1.7,1.85,1.65,1.75,159797
MARKSANS,2011-11-25,1.8,2.0,1.75,1.85,104141
MARKSANS,2011-11-28,1.95,2.15,1.85,2.05,236986
MARKSANS,2011-11-29,2.05,2.15,1.95,2.0,115699
MARKSANS,2011-11-30,1.9,2.0,1.9,2.0,31923
MARKSANS,2011-12-01,2.05,2.1,1.9,1.95,76076
MARKSANS,2011-12-02,1.95,2.1,1.9,2.05,73679
MARKSANS,2011-12-05,2.05,2.1,1.9,2.0,130245
MARKSANS,2011-12-07,2.0,2.1,2.0,2.0,58774
MARKSANS,2011-12-08,2.0,2.1,1.95,2.0,32696
MARKSANS,2011-12-09,1.95,1.95,1.75,1.85,206598
MARKSANS,2011-12-12,1.9,1.9,1.8,1.85,47802
MARKSANS,2011-12-13,1.85,2.0,1.8,1.95,109637
MARKSANS,2011-12-14,1.9,1.95,1.8,1.85,104397
MARKSANS,2011-12-15,1.8,1.95,1.75,1.85,91189
MARKSANS,2011-12-16,1.95,2.0,1.85,1.85,75496
MARKSANS,2011-12-19,1.85,1.9,1.75,1.8,147861
MARKSANS,2011-12-20,1.8,1.8,1.7,1.75,47786
MARKSANS,2011-12-21,1.8,1.8,1.7,1.75,57908
MARKSANS,2011-12-22,1.75,1.75,1.65,1.75,43899
MARKSANS,2011-12-23,1.75,1.8,1.7,1.7,48101
MARKSANS,2011-12-26,1.7,1.8,1.7,1.75,110257
MARKSANS,2011-12-27,1.85,1.85,1.75,1.8,19288
MARKSANS,2011-12-28,1.75,1.8,1.7,1.75,32847
MARKSANS,2011-12-29,1.75,1.75,1.7,1.7,41431
MARKSANS,2011-12-30,1.7,1.75,1.7,1.7,41294
MARKSANS,2012-01-02,1.75,1.8,1.7,1.75,99286
MARKSANS,2012-01-03,1.75,1.85,1.75,1.8,126126
MARKSANS,2012-01-04,1.75,1.85,1.75,1.8,32916
MARKSANS,2012-01-05,1.75,1.85,1.75,1.75,22694
MARKSANS,2012-01-06,1.75,1.85,1.7,1.7,124691
MARKSANS,2012-01-09,1.75,1.8,1.65,1.75,57260
MARKSANS,2012-01-10,1.8,2.0,1.75,1.9,234201
MARKSANS,2012-01-11,2.05,2.05,1.9,2.0,121457
MARKSANS,2012-01-12,2.0,2.0,1.85,1.9,127203
MARKSANS,2012-01-13,1.9,2.0,1.9,1.95,71956
MARKSANS,2012-01-16,1.9,2.0,1.9,1.95,77200
MARKSANS,2012-01-17,2.0,2.0,1.8,1.85,278232
MARKSANS,2012-01-18,1.9,2.0,1.85,1.85,118591
MARKSANS,2012-01-19,2.0,2.0,1.9,1.95,90145
MARKSANS,2012-01-20,1.9,1.95,1.85,1.9,47502
MARKSANS,2012-01-23,1.9,2.1,1.9,2.05,330567
MARKSANS,2012-01-24,2.0,2.1,1.95,2.0,166335
MARKSANS,2012-01-25,1.95,2.05,1.95,1.95,65181
MARKSANS,2012-01-27,2.0,2.1,2.0,2.0,89624
MARKSANS,2012-01-30,2.0,2.1,1.95,2.05,110437
MARKSANS,2012-01-31,2.25,2.25,2.0,2.2,197058
MARKSANS,2012-02-01,2.1,2.25,2.1,2.2,149765
MARKSANS,2012-02-02,2.35,2.35,2.1,2.15,48451
MARKSANS,2012-02-03,2.15,2.2,2.1,2.1,50519
MARKSANS,2012-02-06,2.2,2.2,2.1,2.1,67027
MARKSANS,2012-02-07,2.1,2.15,2.05,2.1,105438
MARKSANS,2012-02-08,2.05,2.1,2.0,2.05,69331
MARKSANS,2012-02-09,2.05,2.1,2.0,2.0,49359
MARKSANS,2012-02-10,2.05,2.15,2.0,2.05,63735
MARKSANS,2012-02-13,2.05,2.2,2.05,2.15,43258
MARKSANS,2012-02-14,2.1,2.25,2.1,2.25,188510
MARKSANS,2012-02-15,2.25,2.35,2.15,2.2,169620
MARKSANS,2012-02-16,2.15,2.25,2.1,2.15,100429
MARKSANS,2012-02-17,2.35,2.35,2.05,2.05,337290
MARKSANS,2012-02-21,2.1,2.15,2.05,2.1,109794
MARKSANS,2012-02-22,2.05,2.15,2.0,2.05,155579
MARKSANS,2012-02-23,2.0,2.05,1.95,2.0,73240
MARKSANS,2012-02-24,2.05,2.1,1.95,2.0,86139
MARKSANS,2012-02-27,1.95,2.0,1.9,1.9,32672
MARKSANS,2012-02-28,1.9,2.0,1.9,1.95,102289
MARKSANS,2012-02-29,1.95,2.0,1.9,1.95,71277
MARKSANS,2012-03-01,1.9,1.95,1.8,1.9,141593
MARKSANS,2012-03-02,1.9,1.95,1.85,1.9,66421
MARKSANS,2012-03-05,1.9,1.9,1.8,1.8,169120
MARKSANS,2012-03-06,1.85,1.85,1.75,1.75,133111
MARKSANS,2012-03-07,1.75,1.85,1.75,1.8,47588
MARKSANS,2012-03-09,1.8,1.85,1.75,1.8,200069
MARKSANS,2012-03-12,1.95,1.95,1.75,1.8,42680
MARKSANS,2012-03-13,1.85,1.95,1.85,1.85,115734
MARKSANS,2012-03-14,1.85,1.95,1.8,1.8,132094
MARKSANS,2012-03-15,1.8,1.9,1.8,1.85,80087
MARKSANS,2012-03-16,1.85,1.95,1.7,1.7,286372
MARKSANS,2012-03-19,1.75,1.75,1.7,1.75,89587
MARKSANS,2012-03-20,1.75,1.75,1.7,1.7,138884
MARKSANS,2012-03-21,1.75,1.75,1.65,1.7,151621
MARKSANS,2012-03-22,1.7,1.75,1.65,1.7,153314
MARKSANS,2012-03-23,1.65,1.75,1.65,1.7,111942
MARKSANS,2012-03-26,1.7,1.75,1.6,1.65,111248
MARKSANS,2012-03-27,1.65,1.7,1.65,1.7,221276
MARKSANS,2012-03-28,1.7,1.7,1.6,1.6,169038
MARKSANS,2012-03-29,1.65,1.65,1.6,1.6,96219
MARKSANS,2012-03-30,1.65,1.7,1.6,1.65,106040
MARKSANS,2012-04-02,1.7,1.75,1.65,1.7,66463
MARKSANS,2012-04-03,1.75,1.75,1.65,1.65,104895
MARKSANS,2012-04-04,1.7,1.75,1.65,1.7,89738
MARKSANS,2012-04-09,1.7,1.75,1.65,1.65,81536
MARKSANS,2012-04-10,1.65,1.7,1.65,1.65,16875
MARKSANS,2012-04-11,1.65,1.7,1.65,1.65,71011
MARKSANS,2012-04-12,1.65,1.7,1.65,1.65,66990
MARKSANS,2012-04-13,1.7,1.7,1.65,1.65,111401
MARKSANS,2012-04-16,1.65,1.65,1.45,1.5,306759
MARKSANS,2012-04-17,1.5,1.7,1.5,1.65,164171
MARKSANS,2012-04-18,1.7,1.75,1.65,1.65,66993
MARKSANS,2012-04-19,1.7,1.75,1.65,1.7,118398
MARKSANS,2012-04-20,1.7,1.7,1.65,1.65,126940
MARKSANS,2012-04-23,1.7,1.7,1.65,1.7,21301
MARKSANS,2012-04-24,1.7,1.7,1.55,1.6,174222
MARKSANS,2012-04-25,1.65,1.7,1.5,1.55,87368
MARKSANS,2012-04-26,1.65,1.7,1.55,1.55,46290
MARKSANS,2012-04-27,1.6,1.6,1.55,1.6,59090
MARKSANS,2012-04-30,1.55,1.65,1.55,1.6,53197
MARKSANS,2012-05-02,1.6,1.6,1.5,1.6,64261
MARKSANS,2012-05-03,1.6,1.6,1.55,1.55,47209
MARKSANS,2012-05-04,1.55,1.65,1.55,1.6,44077
MARKSANS,2012-05-07,1.55,1.6,1.5,1.55,88725
MARKSANS,2012-05-08,1.55,1.6,1.5,1.5,83289
MARKSANS,2012-05-09,1.45,1.55,1.45,1.5,61712
MARKSANS,2012-05-10,1.5,1.55,1.45,1.5,82827
MARKSANS,2012-05-11,1.55,1.55,1.45,1.5,61969
MARKSANS,2012-05-14,1.5,1.55,1.45,1.5,43890
MARKSANS,2012-05-15,1.45,1.55,1.45,1.5,174912
MARKSANS,2012-05-16,1.5,1.5,1.45,1.5,40107
MARKSANS,2012-05-17,1.5,1.5,1.4,1.45,38242
MARKSANS,2012-05-18,1.45,1.45,1.3,1.45,128815
MARKSANS,2012-05-21,1.45,1.65,1.45,1.55,133836
MARKSANS,2012-05-22,1.5,1.55,1.45,1.45,52154
MARKSANS,2012-05-23,1.5,1.5,1.4,1.4,53605
MARKSANS,2012-05-24,1.45,1.45,1.35,1.4,29345
MARKSANS,2012-05-25,1.45,1.55,1.4,1.5,152892
MARKSANS,2012-05-28,1.45,1.5,1.45,1.45,30997
MARKSANS,2012-05-29,1.45,1.5,1.45,1.5,33189
MARKSANS,2012-05-30,1.45,1.5,1.4,1.45,32945
MARKSANS,2012-05-31,1.45,1.45,1.4,1.45,42940
MARKSANS,2012-06-01,1.45,1.5,1.4,1.4,49528
MARKSANS,2012-06-04,1.4,1.5,1.4,1.4,162354
MARKSANS,2012-06-05,1.45,1.5,1.4,1.4,50433
MARKSANS,2012-06-06,1.45,1.5,1.4,1.45,78105
MARKSANS,2012-06-07,1.5,1.5,1.4,1.45,92399
MARKSANS,2012-06-08,1.5,1.55,1.45,1.45,71252
MARKSANS,2012-06-11,1.45,1.5,1.45,1.45,57032
MARKSANS,2012-06-12,1.4,1.45,1.4,1.45,38033
MARKSANS,2012-06-13,1.45,1.45,1.4,1.4,38155
MARKSANS,2012-06-14,1.45,1.45,1.35,1.4,31619
MARKSANS,2012-06-15,1.45,1.45,1.35,1.4,86863
MARKSANS,2012-06-18,1.45,1.45,1.4,1.4,34342
MARKSANS,2012-06-19,1.45,1.45,1.4,1.4,35904
MARKSANS,2012-06-20,1.45,1.45,1.35,1.4,49839
MARKSANS,2012-06-21,1.35,1.45,1.35,1.35,48891
MARKSANS,2012-06-22,1.35,1.45,1.35,1.4,12390
MARKSANS,2012-06-25,1.45,1.45,1.4,1.4,31140
MARKSANS,2012-06-26,1.45,1.45,1.35,1.4,37638
MARKSANS,2012-06-27,1.45,1.45,1.4,1.4,38026
MARKSANS,2012-06-28,1.4,1.45,1.35,1.4,37092
MARKSANS,2012-06-29,1.4,1.45,1.4,1.4,109376
MARKSANS,2012-07-02,1.4,1.45,1.35,1.4,44676
MARKSANS,2012-07-03,1.45,1.45,1.4,1.45,39989
MARKSANS,2012-07-04,1.45,1.5,1.4,1.45,99648
MARKSANS,2012-07-05,1.5,1.6,1.4,1.55,245220
MARKSANS,2012-07-06,1.6,1.85,1.55,1.85,673428
MARKSANS,2012-07-09,1.9,2.1,1.75,1.95,670451
MARKSANS,2012-07-10,2.0,2.15,2.0,2.05,416942
MARKSANS,2012-07-11,2.05,2.05,1.85,1.85,259932
MARKSANS,2012-07-12,2.0,2.0,1.75,1.85,122345
MARKSANS,2012-07-13,1.85,1.95,1.8,1.8,92448
MARKSANS,2012-07-16,1.8,1.9,1.75,1.85,73969
MARKSANS,2012-07-17,1.75,1.9,1.75,1.75,93065
MARKSANS,2012-07-18,1.8,1.85,1.65,1.8,221965
MARKSANS,2012-07-19,1.9,1.9,1.75,1.8,122091
MARKSANS,2012-07-20,1.75,1.8,1.75,1.75,46588
MARKSANS,2012-07-23,1.75,1.8,1.7,1.7,31070
MARKSANS,2012-07-24,1.65,1.7,1.65,1.65,31245
MARKSANS,2012-07-25,1.65,1.65,1.6,1.6,36976
MARKSANS,2012-07-26,1.6,1.6,1.55,1.6,39464
MARKSANS,2012-07-27,1.65,1.65,1.55,1.6,68077
MARKSANS,2012-07-30,1.65,1.65,1.55,1.55,55221
MARKSANS,2012-07-31,1.6,1.6,1.5,1.55,46340
MARKSANS,2012-08-01,1.55,1.55,1.5,1.55,73592
MARKSANS,2012-08-02,1.55,1.55,1.5,1.5,43310
MARKSANS,2012-08-03,1.55,1.55,1.5,1.55,46842
MARKSANS,2012-08-06,1.55,1.6,1.55,1.6,24094
MARKSANS,2012-08-07,1.6,1.65,1.55,1.55,5246
MARKSANS,2012-08-08,1.55,1.6,1.55,1.55,24760
MARKSANS,2012-08-09,1.55,1.6,1.55,1.6,43496
MARKSANS,2012-08-10,1.65,1.65,1.55,1.55,51531
MARKSANS,2012-08-13,1.55,1.6,1.5,1.5,81581
MARKSANS,2012-08-14,1.5,1.55,1.5,1.55,77562
MARKSANS,2012-08-16,1.5,1.6,1.5,1.5,52320
MARKSANS,2012-08-17,1.55,1.55,1.5,1.5,6245
MARKSANS,2012-08-21,1.5,1.55,1.5,1.5,35751
MARKSANS,2012-08-22,1.5,1.55,1.45,1.45,59210
MARKSANS,2012-08-23,1.45,1.5,1.4,1.5,81018
MARKSANS,2012-08-24,1.45,1.55,1.45,1.55,43370
MARKSANS,2012-08-27,1.55,1.6,1.5,1.55,38641
MARKSANS,2012-08-28,1.5,1.6,1.5,1.6,66996
MARKSANS,2012-08-29,1.65,1.65,1.55,1.55,98275
MARKSANS,2012-08-30,1.55,1.6,1.5,1.5,63330
MARKSANS,2012-08-31,1.5,1.55,1.45,1.5,116427
MARKSANS,2012-09-03,1.5,1.55,1.45,1.45,114791
MARKSANS,2012-09-04,1.45,1.5,1.4,1.45,332533
MARKSANS,2012-09-05,1.45,1.5,1.4,1.45,52963
MARKSANS,2012-09-06,1.45,1.5,1.4,1.45,77673
MARKSANS,2012-09-07,1.4,1.5,1.4,1.5,79128
MARKSANS,2012-09-10,1.4,1.55,1.4,1.55,185802
MARKSANS,2012-09-11,1.6,1.65,1.5,1.6,192034
MARKSANS,2012-09-12,1.6,1.65,1.5,1.6,196816
MARKSANS,2012-09-13,1.6,1.65,1.5,1.55,122494
MARKSANS,2012-09-14,1.5,1.6,1.5,1.5,55103
MARKSANS,2012-09-17,1.55,1.6,1.5,1.55,72350
MARKSANS,2012-09-18,1.55,1.6,1.5,1.5,48721
MARKSANS,2012-09-20,1.55,1.55,1.5,1.5,144156
MARKSANS,2012-09-21,1.5,1.6,1.5,1.55,213027
MARKSANS,2012-09-24,1.5,1.6,1.5,1.55,135781
MARKSANS,2012-09-25,1.5,1.6,1.5,1.55,63385
MARKSANS,2012-09-26,1.5,1.55,1.5,1.5,52447
MARKSANS,2012-09-27,1.55,1.55,1.5,1.55,21277
MARKSANS,2012-09-28,1.55,1.65,1.45,1.6,163952
MARKSANS,2012-10-01,1.65,1.75,1.6,1.65,193861
MARKSANS,2012-10-03,1.7,1.8,1.7,1.8,237609
MARKSANS,2012-10-04,1.85,1.95,1.85,1.95,212785
MARKSANS,2012-10-05,2.0,2.0,1.9,1.9,405983
MARKSANS,2012-10-08,1.85,1.85,1.85,1.85,25382
MARKSANS,2012-10-09,1.8,1.8,1.8,1.8,8903
MARKSANS,2012-10-10,1.75,1.75,1.75,1.75,12093
MARKSANS,2012-10-11,1.7,1.7,1.7,1.7,4944
MARKSANS,2012-10-12,1.65,1.65,1.65,1.65,21700
MARKSANS,2012-10-15,1.6,1.6,1.6,1.6,20650
MARKSANS,2012-10-16,1.65,1.65,1.55,1.65,88561
MARKSANS,2012-10-17,1.65,1.7,1.6,1.65,74193
MARKSANS,2012-10-18,1.6,1.7,1.6,1.65,61664
MARKSANS,2012-10-19,1.6,1.7,1.6,1.65,40104
MARKSANS,2012-10-22,1.65,1.65,1.6,1.6,19705
MARKSANS,2012-10-23,1.6,1.6,1.55,1.55,27768
MARKSANS,2012-10-25,1.55,1.6,1.5,1.6,52805
MARKSANS,2012-10-29,1.6,1.6,1.5,1.5,35549
MARKSANS,2012-10-30,1.5,1.55,1.5,1.5,96746
MARKSANS,2012-10-31,1.55,1.55,1.45,1.5,48921
MARKSANS,2012-11-01,1.45,1.55,1.45,1.45,41401
MARKSANS,2012-11-02,1.5,1.5,1.45,1.5,16670
MARKSANS,2012-11-05,1.55,1.55,1.5,1.5,59364
MARKSANS,2012-11-06,1.5,1.55,1.45,1.5,55608
MARKSANS,2012-11-07,1.5,1.55,1.5,1.55,49980
MARKSANS,2012-11-08,1.6,1.6,1.5,1.5,19696
MARKSANS,2012-11-09,1.5,1.55,1.45,1.5,75321
MARKSANS,2012-11-12,1.5,1.55,1.45,1.55,44954
MARKSANS,2012-11-15,1.65,1.65,1.6,1.65,88402
MARKSANS,2012-11-16,1.7,1.7,1.7,1.7,40175
MARKSANS,2012-11-19,1.75,1.75,1.75,1.75,5737
MARKSANS,2012-11-20,1.8,1.8,1.8,1.8,47619
MARKSANS,2012-11-21,1.85,1.85,1.75,1.85,217222
MARKSANS,2012-11-22,1.9,1.9,1.9,1.9,29086
MARKSANS,2012-11-23,1.95,1.95,1.95,1.95,23498
MARKSANS,2012-11-26,2.0,2.0,2.0,2.0,76932
MARKSANS,2012-11-27,2.1,2.1,2.1,2.1,70087
MARKSANS,2012-11-29,2.2,2.2,2.2,2.2,48382
MARKSANS,2012-11-30,2.3,2.3,2.3,2.3,72504
MARKSANS,2012-12-03,2.4,2.4,2.4,2.4,44851
MARKSANS,2012-12-04,2.5,2.5,2.5,2.5,55083
MARKSANS,2012-12-05,2.6,2.6,2.6,2.6,41458
MARKSANS,2012-12-06,2.7,2.7,2.7,2.7,45391
MARKSANS,2012-12-07,2.8,2.8,2.8,2.8,26664
MARKSANS,2012-12-10,2.9,2.9,2.9,2.9,71309
MARKSANS,2012-12-11,3.0,3.0,3.0,3.0,125493
MARKSANS,2012-12-12,3.15,3.15,3.15,3.15,359718
MARKSANS,2012-12-13,3.3,3.3,3.3,3.3,52271
MARKSANS,2012-12-14,3.45,3.45,3.45,3.45,56260
MARKSANS,2012-12-17,3.6,3.6,3.6,3.6,23513
MARKSANS,2012-12-18,3.75,3.75,3.75,3.75,81754
MARKSANS,2012-12-19,3.9,3.9,3.9,3.9,32916
MARKSANS,2012-12-20,4.05,4.05,4.05,4.05,83957
MARKSANS,2012-12-21,4.25,4.25,4.25,4.25,144283
MARKSANS,2012-12-24,4.45,4.45,4.05,4.05,656273
MARKSANS,2012-12-26,3.85,3.9,3.85,3.85,239838
MARKSANS,2012-12-27,3.7,3.7,3.7,3.7,72583
MARKSANS,2012-12-28,3.55,3.55,3.55,3.55,86834
MARKSANS,2012-12-31,3.4,3.4,3.4,3.4,60315
MARKSANS,2013-01-01,3.25,3.55,3.25,3.55,1709802
MARKSANS,2013-01-02,3.7,3.7,3.7,3.7,394036
MARKSANS,2013-01-03,3.85,3.85,3.85,3.85,27418
MARKSANS,2013-01-04,4.0,4.0,4.0,4.0,244191
MARKSANS,2013-01-07,4.05,4.05,3.8,3.8,474736
MARKSANS,2013-01-08,3.65,3.65,3.65,3.65,140078
MARKSANS,2013-01-09,3.5,3.8,3.5,3.8,398375
MARKSANS,2013-01-10,3.95,3.95,3.65,3.75,331253
MARKSANS,2013-01-11,3.7,3.75,3.6,3.6,223292
MARKSANS,2013-01-14,3.65,3.75,3.45,3.55,341300
MARKSANS,2013-01-15,3.6,3.65,3.4,3.55,259054
MARKSANS,2013-01-16,3.4,3.55,3.4,3.4,163352
MARKSANS,2013-01-17,3.5,3.5,3.25,3.25,102224
MARKSANS,2013-01-18,3.35,3.4,3.15,3.25,160700
MARKSANS,2013-01-21,3.2,3.3,3.1,3.1,196746
MARKSANS,2013-01-22,3.1,3.1,2.95,3.05,218920
MARKSANS,2013-01-23,2.95,3.1,2.9,3.0,75756
MARKSANS,2013-01-24,2.95,2.95,2.85,2.85,121276
MARKSANS,2013-01-25,2.8,2.95,2.75,2.95,133165
MARKSANS,2013-01-28,3.05,3.05,3.05,3.05,12660
MARKSANS,2013-01-29,3.2,3.2,3.2,3.2,25885
MARKSANS,2013-01-30,3.35,3.35,3.35,3.35,34399
MARKSANS,2013-01-31,3.5,3.5,3.3,3.45,263323
MARKSANS,2013-02-01,3.6,3.6,3.4,3.45,102887
MARKSANS,2013-02-04,3.45,3.5,3.3,3.4,147559
MARKSANS,2013-02-05,3.5,3.55,3.4,3.5,285297
MARKSANS,2013-02-06,3.55,3.65,3.55,3.65,94304
MARKSANS,2013-02-07,3.75,3.8,3.75,3.8,57772
MARKSANS,2013-02-08,3.95,3.95,3.65,3.7,593317
MARKSANS,2013-02-11,3.85,3.85,3.55,3.55,194654
MARKSANS,2013-02-12,3.5,3.7,3.5,3.7,264072
MARKSANS,2013-02-13,3.85,3.85,3.7,3.7,192147
MARKSANS,2013-02-14,3.85,3.85,3.55,3.55,217686
MARKSANS,2013-02-15,3.7,3.7,3.6,3.65,284282
MARKSANS,2013-02-18,3.75,3.75,3.5,3.55,115875
MARKSANS,2013-02-19,3.55,3.55,3.4,3.45,106309
MARKSANS,2013-02-20,3.45,3.6,3.4,3.6,94864
MARKSANS,2013-02-21,3.75,3.75,3.75,3.75,369847
MARKSANS,2013-02-22,3.9,3.9,3.85,3.9,426301
MARKSANS,2013-02-25,4.0,4.05,4.0,4.05,327419
MARKSANS,2013-02-26,4.25,4.25,3.85,3.85,354496
MARKSANS,2013-02-27,3.9,4.0,3.7,4.0,217052
MARKSANS,2013-02-28,4.1,4.15,3.8,3.85,167713
MARKSANS,2013-03-01,3.8,4.0,3.7,3.8,187663
MARKSANS,2013-03-04,3.95,3.95,3.85,3.95,479502
MARKSANS,2013-03-05,4.1,4.1,4.05,4.1,255201
MARKSANS,2013-03-06,4.25,4.3,4.0,4.0,183159
MARKSANS,2013-03-07,4.0,4.2,3.85,4.15,191118
MARKSANS,2013-03-08,3.95,4.1,3.95,4.0,148089
MARKSANS,2013-03-11,4.0,4.05,3.85,3.95,83750
MARKSANS,2013-03-12,3.95,3.95,3.8,3.9,176662
MARKSANS,2013-03-13,3.75,4.05,3.75,3.9,302552
MARKSANS,2013-03-14,3.85,4.0,3.85,4.0,192187
MARKSANS,2013-03-15,4.05,4.1,3.9,3.9,362545
MARKSANS,2013-03-18,4.0,4.05,3.75,4.0,558639
MARKSANS,2013-03-19,4.0,4.1,3.85,4.05,591191
MARKSANS,2013-03-20,4.2,4.2,3.85,3.95,372160
MARKSANS,2013-03-21,3.9,4.05,3.8,3.9,274366
MARKSANS,2013-03-22,3.95,4.05,3.75,3.85,300753
MARKSANS,2013-03-25,4.0,4.0,3.7,3.8,404443
MARKSANS,2013-03-26,3.9,3.95,3.7,3.9,52279
MARKSANS,2013-03-28,3.95,4.0,3.85,3.95,132955
MARKSANS,2013-04-01,3.85,4.0,3.8,3.9,114636
MARKSANS,2013-04-02,4.0,4.0,3.85,3.9,167153
MARKSANS,2013-04-03,3.9,3.95,3.75,3.85,129569
MARKSANS,2013-04-04,3.75,3.85,3.7,3.75,78820
MARKSANS,2013-04-05,3.7,3.9,3.6,3.9,166415
MARKSANS,2013-04-08,4.0,4.05,3.75,3.95,127950
MARKSANS,2013-04-09,3.95,3.95,3.8,3.85,72577
MARKSANS,2013-04-10,3.85,4.0,3.7,4.0,140254
MARKSANS,2013-04-11,4.0,4.15,3.9,4.05,65807
MARKSANS,2013-04-12,3.95,4.05,3.85,4.0,93116
MARKSANS,2013-04-15,3.9,4.1,3.85,3.95,91817
MARKSANS,2013-04-16,3.9,4.0,3.9,3.95,51567
MARKSANS,2013-04-17,3.8,4.1,3.8,4.05,235856
MARKSANS,2013-04-18,3.9,4.05,3.85,3.9,90779
MARKSANS,2013-04-22,3.9,4.05,3.9,4.05,129387
MARKSANS,2013-04-23,4.0,4.0,3.9,3.95,153825
MARKSANS,2013-04-25,3.9,3.95,3.85,3.85,61100
MARKSANS,2013-04-26,3.9,4.0,3.85,3.85,91968
MARKSANS,2013-04-29,3.95,3.95,3.85,3.85,62777
MARKSANS,2013-04-30,3.9,3.9,3.8,3.85,98146
MARKSANS,2013-05-02,3.85,3.85,3.75,3.75,70760
MARKSANS,2013-05-03,3.75,3.9,3.75,3.8,102434
MARKSANS,2013-05-06,3.8,3.9,3.75,3.8,68697
MARKSANS,2013-05-07,3.7,3.95,3.7,3.95,166555
MARKSANS,2013-05-08,4.1,4.1,3.9,3.9,144938
MARKSANS,2013-05-09,3.9,3.95,3.85,3.9,66554
MARKSANS,2013-05-10,3.95,3.95,3.85,3.9,41675
MARKSANS,2013-05-13,3.85,4.0,3.8,3.9,200467
MARKSANS,2013-05-14,3.85,4.0,3.85,3.95,98193
MARKSANS,2013-05-15,3.95,4.05,3.9,3.9,85602
MARKSANS,2013-05-16,4.0,4.0,3.8,3.8,72185
MARKSANS,2013-05-17,3.75,3.8,3.7,3.75,99859
MARKSANS,2013-05-20,3.85,3.85,3.75,3.8,55982
MARKSANS,2013-05-21,3.8,3.85,3.7,3.75,46974
MARKSANS,2013-05-22,3.8,3.8,3.65,3.7,146410
MARKSANS,2013-05-23,3.6,3.7,3.6,3.7,95813
MARKSANS,2013-05-24,3.75,3.85,3.7,3.85,21019
MARKSANS,2013-05-27,4.0,4.0,4.0,4.0,70805
MARKSANS,2013-05-28,4.2,4.2,4.2,4.2,54247
MARKSANS,2013-05-29,4.4,4.4,4.4,4.4,66417
MARKSANS,2013-05-30,4.6,4.6,4.6,4.6,40345
MARKSANS,2013-05-31,4.8,4.8,4.8,4.8,105268
MARKSANS,2013-06-03,5.0,5.0,5.0,5.0,150821
MARKSANS,2013-06-04,5.25,5.25,5.25,5.25,29494
MARKSANS,2013-06-05,5.5,5.5,5.5,5.5,79241
MARKSANS,2013-06-06,5.75,5.75,5.75,5.75,40960
MARKSANS,2013-06-07,6.0,6.0,6.0,6.0,209296
MARKSANS,2013-06-10,6.3,6.3,6.1,6.3,986125
MARKSANS,2013-06-11,6.3,6.6,6.0,6.0,765927
MARKSANS,2013-06-12,5.7,5.9,5.7,5.7,446290
MARKSANS,2013-06-13,5.45,5.65,5.45,5.45,543391
MARKSANS,2013-06-14,5.3,5.7,5.2,5.7,774189
MARKSANS,2013-06-17,5.95,5.95,5.75,5.95,398653
MARKSANS,2013-06-18,6.05,6.05,5.7,5.7,266019
MARKSANS,2013-06-19,5.6,5.7,5.45,5.65,220143
MARKSANS,2013-06-20,5.6,5.9,5.4,5.85,477428
MARKSANS,2013-06-21,5.8,5.9,5.6,5.8,416319
MARKSANS,2013-06-24,5.6,6.05,5.6,6.05,615134
MARKSANS,2013-06-25,6.1,6.35,6.1,6.35,151171
MARKSANS,2013-06-26,6.65,6.65,6.65,6.65,130002
MARKSANS,2013-06-27,6.95,6.95,6.95,6.95,120145
MARKSANS,2013-06-28,7.25,7.25,6.85,7.25,3230029
MARKSANS,2013-07-01,7.5,7.6,7.0,7.5,1406224
MARKSANS,2013-07-02,7.85,7.85,7.45,7.85,670566
MARKSANS,2013-07-03,8.15,8.2,7.85,8.2,373313
MARKSANS,2013-07-04,8.55,8.6,8.4,8.6,168169
MARKSANS,2013-07-05,9.0,9.0,9.0,9.0,605267
MARKSANS,2013-07-08,9.45,9.45,9.1,9.45,1020392
MARKSANS,2013-07-09,9.9,9.9,9.9,9.9,229130
MARKSANS,2013-07-10,10.35,10.35,10.35,10.35,129540
MARKSANS,2013-07-11,10.85,10.85,10.85,10.85,121355
MARKSANS,2013-07-12,11.35,11.35,10.35,10.35,4265244
MARKSANS,2013-07-15,9.85,10.0,9.85,9.85,3335051
MARKSANS,2013-07-16,9.4,9.4,9.4,9.4,105802
MARKSANS,2013-07-17,8.95,9.7,8.95,8.95,2320148
MARKSANS,2013-07-18,8.65,9.1,8.55,8.55,1215198
MARKSANS,2013-07-19,8.25,8.95,8.2,8.95,1490525
MARKSANS,2013-07-22,9.35,9.35,9.1,9.3,644041
MARKSANS,2013-07-23,9.75,9.75,9.65,9.75,305279
MARKSANS,2013-07-24,10.2,10.2,9.55,10.05,1766057
MARKSANS,2013-07-25,10.0,10.25,9.55,9.55,1087264
MARKSANS,2013-07-26,9.6,9.85,9.1,9.1,407926
MARKSANS,2013-07-29,9.1,9.55,8.7,9.55,1388403
MARKSANS,2013-07-30,10.0,10.0,9.1,9.1,1131575
MARKSANS,2013-07-31,8.75,9.2,8.65,8.85,675848
MARKSANS,2013-08-01,8.6,9.1,8.45,8.45,251135
MARKSANS,2013-08-02,8.25,8.25,8.05,8.05,194732
MARKSANS,2013-08-05,7.65,7.85,7.65,7.65,76411
MARKSANS,2013-08-06,7.3,7.3,7.3,7.3,132624
MARKSANS,2013-08-07,6.95,6.95,6.95,6.95,20184
MARKSANS,2013-08-08,6.65,7.25,6.65,7.25,1626321
MARKSANS,2013-08-12,7.6,7.6,7.6,7.6,114451
MARKSANS,2013-08-13,7.95,7.95,7.65,7.95,1007860
MARKSANS,2013-08-14,8.3,8.3,8.1,8.3,701346
MARKSANS,2013-08-16,8.7,8.7,7.9,7.9,783539
MARKSANS,2013-08-19,7.95,8.1,7.55,7.55,503362
MARKSANS,2013-08-20,7.3,7.9,7.2,7.7,931732
MARKSANS,2013-08-21,8.0,8.05,7.35,7.35,540032
MARKSANS,2013-08-22,7.1,7.7,7.0,7.6,312220
MARKSANS,2013-08-23,7.35,7.8,7.25,7.35,403149
MARKSANS,2013-08-26,7.4,7.55,7.1,7.3,759618
MARKSANS,2013-08-27,7.1,7.25,6.95,6.95,328517
MARKSANS,2013-08-28,7.05,7.05,6.65,6.7,353695
MARKSANS,2013-08-29,6.75,6.9,6.4,6.5,475373
MARKSANS,2013-08-30,6.3,6.75,6.2,6.25,887871
MARKSANS,2013-09-02,6.05,6.55,6.05,6.55,353014
MARKSANS,2013-09-03,6.85,6.85,6.25,6.4,562810
MARKSANS,2013-09-04,6.55,6.7,6.25,6.7,291468
MARKSANS,2013-09-05,7.0,7.0,6.7,7.0,872064
MARKSANS,2013-09-06,7.5,7.7,7.35,7.7,908127
MARKSANS,2013-09-10,7.8,8.3,7.4,7.65,553317
MARKSANS,2013-09-11,7.5,8.4,7.1,8.35,1183315
MARKSANS,2013-09-12,8.75,8.85,7.7,7.85,664882
MARKSANS,2013-09-13,7.7,8.3,7.65,7.95,162937
MARKSANS,2013-09-16,8.45,8.45,7.7,7.8,236924
MARKSANS,2013-09-17,8.0,8.25,7.6,8.05,503346
MARKSANS,2013-09-18,8.1,8.25,7.75,7.9,288645
MARKSANS,2013-09-19,8.0,8.2,7.7,7.75,389453
MARKSANS,2013-09-20,7.75,7.95,7.3,7.45,561892
MARKSANS,2013-09-23,7.25,7.9,7.25,7.7,107498
MARKSANS,2013-09-24,7.7,8.05,7.55,7.75,201868
MARKSANS,2013-09-25,7.75,7.95,7.5,7.6,224257
MARKSANS,2013-09-26,7.7,7.9,7.65,7.75,261874
MARKSANS,2013-09-27,7.55,8.3,7.5,8.0,833129
MARKSANS,2013-09-30,8.3,8.8,8.15,8.8,767426
MARKSANS,2013-10-01,9.45,9.65,9.2,9.65,1810153
MARKSANS,2013-10-03,10.05,10.1,10.05,10.1,201230
MARKSANS,2013-10-04,10.6,10.6,9.6,9.6,1890394
MARKSANS,2013-10-07,9.35,9.6,9.15,9.15,831784
MARKSANS,2013-10-08,8.9,9.6,8.85,9.6,583002
MARKSANS,2013-10-09,10.0,10.05,9.55,9.85,1177702
MARKSANS,2013-10-10,10.0,10.0,9.55,9.65,551024
MARKSANS,2013-10-11,9.7,10.1,9.7,10.05,970067
MARKSANS,2013-10-14,10.1,10.25,9.8,9.95,379639
MARKSANS,2013-10-15,9.9,10.05,9.6,9.65,360954
MARKSANS,2013-10-17,9.9,9.9,9.25,9.35,595616
MARKSANS,2013-10-18,9.35,9.8,9.1,9.8,563745
MARKSANS,2013-10-21,9.95,10.2,9.45,9.55,419220
MARKSANS,2013-10-22,9.6,9.9,9.5,9.6,316398
MARKSANS,2013-10-23,9.85,9.85,9.15,9.4,719110
MARKSANS,2013-10-24,9.5,9.8,9.25,9.45,582408
MARKSANS,2013-10-25,9.45,9.65,9.25,9.4,207647
MARKSANS,2013-10-28,9.45,9.6,9.25,9.3,275888
MARKSANS,2013-10-29,9.15,9.4,9.0,9.1,608590
MARKSANS,2013-10-30,9.2,9.55,8.9,9.5,654964
MARKSANS,2013-10-31,9.8,9.95,9.1,9.2,1456100
MARKSANS,2013-11-01,9.4,9.5,9.0,9.15,399443
MARKSANS,2013-11-05,9.6,10.05,9.6,10.05,567519
MARKSANS,2013-11-06,10.55,10.55,10.2,10.55,1275221
MARKSANS,2013-11-07,11.25,11.55,10.25,10.6,2060172
MARKSANS,2013-11-08,10.55,11.6,10.4,11.45,1967018
MARKSANS,2013-11-11,11.65,12.55,11.6,12.55,2979154
MARKSANS,2013-11-12,12.9,13.8,11.55,12.0,6591146
MARKSANS,2013-11-13,12.0,12.5,11.3,11.8,1534462
MARKSANS,2013-11-14,11.6,12.5,11.6,11.95,708475
MARKSANS,2013-11-18,12.1,13.1,12.1,12.85,1439028
MARKSANS,2013-11-19,13.5,13.8,12.85,13.05,1052618
MARKSANS,2013-11-20,13.05,13.6,12.65,12.75,1042282
MARKSANS,2013-11-21,12.7,12.95,11.95,12.1,1058360
MARKSANS,2013-11-22,12.2,12.4,11.3,11.45,1107932
MARKSANS,2013-11-25,11.65,12.15,11.5,11.85,506192
MARKSANS,2013-11-26,11.9,12.1,11.4,11.5,433929
MARKSANS,2013-11-27,11.9,12.4,11.4,11.9,1393786
MARKSANS,2013-11-28,12.05,12.2,11.6,11.7,322352
MARKSANS,2013-11-29,11.7,12.4,11.7,12.25,1012867
MARKSANS,2013-12-02,12.45,13.45,12.2,13.45,2877679
MARKSANS,2013-12-03,13.8,14.25,13.4,13.85,2468857
MARKSANS,2013-12-04,14.0,14.25,13.05,13.75,1281555
MARKSANS,2013-12-05,14.05,14.15,13.2,13.35,657300
MARKSANS,2013-12-06,13.5,13.75,13.0,13.4,773175
MARKSANS,2013-12-09,13.95,13.95,12.85,13.05,1144536
MARKSANS,2013-12-10,13.1,13.7,12.95,13.4,919937
MARKSANS,2013-12-11,13.4,13.45,12.65,13.0,550325
MARKSANS,2013-12-12,13.05,13.85,12.85,13.25,1060691
MARKSANS,2013-12-13,13.1,13.7,13.1,13.2,529696
MARKSANS,2013-12-16,13.2,14.5,13.0,14.45,2701000
MARKSANS,2013-12-17,14.95,15.15,14.45,14.9,1823982
MARKSANS,2013-12-18,14.9,16.25,14.85,16.0,3563448
MARKSANS,2013-12-19,16.7,17.25,15.6,17.05,7588331
MARKSANS,2013-12-20,17.15,17.9,16.75,17.1,5142602
MARKSANS,2013-12-23,17.35,17.95,17.15,17.95,2633911
MARKSANS,2013-12-24,18.2,18.8,17.95,18.8,3518889
MARKSANS,2013-12-26,19.25,19.7,19.25,19.7,952172
MARKSANS,2013-12-27,20.65,20.65,19.0,19.2,6053565
MARKSANS,2013-12-30,18.9,19.15,18.25,18.25,1005872
MARKSANS,2013-12-31,17.65,18.6,17.35,17.6,4080944
MARKSANS,2014-01-01,17.8,18.45,17.3,18.45,2581743
MARKSANS,2014-01-02,18.65,19.35,18.1,18.55,3432661
MARKSANS,2014-01-03,18.65,19.45,17.75,19.4,2283421
MARKSANS,2014-01-06,19.9,20.25,19.05,20.0,3217038
MARKSANS,2014-01-07,20.9,21.2,19.8,20.15,3718752
MARKSANS,2014-01-08,20.25,20.65,19.0,19.15,2132305
MARKSANS,2014-01-09,19.1,19.7,18.0,18.45,2164831
MARKSANS,2014-01-10,18.75,19.25,17.45,18.0,1781355
MARKSANS,2014-01-13,18.4,18.6,17.7,17.8,961787
MARKSANS,2014-01-14,16.7,18.5,16.7,17.75,1178939
MARKSANS,2014-01-15,17.95,18.35,17.45,17.7,873099
MARKSANS,2014-01-16,18.25,20.2,18.25,19.75,4271503
MARKSANS,2014-01-17,20.0,20.5,18.7,18.8,2245459
MARKSANS,2014-01-20,18.5,19.35,18.5,19.1,810452
MARKSANS,2014-01-21,19.1,19.3,18.5,18.8,834810
MARKSANS,2014-01-22,18.45,19.3,18.45,18.7,763022
MARKSANS,2014-01-23,18.5,19.15,18.5,18.75,721436
MARKSANS,2014-01-24,18.8,18.9,17.9,18.1,1060939
MARKSANS,2014-01-27,17.7,18.15,16.7,16.95,1158499
MARKSANS,2014-01-28,16.6,17.8,16.6,17.4,786507
MARKSANS,2014-01-29,17.4,17.8,16.9,17.0,647734
MARKSANS,2014-01-30,17.5,18.45,17.1,17.8,2254192
MARKSANS,2014-01-31,18.3,18.6,18.0,18.2,1474765
MARKSANS,2014-02-03,18.6,19.45,18.3,18.7,1817526
MARKSANS,2014-02-04,18.6,20.3,18.1,18.25,2038121
MARKSANS,2014-02-05,18.65,18.7,14.6,17.25,1818522
MARKSANS,2014-02-06,17.6,17.95,17.05,17.25,914184
MARKSANS,2014-02-07,17.5,17.9,17.35,17.5,776027
MARKSANS,2014-02-10,17.6,17.8,17.3,17.6,710108
MARKSANS,2014-02-11,17.8,17.8,16.7,16.85,871510
MARKSANS,2014-02-12,17.25,17.25,16.1,16.3,1085702
MARKSANS,2014-02-13,16.3,17.3,16.0,16.65,1145776
MARKSANS,2014-02-14,16.5,16.9,16.2,16.25,636412
MARKSANS,2014-02-17,16.0,18.5,15.5,18.15,3329507
MARKSANS,2014-02-18,18.2,19.0,17.7,18.35,1816980
MARKSANS,2014-02-19,18.5,18.85,18.0,18.25,639487
MARKSANS,2014-02-20,18.5,18.5,17.6,17.7,488641
MARKSANS,2014-02-21,17.7,18.45,17.6,17.75,634652
MARKSANS,2014-02-24,17.95,18.0,17.05,17.2,659359
MARKSANS,2014-02-25,17.55,17.55,17.0,17.1,411922
MARKSANS,2014-02-26,17.15,17.35,16.3,16.7,1660567
MARKSANS,2014-02-28,16.65,17.25,16.25,16.7,1275873
MARKSANS,2014-03-03,17.15,17.85,16.85,17.35,1281612
MARKSANS,2014-03-04,17.75,17.75,16.95,17.1,903679
MARKSANS,2014-03-05,17.5,17.5,16.9,16.95,736914
MARKSANS,2014-03-06,17.15,17.3,16.75,16.9,546114
MARKSANS,2014-03-07,17.3,18.1,16.85,17.75,2407964
MARKSANS,2014-03-10,17.7,18.1,17.25,17.35,796151
MARKSANS,2014-03-11,17.35,17.65,17.0,17.15,647754
MARKSANS,2014-03-12,17.5,17.5,16.95,17.0,510775
MARKSANS,2014-03-13,17.05,18.1,16.9,17.6,1211848
MARKSANS,2014-03-14,17.1,18.05,17.1,17.6,706533
MARKSANS,2014-03-18,17.6,18.0,17.5,17.9,893768
MARKSANS,2014-03-19,17.9,21.45,17.9,21.45,11320158
MARKSANS,2014-03-20,21.75,23.5,20.35,21.65,7215981
MARKSANS,2014-03-21,21.95,24.05,21.95,23.5,5297553
MARKSANS,2014-03-24,23.7,24.4,23.65,23.85,2373732
MARKSANS,2014-03-25,24.35,26.2,24.05,25.7,3995689
MARKSANS,2014-03-26,26.0,26.4,23.15,23.85,4013204
MARKSANS,2014-03-27,23.85,24.85,22.85,23.15,1954047
MARKSANS,2014-03-28,23.5,25.15,23.1,24.35,2100169
MARKSANS,2014-03-31,24.4,25.0,23.7,23.9,1052776
MARKSANS,2014-04-01,24.4,24.4,23.35,23.5,681134
MARKSANS,2014-04-02,23.95,24.45,22.9,23.25,2969287
MARKSANS,2014-04-03,23.45,24.15,22.95,23.75,1502803
MARKSANS,2014-04-04,23.7,24.6,23.6,23.75,2074881
MARKSANS,2014-04-07,23.75,24.45,23.75,23.95,1382042
MARKSANS,2014-04-09,24.05,25.2,23.9,24.2,2516287
MARKSANS,2014-04-10,24.4,24.7,23.75,23.95,1179560
MARKSANS,2014-04-11,23.8,24.25,23.3,23.35,1431022
MARKSANS,2014-04-15,23.1,23.75,22.9,23.0,990565
MARKSANS,2014-04-16,23.35,23.35,22.1,22.3,1100923
MARKSANS,2014-04-17,22.5,23.25,22.2,22.8,839094
MARKSANS,2014-04-21,23.0,24.6,22.9,24.1,1797904
MARKSANS,2014-04-22,24.0,24.4,23.6,23.7,845725
MARKSANS,2014-04-23,23.85,24.05,23.3,23.4,642845
MARKSANS,2014-04-24,23.4,23.4,23.4,23.4,0
MARKSANS,2014-04-25,23.5,23.8,22.95,23.15,814476
MARKSANS,2014-04-28,23.1,23.35,22.6,22.85,734329
MARKSANS,2014-04-29,23.1,25.5,22.6,24.45,4185949
MARKSANS,2014-04-30,24.6,25.6,22.9,23.55,2699798
MARKSANS,2014-05-02,23.75,24.25,23.3,23.5,881845
MARKSANS,2014-05-05,23.45,23.85,22.9,22.95,770527
MARKSANS,2014-05-06,22.9,23.45,22.3,22.5,710457
MARKSANS,2014-05-07,22.95,23.0,21.4,21.95,1344859
MARKSANS,2014-05-08,22.0,25.1,21.95,24.05,4142663
MARKSANS,2014-05-09,24.45,24.75,22.8,23.0,1618806
MARKSANS,2014-05-12,23.2,23.7,22.75,22.9,799981
MARKSANS,2014-05-13,22.9,23.65,22.55,23.25,1042402
MARKSANS,2014-05-14,23.4,23.7,22.8,22.9,918058
MARKSANS,2014-05-15,23.2,23.2,22.1,22.3,885616
MARKSANS,2014-05-16,22.45,23.65,22.1,22.85,1014949
MARKSANS,2014-05-19,23.1,23.25,21.8,21.85,1649656
MARKSANS,2014-05-20,22.5,23.05,22.0,22.1,1626808
MARKSANS,2014-05-21,22.35,22.75,21.9,22.45,1279729
MARKSANS,2014-05-22,22.6,25.0,22.6,24.15,3804497
MARKSANS,2014-05-23,24.8,27.85,24.25,26.7,8109854
MARKSANS,2014-05-26,27.3,27.7,23.3,24.45,3670921
MARKSANS,2014-05-27,24.65,25.2,23.2,24.15,1982629
MARKSANS,2014-05-28,24.5,26.0,23.8,25.85,2320321
MARKSANS,2014-05-29,25.9,26.1,20.75,21.35,7571965
MARKSANS,2014-05-30,21.4,22.7,21.4,22.2,2491722
MARKSANS,2014-06-02,22.5,22.5,21.6,21.75,1180640
MARKSANS,2014-06-03,22.0,22.75,21.7,22.45,1503568
MARKSANS,2014-06-04,22.75,26.9,21.15,26.9,15316493
MARKSANS,2014-06-05,27.7,27.8,25.65,25.9,6773376
MARKSANS,2014-06-06,26.35,27.5,25.1,26.95,5154451
MARKSANS,2014-06-09,27.4,29.5,27.0,29.0,8732123
MARKSANS,2014-06-10,29.4,31.2,27.55,29.75,5955172
MARKSANS,2014-06-11,29.6,30.85,27.55,28.65,4195563
MARKSANS,2014-06-12,28.6,29.5,27.75,28.4,1956513
MARKSANS,2014-06-13,28.7,30.25,26.7,27.5,3554299
MARKSANS,2014-06-16,27.25,28.65,26.65,28.4,2325288
MARKSANS,2014-06-17,28.4,29.4,28.3,28.85,1861758
MARKSANS,2014-06-18,28.85,31.5,28.45,30.6,9250942
MARKSANS,2014-06-19,31.1,31.5,29.5,29.8,4333343
MARKSANS,2014-06-20,29.8,30.5,28.8,29.15,2115844
MARKSANS,2014-06-23,29.4,29.7,27.6,28.85,1549335
MARKSANS,2014-06-24,29.0,29.8,28.85,29.2,1384490
MARKSANS,2014-06-25,29.05,30.4,29.05,29.7,1464450
MARKSANS,2014-06-26,29.7,30.25,29.0,29.15,1169067
MARKSANS,2014-06-27,29.3,29.4,28.3,28.55,1305209
MARKSANS,2014-06-30,28.95,29.85,28.55,29.45,1286136
MARKSANS,2014-07-01,29.55,29.9,29.0,29.1,1213862
MARKSANS,2014-07-02,29.2,30.15,28.75,29.15,1977797
MARKSANS,2014-07-03,29.5,32.0,29.2,31.3,7635125
MARKSANS,2014-07-04,31.55,31.6,30.2,30.85,2399183
MARKSANS,2014-07-07,30.95,31.65,30.75,31.2,2099657
MARKSANS,2014-07-08,31.4,31.6,28.25,28.55,2250694
MARKSANS,2014-07-09,28.1,29.9,27.05,27.75,2967979
MARKSANS,2014-07-10,28.25,30.2,27.05,28.5,2847185
MARKSANS,2014-07-11,29.0,29.8,26.5,27.1,2184301
MARKSANS,2014-07-14,27.3,27.95,27.05,27.5,966583
MARKSANS,2014-07-15,27.7,32.2,27.7,31.8,10016449
MARKSANS,2014-07-16,32.3,34.1,31.8,33.35,9971866
MARKSANS,2014-07-17,33.45,33.9,32.5,32.85,3559020
MARKSANS,2014-07-18,32.85,33.95,32.05,33.2,3065382
MARKSANS,2014-07-21,33.5,34.95,33.3,34.5,4750876
MARKSANS,2014-07-22,34.5,34.75,33.05,33.6,2557995
MARKSANS,2014-07-23,33.7,33.9,31.9,32.55,2483603
MARKSANS,2014-07-24,32.5,33.55,32.1,33.1,2264970
MARKSANS,2014-07-25,33.25,34.75,32.8,33.7,3592032
MARKSANS,2014-07-28,33.7,33.7,32.4,32.85,1209985
MARKSANS,2014-07-30,32.6,33.2,32.15,32.8,1287355
MARKSANS,2014-07-31,32.6,34.45,32.4,33.2,1929988
MARKSANS,2014-08-01,32.05,33.4,32.05,32.55,1267610
MARKSANS,2014-08-04,33.0,33.3,32.7,33.05,899910
MARKSANS,2014-08-05,33.25,33.35,32.1,32.5,1552354
MARKSANS,2014-08-06,32.4,32.95,32.25,32.35,775365
MARKSANS,2014-08-07,32.55,32.9,31.6,31.85,1437080
MARKSANS,2014-08-08,31.7,34.2,31.05,33.2,4314734
MARKSANS,2014-08-11,33.9,34.4,33.5,33.9,2110374
MARKSANS,2014-08-12,34.0,37.25,33.85,36.65,10455555
MARKSANS,2014-08-13,36.9,38.25,35.8,37.55,8908585
MARKSANS,2014-08-14,37.8,44.4,37.7,43.55,17924892
MARKSANS,2014-08-18,43.55,49.2,43.0,45.4,17640143
MARKSANS,2014-08-19,46.0,53.9,45.8,52.55,23082777
MARKSANS,2014-08-20,53.0,57.35,52.75,56.9,18622167
MARKSANS,2014-08-21,57.8,58.25,51.25,51.9,10916453
MARKSANS,2014-08-22,50.55,52.6,47.65,49.95,11812454
MARKSANS,2014-08-25,50.05,53.1,50.05,51.3,4592016
MARKSANS,2014-08-26,51.9,53.1,47.3,49.4,4808682
MARKSANS,2014-08-27,50.3,50.65,48.25,48.95,2222621
MARKSANS,2014-08-28,49.0,50.6,48.2,49.35,2234149
MARKSANS,2014-09-01,49.95,51.15,49.35,50.3,2064365
MARKSANS,2014-09-02,50.65,51.05,48.85,49.2,1836408
MARKSANS,2014-09-03,49.5,51.75,48.4,50.55,4068865
MARKSANS,2014-09-04,50.85,51.2,49.1,49.9,2842844
MARKSANS,2014-09-05,50.3,54.0,50.1,53.15,6830039
MARKSANS,2014-09-08,53.55,63.1,53.25,62.4,16600243
MARKSANS,2014-09-09,62.9,64.95,59.1,63.05,10735339
MARKSANS,2014-09-10,62.7,64.5,61.1,62.55,4535670
MARKSANS,2014-09-11,62.75,63.2,59.85,60.15,3495876
MARKSANS,2014-09-12,60.4,69.0,60.4,67.2,15242927
MARKSANS,2014-09-15,66.25,69.35,65.1,66.95,7559365
MARKSANS,2014-09-16,67.4,68.6,57.9,60.35,7541343
MARKSANS,2014-09-17,61.1,64.15,60.4,62.95,7439298
MARKSANS,2014-09-18,63.35,65.2,62.2,64.15,4547535
MARKSANS,2014-09-19,64.5,65.25,61.25,62.0,3298324
MARKSANS,2014-09-22,62.0,63.6,61.0,61.35,2159999
MARKSANS,2014-09-23,62.1,68.1,62.05,63.25,11272748
MARKSANS,2014-09-24,63.85,67.25,62.65,64.0,7270117
MARKSANS,2014-09-25,64.75,65.8,59.4,61.1,4904280
MARKSANS,2014-09-26,60.0,61.35,53.25,58.65,6489113
MARKSANS,2014-09-29,58.9,61.5,58.7,59.8,3118021
MARKSANS,2014-09-30,59.8,61.4,58.35,59.1,3037523
MARKSANS,2014-10-01,59.2,60.85,57.7,58.25,2040185
MARKSANS,2014-10-07,58.25,59.4,57.3,57.8,2219980
MARKSANS,2014-10-08,57.55,58.2,54.65,54.95,2418604
MARKSANS,2014-10-09,55.15,57.6,55.15,56.4,2377932
MARKSANS,2014-10-10,55.5,55.7,53.3,53.65,2658324
MARKSANS,2014-10-13,53.25,53.5,51.3,52.35,2404223
MARKSANS,2014-10-14,52.0,53.7,51.3,52.05,1911061
MARKSANS,2014-10-15,52.05,52.05,52.05,52.05,0
MARKSANS,2014-10-16,52.0,57.95,51.2,53.9,6951098
MARKSANS,2014-10-17,54.4,56.25,53.9,54.35,2476416
MARKSANS,2014-10-20,55.45,56.2,53.75,54.1,1257525
MARKSANS,2014-10-21,54.0,55.2,52.8,53.3,1308172
MARKSANS,2014-10-22,54.1,54.5,52.45,53.65,1489543
MARKSANS,2014-10-27,54.7,56.15,52.75,55.35,3285143
MARKSANS,2014-10-28,55.5,59.95,55.5,59.15,6056216
MARKSANS,2014-10-29,59.8,64.9,59.8,64.05,9629305
MARKSANS,2014-10-30,64.2,64.65,59.9,60.4,3733152
MARKSANS,2014-10-31,61.25,66.25,61.1,63.15,9786112
MARKSANS,2014-11-03,63.75,66.0,63.45,63.8,3638258
MARKSANS,2014-11-05,64.3,64.55,60.35,61.35,3052934
MARKSANS,2014-11-07,61.75,63.4,61.0,61.95,2594158
MARKSANS,2014-11-10,62.3,63.4,61.5,62.2,1924675
MARKSANS,2014-11-11,62.65,64.2,61.2,62.75,3182067
MARKSANS,2014-11-12,62.5,63.75,62.1,62.65,2433058
MARKSANS,2014-11-13,63.0,63.1,59.55,60.85,1743426
MARKSANS,2014-11-14,60.2,61.4,59.5,60.1,1499446
MARKSANS,2014-11-17,59.75,62.7,58.5,60.9,2192904
MARKSANS,2014-11-18,60.8,62.2,60.6,60.95,2012477
MARKSANS,2014-11-19,61.0,62.4,60.2,61.5,2087350
MARKSANS,2014-11-20,61.5,65.3,61.1,64.15,8586186
MARKSANS,2014-11-21,64.7,65.95,62.65,63.1,3824454
MARKSANS,2014-11-24,63.8,64.35,61.8,62.2,1688755
MARKSANS,2014-11-25,61.8,62.35,55.25,57.3,6163403
MARKSANS,2014-11-26,57.6,58.7,56.65,58.15,2190656
MARKSANS,2014-11-27,57.65,59.9,57.65,58.95,1343241
MARKSANS,2014-11-28,59.4,60.25,58.1,58.6,1615078
MARKSANS,2014-12-01,58.2,59.2,57.25,57.6,1203263
MARKSANS,2014-12-02,57.0,58.8,56.1,57.75,2396228
MARKSANS,2014-12-03,57.75,57.75,57.75,57.75,0
MARKSANS,2014-12-04,57.75,57.75,57.75,57.75,0
MARKSANS,2014-12-05,57.75,57.75,57.75,57.75,0
MARKSANS,2014-12-08,56.7,58.4,55.5,55.65,1309352
MARKSANS,2014-12-09,55.15,56.2,53.1,53.45,1090198
MARKSANS,2014-12-10,53.1,54.55,53.0,53.95,1192510
MARKSANS,2014-12-11,54.3,54.8,52.8,53.8,1100373
MARKSANS,2014-12-12,54.25,54.7,52.1,52.7,872441
MARKSANS,2014-12-15,52.2,59.85,52.0,59.15,5562703
MARKSANS,2014-12-16,58.5,59.15,55.3,55.85,2279723
MARKSANS,2014-12-17,56.0,57.05,50.1,53.05,2288098
MARKSANS,2014-12-18,54.5,57.0,54.5,56.0,1608229
MARKSANS,2014-12-19,56.55,64.35,55.0,62.25,8640648
MARKSANS,2014-12-22,62.9,64.9,61.55,61.95,4429541
MARKSANS,2014-12-23,62.2,66.9,61.55,64.8,6166041
MARKSANS,2014-12-24,64.9,66.2,63.0,63.45,2230011
MARKSANS,2014-12-26,63.45,64.3,61.6,62.05,1242447
MARKSANS,2014-12-29,62.55,63.75,61.5,61.95,1278982
MARKSANS,2014-12-30,62.25,63.5,61.15,61.7,1273454
MARKSANS,2014-12-31,61.85,62.4,61.2,61.45,871288
MARKSANS,2015-01-01,61.7,63.7,61.3,62.95,1893842
MARKSANS,2015-01-02,63.7,70.4,63.7,69.4,12123544
MARKSANS,2015-01-05,69.65,72.2,67.6,68.3,6732596
MARKSANS,2015-01-06,67.45,67.45,64.35,64.85,2939812
MARKSANS,2015-01-07,65.0,67.1,63.35,64.75,2727446
MARKSANS,2015-01-08,65.85,68.4,65.85,67.1,2508779
MARKSANS,2015-01-09,68.0,69.5,67.2,67.9,3056946
MARKSANS,2015-01-12,67.8,68.5,66.1,66.8,1178733
MARKSANS,2015-01-13,67.3,67.55,64.85,65.65,1491338
MARKSANS,2015-01-14,65.3,66.2,64.1,64.4,1041985
MARKSANS,2015-01-15,65.3,65.7,62.55,62.9,1686734
MARKSANS,2015-01-16,63.6,64.7,62.55,62.95,1893683
MARKSANS,2015-01-19,63.5,65.1,62.5,62.7,1722347
MARKSANS,2015-01-20,63.05,64.8,63.0,63.9,1870435
MARKSANS,2015-01-21,64.45,64.45,58.95,60.3,2858642
MARKSANS,2015-01-22,60.5,61.7,58.65,59.15,2100894
MARKSANS,2015-01-23,59.95,62.0,59.65,60.15,1520243
MARKSANS,2015-01-27,60.6,60.9,58.3,58.9,1297036
MARKSANS,2015-01-28,58.7,60.2,58.3,58.9,1444363
MARKSANS,2015-01-29,59.3,63.65,58.25,62.25,3382303
MARKSANS,2015-01-30,62.85,63.6,61.3,62.3,1926923
MARKSANS,2015-02-02,62.35,64.35,61.8,63.1,1779298
MARKSANS,2015-02-03,63.4,64.4,62.5,62.95,1580717
MARKSANS,2015-02-04,63.3,64.9,62.9,63.55,2251997
MARKSANS,2015-02-05,63.9,64.25,58.9,59.4,1681381
MARKSANS,2015-02-06,59.0,60.75,56.25,57.0,1532563
MARKSANS,2015-02-09,60.0,61.35,58.5,58.95,2768121
MARKSANS,2015-02-10,58.95,60.25,56.7,57.9,1790173
MARKSANS,2015-02-11,57.9,59.25,57.7,58.55,1110132
MARKSANS,2015-02-12,58.9,61.15,58.45,59.6,1760518
MARKSANS,2015-02-13,60.1,67.5,59.6,65.25,9356619
MARKSANS,2015-02-16,65.55,66.45,63.5,64.05,2638779
MARKSANS,2015-02-18,64.25,67.0,63.15,66.15,2536208
MARKSANS,2015-02-19,66.7,68.1,62.35,64.15,2970599
MARKSANS,2015-02-20,64.75,65.9,63.1,63.75,2045598
MARKSANS,2015-02-23,64.0,64.4,59.4,60.3,1875492
MARKSANS,2015-02-24,60.7,61.6,59.4,60.35,1243686
MARKSANS,2015-02-25,60.75,61.7,58.8,59.25,2164776
MARKSANS,2015-02-26,59.75,59.8,56.8,57.8,2213204
MARKSANS,2015-02-27,58.0,59.75,58.0,59.2,1187658
MARKSANS,2015-03-02,58.95,61.5,58.95,60.7,1805191
MARKSANS,2015-03-03,61.1,62.3,59.95,61.15,2081280
MARKSANS,2015-03-04,61.75,61.9,58.55,59.05,1365484
MARKSANS,2015-03-05,59.3,61.4,58.1,60.75,1735617
MARKSANS,2015-03-09,60.25,62.8,59.2,60.8,3011869
MARKSANS,2015-03-10,61.35,62.55,59.4,60.05,1665090
MARKSANS,2015-03-11,60.5,61.15,59.4,59.6,1247828
MARKSANS,2015-03-12,60.0,61.3,59.65,60.1,1879341
MARKSANS,2015-03-13,60.7,61.4,56.65,57.35,2648554
MARKSANS,2015-03-16,57.8,57.9,56.7,57.05,1285782
MARKSANS,2015-03-17,57.55,59.7,57.1,58.35,2736777
MARKSANS,2015-03-18,58.7,59.7,57.75,58.2,1960489
MARKSANS,2015-03-19,58.75,59.3,56.8,57.15,1382282
MARKSANS,2015-03-20,57.3,57.9,56.0,56.2,1623062
MARKSANS,2015-03-23,56.6,56.7,54.3,55.55,1163358
MARKSANS,2015-03-24,55.75,55.85,54.5,54.8,1035530
MARKSANS,2015-03-25,55.05,55.25,53.65,53.9,911703
MARKSANS,2015-03-26,53.35,53.65,51.35,51.75,1581843
MARKSANS,2015-03-27,52.1,55.5,51.8,54.9,2458686
MARKSANS,2015-03-30,55.55,62.0,55.4,61.05,4937064
MARKSANS,2015-03-31,61.35,63.45,61.0,61.9,3720949
MARKSANS,2015-04-01,61.9,67.45,61.5,66.9,6795988
MARKSANS,2015-04-06,67.25,68.5,65.15,65.45,3852545
MARKSANS,2015-04-07,65.85,66.0,61.9,64.0,3715313
MARKSANS,2015-04-08,64.25,65.55,63.25,63.8,1970740
MARKSANS,2015-04-09,64.2,65.0,62.65,64.0,2192715
MARKSANS,2015-04-10,64.0,69.4,63.1,67.5,8072902
MARKSANS,2015-04-13,67.65,73.6,67.5,72.3,12928005
MARKSANS,2015-04-15,72.7,75.1,70.0,70.65,7564332
MARKSANS,2015-04-16,71.0,72.2,67.5,68.9,3785981
MARKSANS,2015-04-17,69.4,69.7,65.05,65.75,3426636
MARKSANS,2015-04-20,65.2,65.55,61.05,62.35,3994094
MARKSANS,2015-04-21,62.95,63.1,60.7,61.15,3957383
MARKSANS,2015-04-22,61.9,62.5,58.4,60.35,3842888
MARKSANS,2015-04-23,60.95,61.6,59.25,59.75,2542682
MARKSANS,2015-04-24,60.0,60.05,56.8,57.15,2563791
MARKSANS,2015-04-27,57.5,57.55,54.0,54.4,2105716
MARKSANS,2015-04-28,54.3,60.2,53.4,59.75,5086884
MARKSANS,2015-04-29,60.0,60.2,57.1,57.4,2570433
MARKSANS,2015-04-30,57.0,58.95,56.15,57.9,2079870
MARKSANS,2015-05-04,58.4,60.9,58.4,60.05,2600578
MARKSANS,2015-05-05,60.0,61.6,59.1,59.95,2671024
MARKSANS,2015-05-06,58.35,58.95,54.0,54.6,3856443
MARKSANS,2015-05-07,54.9,56.6,54.0,54.95,2496274
MARKSANS,2015-05-08,55.75,57.35,55.75,56.95,2117386
MARKSANS,2015-05-11,57.7,59.1,57.4,58.55,1847473
MARKSANS,2015-05-12,58.55,58.55,57.0,57.8,1613566
MARKSANS,2015-05-13,58.45,59.6,57.8,58.3,1332229
MARKSANS,2015-05-14,58.5,59.0,57.6,58.5,1105311
MARKSANS,2015-05-15,59.25,59.65,58.5,58.75,1156257
MARKSANS,2015-05-18,58.9,59.85,58.75,59.3,939854
MARKSANS,2015-05-19,59.4,63.75,58.9,61.85,3700071
MARKSANS,2015-05-20,62.2,62.85,60.0,60.7,1444798
MARKSANS,2015-05-21,60.15,60.75,59.0,59.4,1331665
MARKSANS,2015-05-22,59.8,59.8,58.1,58.4,1268431
MARKSANS,2015-05-25,58.7,61.0,58.2,60.05,1651966
MARKSANS,2015-05-26,60.45,61.0,58.55,58.95,1144901
MARKSANS,2015-05-27,58.6,58.75,57.85,58.1,1575687
MARKSANS,2015-05-28,58.1,59.8,58.1,58.8,1121089
MARKSANS,2015-05-29,59.1,62.3,59.1,61.8,2435622
MARKSANS,2015-06-01,63.0,65.45,56.1,64.1,5397884
MARKSANS,2015-06-02,64.0,65.35,61.15,61.5,2328464
MARKSANS,2015-06-03,61.0,61.5,56.1,58.45,2459336
MARKSANS,2015-06-04,58.5,60.5,57.65,58.75,1336259
MARKSANS,2015-06-05,58.75,60.7,58.5,60.0,1608619
MARKSANS,2015-06-08,60.55,62.3,60.1,60.45,1356320
MARKSANS,2015-06-09,60.25,61.0,59.1,59.55,881232
MARKSANS,2015-06-10,59.9,60.5,59.35,60.15,1369222
MARKSANS,2015-06-11,60.75,60.75,57.1,57.35,1213130
MARKSANS,2015-06-12,57.5,57.9,56.5,57.65,727935
MARKSANS,2015-06-15,57.95,58.5,56.7,56.9,924039
MARKSANS,2015-06-16,56.6,57.65,56.2,57.3,730360
MARKSANS,2015-06-17,57.75,59.35,57.25,58.65,1233656
MARKSANS,2015-06-18,58.9,60.6,58.8,59.5,916751
MARKSANS,2015-06-19,59.9,60.25,58.35,58.7,942078
MARKSANS,2015-06-22,59.0,62.4,56.75,61.5,3254029
MARKSANS,2015-06-23,61.95,64.3,61.0,62.65,3812316
MARKSANS,2015-06-24,62.95,63.55,60.7,61.05,1606106
MARKSANS,2015-06-25,60.95,61.2,59.4,59.9,1079675
MARKSANS,2015-06-26,59.85,59.9,58.8,59.55,855217
MARKSANS,2015-06-29,58.0,59.3,56.6,58.85,1585110
MARKSANS,2015-06-30,58.85,64.4,58.75,63.75,9064701
MARKSANS,2015-07-01,63.9,69.85,63.75,68.15,8317955
MARKSANS,2015-07-02,68.45,72.0,66.5,70.75,9179203
MARKSANS,2015-07-03,71.05,72.7,69.55,70.6,5781406
MARKSANS,2015-07-06,69.75,84.7,69.7,84.7,23222478
MARKSANS,2015-07-07,87.4,91.95,87.0,88.0,11855752
MARKSANS,2015-07-08,86.4,94.65,82.85,92.55,14922693
MARKSANS,2015-07-09,93.2,94.85,87.6,88.1,7809957
MARKSANS,2015-07-10,88.55,90.35,85.1,86.15,3205836
MARKSANS,2015-07-13,86.2,91.7,86.2,90.2,5075343
MARKSANS,2015-07-14,90.75,93.9,88.5,91.3,6540079
MARKSANS,2015-07-15,91.7,94.3,89.75,91.0,5279117
MARKSANS,2015-07-16,91.3,92.3,90.0,90.55,2773704
MARKSANS,2015-07-17,91.0,91.25,89.05,89.2,2423541
MARKSANS,2015-07-20,89.3,91.4,88.3,89.15,2220468
MARKSANS,2015-07-21,88.45,89.2,83.9,84.5,2701028
MARKSANS,2015-07-22,84.35,85.9,82.75,83.75,2194268
MARKSANS,2015-07-23,84.2,87.4,83.35,84.4,3346992
MARKSANS,2015-07-24,84.95,89.4,84.2,86.8,6166390
MARKSANS,2015-07-27,86.75,88.95,85.55,86.9,2739597
MARKSANS,2015-07-28,87.5,95.5,87.5,94.75,10683739
MARKSANS,2015-07-29,95.35,98.9,95.1,96.75,7576144
MARKSANS,2015-07-30,97.5,105.65,95.65,104.65,12495413
MARKSANS,2015-07-31,105.6,107.25,100.8,103.95,5737639
MARKSANS,2015-08-03,103.5,103.5,97.2,98.65,5695000
MARKSANS,2015-08-04,99.25,104.0,97.0,103.3,5667495
MARKSANS,2015-08-05,104.15,106.35,103.0,103.85,3603160
MARKSANS,2015-08-06,104.2,109.2,103.15,107.45,5693270
MARKSANS,2015-08-07,107.8,112.8,106.15,109.0,6293573
MARKSANS,2015-08-10,111.35,115.0,107.3,109.45,7674525
MARKSANS,2015-08-11,110.45,112.8,107.0,108.5,3751356
MARKSANS,2015-08-12,107.75,108.4,101.3,101.9,3456881
MARKSANS,2015-08-13,102.25,106.0,101.35,102.3,2549609
MARKSANS,2015-08-14,103.4,109.0,103.4,107.65,3047550
MARKSANS,2015-08-17,108.15,108.15,104.1,105.35,1776349
MARKSANS,2015-08-18,105.8,109.65,105.55,108.05,3218831
MARKSANS,2015-08-19,108.4,114.25,106.25,112.25,5929966
MARKSANS,2015-08-20,112.3,112.3,102.65,104.1,3997148
MARKSANS,2015-08-21,101.3,104.75,98.2,103.65,3278271
MARKSANS,2015-08-24,98.0,98.8,82.95,82.95,5258287
MARKSANS,2015-08-25,85.0,90.0,77.8,87.55,8503638
MARKSANS,2015-08-26,87.7,91.4,84.6,86.75,4296736
MARKSANS,2015-08-27,90.0,91.95,88.65,90.45,2957879
MARKSANS,2015-08-28,92.5,94.4,89.0,90.45,3589289
MARKSANS,2015-08-31,90.85,91.85,89.8,90.45,2259271
MARKSANS,2015-09-01,89.9,92.15,86.8,88.5,2829363
MARKSANS,2015-09-02,90.5,91.15,88.65,89.45,2212819
MARKSANS,2015-09-03,90.65,92.5,90.15,91.1,2694514
MARKSANS,2015-09-04,90.65,90.65,83.65,85.5,2581698
MARKSANS,2015-09-07,86.4,87.9,78.65,80.1,3008953
MARKSANS,2015-09-08,81.0,83.25,74.2,81.5,9007483
MARKSANS,2015-09-09,83.3,86.25,82.25,84.5,4377528
MARKSANS,2015-09-10,81.2,84.0,80.0,83.2,3750337
MARKSANS,2015-09-11,84.1,86.5,83.25,85.3,2587204
MARKSANS,2015-09-14,86.25,89.55,85.75,89.0,3324658
MARKSANS,2015-09-15,89.5,91.65,87.85,88.45,2675133
MARKSANS,2015-09-16,89.5,90.4,85.4,86.9,1872221
MARKSANS,2015-09-18,88.05,91.75,87.4,90.1,2693585
MARKSANS,2015-09-21,90.65,96.35,89.85,95.35,3893445
MARKSANS,2015-09-22,96.4,98.7,90.85,91.65,3335714
MARKSANS,2015-09-23,90.5,103.4,88.5,101.2,8567360
MARKSANS,2015-09-24,101.45,107.8,101.0,102.7,8928569
MARKSANS,2015-09-28,104.45,109.3,103.0,103.5,7016754
MARKSANS,2015-09-29,100.3,104.5,98.7,102.55,4300758
MARKSANS,2015-09-30,103.9,105.25,102.25,103.85,2747813
MARKSANS,2015-10-01,104.7,108.3,101.0,105.85,7767904
MARKSANS,2015-10-05,106.85,109.0,106.4,107.0,4482616
MARKSANS,2015-10-06,107.5,111.2,106.6,109.15,7655552
MARKSANS,2015-10-07,109.45,110.15,105.25,105.8,4322294
MARKSANS,2015-10-08,106.0,108.35,104.4,106.15,5794754
MARKSANS,2015-10-09,106.75,108.4,104.3,105.65,3389393
MARKSANS,2015-10-12,106.0,107.5,104.6,105.35,2622443
MARKSANS,2015-10-13,105.6,106.5,104.1,104.55,1702601
MARKSANS,2015-10-14,104.7,105.6,102.55,102.9,1878911
MARKSANS,2015-10-15,103.45,104.4,102.6,102.8,1270184
MARKSANS,2015-10-16,103.4,105.85,100.95,103.3,3124055
MARKSANS,2015-10-19,103.8,105.85,103.4,104.6,1852819
MARKSANS,2015-10-20,105.2,105.6,103.0,103.85,1713782
MARKSANS,2015-10-21,104.2,104.8,102.0,102.3,1360250
MARKSANS,2015-10-23,103.0,104.7,101.15,101.65,1508838
MARKSANS,2015-10-26,102.05,102.8,99.45,100.1,1417943
MARKSANS,2015-10-27,100.0,102.0,97.3,99.45,3389037
MARKSANS,2015-10-28,99.4,101.7,98.8,100.05,2152931
MARKSANS,2015-10-29,100.05,101.9,99.7,100.1,1746801
MARKSANS,2015-10-30,100.45,101.7,96.1,97.65,2109475
MARKSANS,2015-11-02,97.95,98.6,95.1,97.0,1407933
MARKSANS,2015-11-03,97.7,101.25,97.3,99.9,2358375
MARKSANS,2015-11-04,100.6,103.5,100.6,101.6,2651708
MARKSANS,2015-11-05,101.35,102.25,96.4,97.4,1757465
MARKSANS,2015-11-06,97.6,98.2,93.05,94.1,1722494
MARKSANS,2015-11-09,90.0,102.0,89.1,101.2,3368618
MARKSANS,2015-11-10,101.7,102.75,96.2,96.9,4749415
MARKSANS,2015-11-13,98.6,98.6,96.55,96.9,1412301
MARKSANS,2015-11-16,95.1,97.7,95.1,95.7,1597395
MARKSANS,2015-11-17,96.6,98.5,96.2,97.05,1682766
MARKSANS,2015-11-18,97.4,97.8,95.65,96.0,1292501
MARKSANS,2015-11-19,97.0,97.4,95.0,95.8,1212918
MARKSANS,2015-11-20,95.9,97.15,95.0,95.45,1473820
MARKSANS,2015-11-23,96.1,101.6,95.5,99.85,5109732
MARKSANS,2015-11-24,100.75,103.5,100.75,102.0,3702179
MARKSANS,2015-11-26,102.0,102.55,99.65,100.4,1409041
MARKSANS,2015-11-27,100.7,101.1,97.4,98.95,1736359
MARKSANS,2015-11-30,99.1,101.35,97.5,100.45,2829412
MARKSANS,2015-12-01,101.4,109.5,99.5,107.55,10703018
MARKSANS,2015-12-02,108.4,110.9,106.25,107.35,5174397
MARKSANS,2015-12-03,106.7,110.5,106.0,106.9,3898334
MARKSANS,2015-12-04,105.1,106.4,102.85,103.8,2185151
MARKSANS,2015-12-07,104.75,104.9,100.4,101.15,1774104
MARKSANS,2015-12-08,100.7,103.0,98.7,99.15,2573128
MARKSANS,2015-12-09,98.25,99.2,95.1,95.65,2139673
MARKSANS,2015-12-10,96.35,98.2,94.5,97.4,2524630
MARKSANS,2015-12-11,98.0,98.6,94.4,94.95,2234532
MARKSANS,2015-12-14,94.85,95.15,92.55,93.9,1902284
MARKSANS,2015-12-15,94.4,96.75,93.7,95.75,1954858
MARKSANS,2015-12-16,96.4,96.9,94.05,94.45,1682037
MARKSANS,2015-12-17,95.45,100.9,95.2,100.2,4735594
MARKSANS,2015-12-18,99.95,101.8,98.6,99.6,3053849
MARKSANS,2015-12-21,100.7,108.7,99.8,107.75,8852073
MARKSANS,2015-12-22,108.15,108.15,103.5,104.15,3650646
MARKSANS,2015-12-23,104.4,107.0,104.3,105.0,2551394
MARKSANS,2015-12-24,105.0,108.4,104.0,107.35,4932977
MARKSANS,2015-12-28,107.65,113.9,106.05,110.25,7858083
MARKSANS,2015-12-29,110.4,110.9,106.3,106.85,2813506
MARKSANS,2015-12-30,107.0,108.5,105.1,105.55,2496557
MARKSANS,2015-12-31,106.0,107.65,104.2,104.7,1686110
MARKSANS,2016-01-01,105.0,106.95,104.0,104.6,1772306
MARKSANS,2016-01-04,104.8,105.2,99.5,100.3,2913915
MARKSANS,2016-01-05,101.35,103.0,99.9,100.3,3015582
MARKSANS,2016-01-06,100.6,103.5,99.3,99.6,2737534
MARKSANS,2016-01-07,97.85,98.0,95.0,95.5,2669674
MARKSANS,2016-01-08,96.6,98.1,95.6,96.7,2335042
MARKSANS,2016-01-11,95.4,95.8,93.85,94.75,1755013
MARKSANS,2016-01-12,95.0,97.6,94.3,94.6,2161845
MARKSANS,2016-01-13,96.0,96.0,75.7,75.7,14261262
MARKSANS,2016-01-14,68.0,82.45,64.5,78.0,23199568
MARKSANS,2016-01-15,79.4,80.4,62.4,62.4,24886289
MARKSANS,2016-01-18,59.6,64.4,56.2,56.75,17586117
MARKSANS,2016-01-19,57.85,62.4,57.1,62.4,8843912
MARKSANS,2016-01-20,60.75,64.25,58.55,60.95,9325858
MARKSANS,2016-01-21,62.7,64.0,59.5,60.45,4393648
MARKSANS,2016-01-22,62.0,62.35,59.5,60.85,4593195
MARKSANS,2016-01-25,61.75,62.35,60.4,60.75,2508355
MARKSANS,2016-01-27,61.85,61.9,55.3,56.35,5788757
MARKSANS,2016-01-28,55.8,61.95,55.5,61.95,5636409
MARKSANS,2016-01-29,62.95,64.9,62.0,64.25,4196702
MARKSANS,2016-02-01,64.9,68.85,64.6,65.2,4522331
MARKSANS,2016-02-02,65.5,65.65,61.4,62.05,2294196
MARKSANS,2016-02-03,60.15,61.9,59.5,60.15,1580306
MARKSANS,2016-02-04,61.7,61.8,54.6,55.15,5817692
MARKSANS,2016-02-05,56.0,59.25,55.3,57.95,4070452
MARKSANS,2016-02-08,58.7,58.7,56.35,56.7,1741769
MARKSANS,2016-02-09,55.0,58.5,54.9,57.65,1978684
MARKSANS,2016-02-10,57.15,57.3,55.5,56.2,1381032
MARKSANS,2016-02-11,55.5,56.3,49.8,50.35,3914235
MARKSANS,2016-02-12,52.5,52.5,41.3,47.9,5561941
MARKSANS,2016-02-15,43.0,46.9,42.0,43.55,6525726
MARKSANS,2016-02-16,43.1,45.3,39.5,40.05,5733977
MARKSANS,2016-02-17,40.6,40.9,36.5,40.2,6975102
MARKSANS,2016-02-18,40.75,42.6,39.6,40.85,3623558
MARKSANS,2016-02-19,40.3,40.85,39.1,39.85,2096806
MARKSANS,2016-02-22,40.35,41.5,39.6,40.8,1965689
MARKSANS,2016-02-23,40.8,42.4,39.5,41.05,2878336
MARKSANS,2016-02-24,40.5,44.35,40.0,42.9,3862003
MARKSANS,2016-02-25,43.5,43.7,40.4,41.05,2970074
MARKSANS,2016-02-26,41.85,42.25,37.8,38.7,2867871
MARKSANS,2016-02-29,38.75,39.35,34.85,34.85,6194637
MARKSANS,2016-03-01,34.15,38.3,33.5,38.3,7460074
MARKSANS,2016-03-02,39.5,42.1,39.5,42.1,4243411
MARKSANS,2016-03-03,44.6,45.3,42.65,44.5,5588311
MARKSANS,2016-03-04,44.9,49.7,43.4,47.9,6421033
MARKSANS,2016-03-08,48.55,51.0,48.1,50.05,5477239
MARKSANS,2016-03-09,49.85,49.85,47.65,48.9,2938907
MARKSANS,2016-03-10,49.25,52.0,49.25,50.85,3938789
MARKSANS,2016-03-11,50.9,51.9,48.7,50.6,4771045
MARKSANS,2016-03-14,51.1,53.65,50.9,51.95,3306730
MARKSANS,2016-03-15,52.0,52.35,48.7,49.0,3546818
MARKSANS,2016-03-16,49.0,49.0,44.65,47.25,5213340
MARKSANS,2016-03-17,48.0,56.3,47.5,53.9,21647295
MARKSANS,2016-03-18,55.0,55.75,48.3,49.85,20581745
MARKSANS,2016-03-21,50.9,51.9,48.55,49.6,7267295
MARKSANS,2016-03-22,49.4,50.4,48.6,49.2,3841230
MARKSANS,2016-03-23,49.45,50.2,48.1,48.4,2855349
MARKSANS,2016-03-28,48.5,48.9,43.85,44.35,4444555
MARKSANS,2016-03-29,44.5,45.8,41.15,44.35,6871525
MARKSANS,2016-03-30,45.85,47.6,44.65,46.65,4220721
MARKSANS,2016-03-31,46.5,47.45,46.0,46.3,2649320
MARKSANS,2016-04-01,46.15,46.8,45.3,45.75,1914461
MARKSANS,2016-04-04,46.3,48.35,45.8,47.5,3637350
MARKSANS,2016-04-05,47.8,47.8,45.2,45.45,2367935
MARKSANS,2016-04-06,45.7,47.0,45.55,46.65,2310818
MARKSANS,2016-04-07,46.55,49.2,45.9,48.0,5583918
MARKSANS,2016-04-08,47.55,48.7,46.9,47.85,2913063
MARKSANS,2016-04-11,48.0,48.05,46.1,46.8,2162650
MARKSANS,2016-04-12,47.15,47.9,46.0,46.9,1859189
MARKSANS,2016-04-13,47.5,47.6,46.5,46.7,1707738
MARKSANS,2016-04-18,46.7,47.6,45.75,46.4,2170193
MARKSANS,2016-04-20,46.7,48.5,46.35,47.55,3922808
MARKSANS,2016-04-21,47.6,50.6,47.25,48.1,7206259
MARKSANS,2016-04-22,48.0,48.85,46.9,47.3,2165202
MARKSANS,2016-04-25,47.3,47.65,46.5,46.7,1500566
MARKSANS,2016-04-26,46.4,47.8,46.15,46.75,2027554
MARKSANS,2016-04-27,47.25,47.7,46.3,47.0,1819174
MARKSANS,2016-04-28,46.8,47.4,45.5,45.8,1556230
MARKSANS,2016-04-29,46.15,46.55,45.5,45.85,1718923
MARKSANS,2016-05-02,45.9,51.75,45.45,50.15,13015305
MARKSANS,2016-05-03,50.55,51.3,48.55,48.95,4652302
MARKSANS,2016-05-04,48.3,49.5,46.85,47.15,2612639
MARKSANS,2016-05-05,47.2,48.1,46.85,47.25,1608343
MARKSANS,2016-05-06,47.2,50.9,47.0,50.5,6572321
MARKSANS,2016-05-09,50.55,51.9,50.1,51.35,4999550
MARKSANS,2016-05-10,51.3,51.5,49.7,50.35,2093717
MARKSANS,2016-05-11,51.0,52.9,47.5,51.0,14328461
MARKSANS,2016-05-12,51.3,51.75,50.25,50.7,3527786
MARKSANS,2016-05-13,50.75,51.35,49.35,49.7,2776141
MARKSANS,2016-05-16,49.8,50.15,48.75,49.2,1425011
MARKSANS,2016-05-17,49.5,50.25,48.5,48.75,1610515
MARKSANS,2016-05-18,48.75,49.7,47.5,48.4,2340755
MARKSANS,2016-05-19,48.5,48.85,47.1,47.35,1862185
MARKSANS,2016-05-20,47.35,47.7,43.3,44.8,5436810
MARKSANS,2016-05-23,45.65,46.3,45.1,45.45,1607600
MARKSANS,2016-05-24,45.65,45.65,44.1,44.5,1329855
MARKSANS,2016-05-25,44.95,46.7,44.6,45.75,1974659
MARKSANS,2016-05-26,45.8,47.0,45.6,46.8,1747442
MARKSANS,2016-05-27,46.8,47.95,46.1,47.25,2169205
MARKSANS,2016-05-30,47.6,48.5,43.05,44.25,7657009
MARKSANS,2016-05-31,44.5,45.0,43.65,44.45,2199630
MARKSANS,2016-06-01,44.9,45.45,44.45,44.8,2149591
MARKSANS,2016-06-02,44.9,45.0,44.05,44.4,1660186
MARKSANS,2016-06-03,44.85,44.9,43.4,43.65,2083197
MARKSANS,2016-06-06,43.9,43.95,42.1,42.45,1828364
MARKSANS,2016-06-07,42.5,43.85,42.5,42.95,1513882
MARKSANS,2016-06-08,42.95,44.15,42.85,43.25,1769961
MARKSANS,2016-06-09,43.65,45.2,43.4,44.35,2725334
MARKSANS,2016-06-10,44.35,45.0,44.05,44.35,1477028
MARKSANS,2016-06-13,43.95,43.95,42.9,43.6,1244039
MARKSANS,2016-06-14,43.6,44.45,43.0,43.25,1509340
MARKSANS,2016-06-15,43.65,44.05,43.25,43.65,1214858
MARKSANS,2016-06-16,43.65,43.9,42.75,43.15,1180113
MARKSANS,2016-06-17,43.3,43.75,42.65,42.9,961858
MARKSANS,2016-06-20,42.9,45.5,42.0,44.4,3107973
MARKSANS,2016-06-21,45.0,45.8,44.45,44.7,1673325
MARKSANS,2016-06-22,44.75,44.8,43.5,43.6,899286
MARKSANS,2016-06-23,43.45,43.9,43.1,43.3,740673
MARKSANS,2016-06-24,42.0,43.8,39.6,43.3,3193779
MARKSANS,2016-06-27,43.5,46.35,42.9,45.05,3013878
MARKSANS,2016-06-28,45.0,46.7,45.0,46.3,2581738
MARKSANS,2016-06-29,46.25,47.95,46.25,47.25,2619297
MARKSANS,2016-06-30,47.5,48.05,47.3,47.7,1621186
MARKSANS,2016-07-01,47.75,49.7,47.75,49.1,3678094
MARKSANS,2016-07-04,49.6,49.8,47.3,48.15,2111920
MARKSANS,2016-07-05,48.25,49.7,47.55,48.9,2322698
MARKSANS,2016-07-07,48.9,49.2,47.9,48.05,996888
MARKSANS,2016-07-08,48.35,49.5,47.3,48.6,2066040
MARKSANS,2016-07-11,48.95,49.6,48.5,48.95,1439443
MARKSANS,2016-07-12,49.0,49.45,47.75,48.0,910249
MARKSANS,2016-07-13,48.35,48.45,46.3,46.75,1007486
MARKSANS,2016-07-14,46.85,48.05,46.7,47.55,951351
MARKSANS,2016-07-15,47.75,48.15,46.5,46.65,848506
MARKSANS,2016-07-18,46.65,47.35,46.0,46.15,722765
MARKSANS,2016-07-19,46.0,46.45,45.2,45.65,589686
MARKSANS,2016-07-20,45.5,51.7,45.5,50.7,6570650
MARKSANS,2016-07-21,50.8,51.4,48.3,48.75,5078808
MARKSANS,2016-07-22,48.75,49.1,47.55,48.05,1742476
MARKSANS,2016-07-25,48.1,49.2,48.1,48.3,1505526
MARKSANS,2016-07-26,48.45,48.45,46.95,47.2,1233465
MARKSANS,2016-07-27,47.4,48.25,47.0,47.7,1405033
MARKSANS,2016-07-28,47.75,48.9,47.5,47.75,1325352
MARKSANS,2016-07-29,47.85,47.95,47.15,47.35,1052439
MARKSANS,2016-08-01,47.75,47.8,46.25,46.75,910033
MARKSANS,2016-08-02,46.75,47.25,45.55,46.05,955575
MARKSANS,2016-08-03,45.6,48.0,45.2,46.3,1727632
MARKSANS,2016-08-04,46.7,46.95,45.8,46.45,1174061
MARKSANS,2016-08-05,47.8,48.9,47.55,48.35,3085337
MARKSANS,2016-08-08,49.4,50.3,48.5,48.8,2894487
MARKSANS,2016-08-09,48.9,48.9,47.2,47.55,947066
MARKSANS,2016-08-10,47.75,47.75,46.2,46.45,1001184
MARKSANS,2016-08-11,46.3,47.5,45.75,46.2,1047752
MARKSANS,2016-08-12,46.45,46.8,45.6,45.85,1161119
MARKSANS,2016-08-16,42.0,42.0,39.15,40.15,8222929
MARKSANS,2016-08-17,40.25,41.85,40.25,41.5,1715411
MARKSANS,2016-08-18,41.9,42.2,41.1,41.35,1505187
MARKSANS,2016-08-19,41.95,42.0,39.8,40.95,1967873
MARKSANS,2016-08-22,41.45,41.5,40.5,40.8,1571547
MARKSANS,2016-08-23,40.8,40.9,40.15,40.5,1143527
MARKSANS,2016-08-24,40.55,41.5,40.4,41.1,1398857
MARKSANS,2016-08-25,41.4,42.0,40.4,40.75,1740216
MARKSANS,2016-08-26,41.1,41.2,40.35,40.85,1223003
MARKSANS,2016-08-29,40.8,41.2,40.1,40.65,825309
MARKSANS,2016-08-30,41.0,41.65,40.7,41.3,1770238
MARKSANS,2016-08-31,41.05,41.6,40.5,40.8,988457
MARKSANS,2016-09-01,40.8,41.35,40.1,40.35,1254702
MARKSANS,2016-09-02,40.4,44.65,40.4,43.0,5165089
MARKSANS,2016-09-06,43.45,43.5,41.9,42.45,1498758
MARKSANS,2016-09-07,42.2,42.5,41.55,41.7,1098793
MARKSANS,2016-09-08,41.5,45.4,41.5,45.0,5694262
MARKSANS,2016-09-09,44.95,45.5,43.2,43.95,3397561
MARKSANS,2016-09-12,42.8,45.35,42.7,43.55,3114926
MARKSANS,2016-09-14,44.2,44.65,43.15,44.3,2183414
MARKSANS,2016-09-15,44.25,44.35,43.5,43.7,1056316
MARKSANS,2016-09-16,44.15,44.85,43.3,44.3,2325935
MARKSANS,2016-09-19,46.0,47.7,45.0,46.35,6547207
MARKSANS,2016-09-20,46.6,50.5,46.05,49.6,20346505
MARKSANS,2016-09-21,49.85,52.4,49.4,51.3,12587607
MARKSANS,2016-09-22,52.0,52.85,49.8,50.6,5214796
MARKSANS,2016-09-23,50.9,51.1,47.15,47.7,3516362
MARKSANS,2016-09-26,47.75,53.85,47.4,52.75,23040169
MARKSANS,2016-09-27,53.15,55.5,53.05,53.8,14545320
MARKSANS,2016-09-28,54.2,55.5,53.25,54.85,8480768
MARKSANS,2016-09-29,55.3,56.75,48.0,49.2,14313315
MARKSANS,2016-09-30,48.05,53.0,48.05,52.6,6003965
MARKSANS,2016-10-03,54.1,56.9,53.65,56.15,10087915
MARKSANS,2016-10-04,56.6,58.3,56.5,57.1,5859675
MARKSANS,2016-10-05,57.3,57.95,55.55,56.55,4030705
MARKSANS,2016-10-06,56.95,58.2,54.75,55.7,4449249
MARKSANS,2016-10-07,56.0,56.4,52.4,54.1,3225163
MARKSANS,2016-10-10,54.5,55.2,53.0,54.2,2565916
MARKSANS,2016-10-13,53.85,54.05,51.1,52.25,2699033
MARKSANS,2016-10-14,52.95,54.1,51.35,52.0,3679203
MARKSANS,2016-10-17,53.5,54.2,52.6,53.2,3456793
MARKSANS,2016-10-18,53.4,56.0,53.05,54.6,5398463
MARKSANS,2016-10-19,54.8,54.95,53.55,53.95,1874468
MARKSANS,2016-10-20,54.25,54.6,53.6,53.8,1866589
MARKSANS,2016-10-21,53.85,53.9,52.1,52.8,1332726
MARKSANS,2016-10-24,53.0,53.1,51.6,51.7,1605674
MARKSANS,2016-10-25,51.5,51.6,50.5,50.65,1750070
MARKSANS,2016-10-26,50.5,51.75,49.5,51.05,2483458
MARKSANS,2016-10-27,51.8,53.15,51.6,51.9,3268840
MARKSANS,2016-10-28,52.0,52.5,51.3,52.0,1634819
MARKSANS,2016-11-01,52.45,53.15,51.9,52.15,1905621
MARKSANS,2016-11-02,51.65,51.65,49.8,50.25,1364150
MARKSANS,2016-11-03,50.3,50.9,49.0,49.3,1244271
MARKSANS,2016-11-04,49.55,49.6,45.85,46.6,2537894
MARKSANS,2016-11-07,47.3,48.1,47.3,47.5,1254424
MARKSANS,2016-11-08,48.0,48.05,46.2,47.0,1071882
MARKSANS,2016-11-09,41.9,49.2,37.6,48.45,4445326
MARKSANS,2016-11-10,50.0,50.9,49.0,49.15,1781672
MARKSANS,2016-11-11,49.0,49.0,47.0,47.2,977630
MARKSANS,2016-11-15,45.0,45.0,41.15,43.0,2053698
MARKSANS,2016-11-16,43.5,44.75,42.1,43.55,1570165
MARKSANS,2016-11-17,43.9,44.25,42.9,43.2,953936
MARKSANS,2016-11-18,43.0,43.6,42.3,42.8,895181
MARKSANS,2016-11-21,43.05,43.05,40.6,41.0,1091303
MARKSANS,2016-11-22,41.6,42.0,40.7,41.2,897129
MARKSANS,2016-11-23,42.4,42.4,41.2,42.05,764476
MARKSANS,2016-11-24,42.0,43.6,41.3,42.95,1271180
MARKSANS,2016-11-25,43.0,43.6,42.5,43.1,1281372
MARKSANS,2016-11-28,43.0,45.2,43.0,43.8,1425775
MARKSANS,2016-11-29,44.35,44.75,43.75,43.85,917170
MARKSANS,2016-11-30,44.2,44.7,43.55,44.35,1308838
MARKSANS,2016-12-01,45.5,46.5,44.65,44.95,3216193
MARKSANS,2016-12-02,44.75,44.9,43.75,43.95,655859
MARKSANS,2016-12-05,43.95,44.3,43.4,43.85,661531
MARKSANS,2016-12-06,44.0,44.75,43.5,43.85,435081
MARKSANS,2016-12-07,44.0,44.2,43.0,43.15,566530
MARKSANS,2016-12-08,43.15,43.75,43.15,43.3,599791
MARKSANS,2016-12-09,43.5,43.7,43.0,43.1,727864
MARKSANS,2016-12-12,42.95,43.4,42.1,42.3,883366
MARKSANS,2016-12-13,42.3,42.95,42.15,42.3,469477
MARKSANS,2016-12-14,42.75,43.7,42.4,42.65,1028778
MARKSANS,2016-12-15,43.2,43.4,42.3,42.9,758821
MARKSANS,2016-12-16,43.9,43.9,42.45,42.6,1002286
MARKSANS,2016-12-19,42.95,42.95,41.75,41.9,733297
MARKSANS,2016-12-20,42.0,42.35,40.7,40.95,727555
MARKSANS,2016-12-21,41.35,42.0,40.65,41.0,746234
MARKSANS,2016-12-22,41.0,43.25,40.55,40.75,3065867
MARKSANS,2016-12-23,41.25,41.25,40.3,40.4,947610
MARKSANS,2016-12-26,40.4,40.45,39.25,39.4,853560
MARKSANS,2016-12-27,39.3,39.7,38.8,39.45,926819
MARKSANS,2016-12-28,39.95,40.2,39.45,39.7,980889
MARKSANS,2016-12-29,39.95,40.0,39.05,39.5,671349
MARKSANS,2016-12-30,39.5,40.2,39.5,39.85,781403
MARKSANS,2017-01-02,40.0,41.7,39.7,40.95,1158954
MARKSANS,2017-01-03,41.2,41.3,40.55,40.9,923412
MARKSANS,2017-01-04,41.15,41.45,40.65,40.7,896970
MARKSANS,2017-01-05,41.2,41.3,40.5,40.85,912249
MARKSANS,2017-01-06,41.25,41.25,40.05,40.3,922877
MARKSANS,2017-01-09,40.5,41.2,40.3,40.45,1011777
MARKSANS,2017-01-10,40.6,42.85,40.5,41.15,4479192
MARKSANS,2017-01-11,41.55,41.65,40.8,40.9,1437130
MARKSANS,2017-01-12,40.65,40.65,39.6,39.95,1851949
MARKSANS,2017-01-13,40.1,40.45,39.7,39.9,1069295
MARKSANS,2017-01-16,39.9,40.6,39.8,40.0,640424
MARKSANS,2017-01-17,40.2,40.2,39.5,39.6,814053
MARKSANS,2017-01-18,39.75,40.4,39.6,39.75,1073749
MARKSANS,2017-01-19,39.75,40.0,39.65,39.7,651940
MARKSANS,2017-01-20,39.75,40.0,39.35,39.4,963107
MARKSANS,2017-01-23,39.1,39.4,38.9,39.0,657158
MARKSANS,2017-01-24,39.0,39.4,38.2,38.5,786544
MARKSANS,2017-01-25,38.8,39.3,38.5,38.6,735077
MARKSANS,2017-01-27,38.7,39.25,38.6,38.8,822249
MARKSANS,2017-01-30,38.8,38.9,37.9,38.05,1127480
MARKSANS,2017-01-31,38.25,38.3,37.6,37.7,702892
MARKSANS,2017-02-01,37.9,37.9,36.8,37.2,1080189
MARKSANS,2017-02-02,37.4,37.9,37.2,37.55,1032362
MARKSANS,2017-02-03,37.85,39.35,37.8,38.95,3379539
MARKSANS,2017-02-06,39.6,40.9,39.4,39.8,4178730
MARKSANS,2017-02-07,39.8,42.9,39.5,41.05,9068467
MARKSANS,2017-02-08,41.25,41.45,39.8,40.25,1791916
MARKSANS,2017-02-09,40.45,41.5,40.2,40.45,2824431
MARKSANS,2017-02-10,40.9,41.1,39.55,39.75,1502902
MARKSANS,2017-02-13,40.0,40.3,38.9,39.05,1255872
MARKSANS,2017-02-14,39.05,39.35,38.6,38.7,759798
MARKSANS,2017-02-15,38.65,38.8,37.0,37.7,1421124
MARKSANS,2017-02-16,37.9,40.15,37.4,39.7,2354064
MARKSANS,2017-02-17,39.95,41.5,39.5,40.5,5874315
MARKSANS,2017-02-20,41.65,48.6,41.65,48.6,40679250
MARKSANS,2017-02-21,49.75,52.4,49.1,50.6,19197059
MARKSANS,2017-02-22,50.45,50.5,47.6,48.05,6228058
MARKSANS,2017-02-23,48.2,51.2,47.25,49.75,8809139
MARKSANS,2017-02-27,49.9,52.0,48.6,51.0,6715873
MARKSANS,2017-02-28,51.35,51.75,50.15,50.3,2736672
MARKSANS,2017-03-01,50.65,51.15,49.8,49.95,2784939
MARKSANS,2017-03-02,50.2,50.4,47.6,47.85,2646480
MARKSANS,2017-03-03,48.0,49.4,47.35,49.3,2910059
MARKSANS,2017-03-06,49.15,49.7,48.45,48.7,1804670
MARKSANS,2017-03-07,49.0,49.0,47.8,48.05,1203787
MARKSANS,2017-03-08,48.3,50.8,47.5,49.9,6548043
MARKSANS,2017-03-09,49.65,50.3,49.05,49.4,1986423
MARKSANS,2017-03-10,49.7,49.8,48.1,48.4,1236477
MARKSANS,2017-03-14,49.9,49.9,48.6,48.9,1543491
MARKSANS,2017-03-15,49.1,49.7,48.55,48.65,1221973
MARKSANS,2017-03-16,49.1,50.0,48.85,49.35,2189687
MARKSANS,2017-03-17,50.5,52.8,50.2,50.95,9317240
MARKSANS,2017-03-20,51.1,51.5,50.05,50.25,1715212
MARKSANS,2017-03-21,50.6,50.6,49.0,49.3,1417427
MARKSANS,2017-03-22,48.75,48.9,48.1,48.25,1016222
MARKSANS,2017-03-23,48.15,49.15,47.05,47.4,2983986
MARKSANS,2017-03-24,47.6,48.5,47.2,47.4,1823245
MARKSANS,2017-03-27,47.95,47.95,46.55,46.65,1340833
MARKSANS,2017-03-28,46.75,48.1,46.55,46.75,2162028
MARKSANS,2017-03-29,47.2,47.45,46.2,46.6,2528729
MARKSANS,2017-03-30,46.8,47.5,46.25,46.35,1885665
MARKSANS,2017-03-31,46.65,47.8,46.35,47.15,2050203
MARKSANS,2017-04-03,47.3,52.4,47.0,51.2,8271412
MARKSANS,2017-04-05,51.65,54.45,50.6,52.8,9280863
MARKSANS,2017-04-06,52.4,52.7,50.95,51.9,2183274
MARKSANS,2017-04-07,50.9,54.25,50.7,52.15,6451732
MARKSANS,2017-04-10,53.0,57.75,52.1,56.1,31225536
MARKSANS,2017-04-11,56.55,58.25,55.6,56.45,8373418
MARKSANS,2017-04-12,56.5,57.15,52.25,54.2,5106584
MARKSANS,2017-04-13,54.2,55.55,53.35,53.65,3248358
MARKSANS,2017-04-17,54.05,54.75,53.4,54.05,1835299
MARKSANS,2017-04-18,54.5,55.4,52.5,52.75,3291518
MARKSANS,2017-04-19,52.8,54.0,52.15,53.15,2076499
MARKSANS,2017-04-20,53.45,54.25,53.15,53.5,1601027
MARKSANS,2017-04-21,53.8,54.0,52.2,52.5,2672380
MARKSANS,2017-04-24,52.85,52.85,50.85,51.05,2395878
MARKSANS,2017-04-25,51.45,53.5,49.7,52.3,6885688
MARKSANS,2017-04-26,51.9,52.8,50.4,51.55,3042556
MARKSANS,2017-04-27,52.05,53.65,50.7,52.85,3908655
MARKSANS,2017-04-28,52.9,53.05,51.7,52.0,1216611
MARKSANS,2017-05-02,52.4,52.6,50.75,51.15,1434671
MARKSANS,2017-05-03,51.5,51.5,50.1,50.3,1102737
MARKSANS,2017-05-04,50.5,51.8,49.35,49.55,2609631
MARKSANS,2017-05-05,49.7,49.7,47.6,48.1,1905286
MARKSANS,2017-05-08,48.6,49.25,48.1,48.85,1135139
MARKSANS,2017-05-09,49.05,49.2,47.55,48.05,1204802
MARKSANS,2017-05-10,48.5,56.3,48.1,54.15,18708513
MARKSANS,2017-05-11,54.7,54.85,52.0,52.35,4037642
MARKSANS,2017-05-12,52.4,52.45,50.65,50.95,2995073
MARKSANS,2017-05-15,51.45,52.5,51.05,52.05,2034359
MARKSANS,2017-05-16,51.5,52.45,51.2,51.9,1524241
MARKSANS,2017-05-17,52.0,52.0,51.0,51.2,977069
MARKSANS,2017-05-18,50.4,50.9,49.0,49.3,1550732
MARKSANS,2017-05-19,49.7,50.1,47.8,49.05,1908410
MARKSANS,2017-05-22,49.7,49.7,48.0,48.1,1118669
MARKSANS,2017-05-23,48.3,48.3,46.0,46.45,1545697
MARKSANS,2017-05-24,46.5,48.4,45.65,46.0,2003020
MARKSANS,2017-05-25,46.0,46.55,45.5,45.8,1318316
MARKSANS,2017-05-26,46.45,47.2,45.9,46.25,2091730
MARKSANS,2017-05-29,46.7,46.7,42.35,42.95,6238166
MARKSANS,2017-05-30,41.8,42.35,40.35,41.4,2072483
MARKSANS,2017-05-31,42.0,43.3,41.7,42.95,2399144
MARKSANS,2017-06-01,42.7,45.3,42.65,45.0,3579229
MARKSANS,2017-06-02,46.8,47.2,45.05,45.25,3798505
MARKSANS,2017-06-05,45.0,45.25,42.9,43.1,2255267
MARKSANS,2017-06-06,43.4,43.55,42.65,43.05,886857
MARKSANS,2017-06-07,43.0,44.5,42.85,44.1,1784046
MARKSANS,2017-06-08,44.3,44.85,43.75,43.95,1474988
MARKSANS,2017-06-09,44.1,44.15,43.4,43.7,938900
MARKSANS,2017-06-12,43.65,44.5,43.5,43.65,1215585
MARKSANS,2017-06-13,43.8,44.2,43.05,43.2,804932
MARKSANS,2017-06-14,43.5,43.55,42.3,42.55,1098181
MARKSANS,2017-06-15,42.85,43.85,42.5,43.3,1397864
MARKSANS,2017-06-16,43.5,43.75,42.7,43.15,881682
MARKSANS,2017-06-19,42.95,43.5,42.6,42.9,728086
MARKSANS,2017-06-20,43.0,43.3,42.75,42.8,632794
MARKSANS,2017-06-21,43.0,43.2,42.6,42.75,694023
MARKSANS,2017-06-22,43.0,43.6,42.6,42.75,773729
MARKSANS,2017-06-23,42.75,43.0,41.25,41.45,1068344
MARKSANS,2017-06-27,41.9,42.0,40.5,40.9,885771
MARKSANS,2017-06-28,40.75,41.4,40.4,40.55,674119
MARKSANS,2017-06-29,40.95,41.3,40.4,40.55,731585
MARKSANS,2017-06-30,40.75,42.0,40.4,40.95,1629619
MARKSANS,2017-07-03,41.6,42.1,40.7,41.75,1019475
MARKSANS,2017-07-04,42.0,42.05,41.05,41.5,931486
MARKSANS,2017-07-05,41.7,42.4,41.25,41.75,1137260
MARKSANS,2017-07-06,41.7,42.3,41.25,41.6,841022
MARKSANS,2017-07-07,41.65,43.85,41.3,42.9,3096513
MARKSANS,2017-07-10,43.5,44.9,43.0,44.5,1033588
MARKSANS,2017-07-11,44.95,45.0,43.25,43.55,2321854
MARKSANS,2017-07-12,43.95,43.95,42.9,43.25,687827
MARKSANS,2017-07-13,43.6,43.85,42.75,42.85,889858
MARKSANS,2017-07-14,43.2,43.4,42.5,42.75,908153
MARKSANS,2017-07-17,43.0,43.15,42.2,42.25,590386
MARKSANS,2017-07-18,42.15,42.85,41.8,42.3,796684
MARKSANS,2017-07-19,42.6,44.3,42.4,43.6,1826018
MARKSANS,2017-07-20,43.7,43.8,42.5,42.65,1039745
MARKSANS,2017-07-21,42.7,43.3,42.25,42.45,1092501
MARKSANS,2017-07-24,42.7,42.9,41.8,41.95,1178045
MARKSANS,2017-07-25,42.15,42.35,41.55,41.7,796796
MARKSANS,2017-07-26,41.6,44.15,41.6,43.2,4040598
MARKSANS,2017-07-27,43.45,44.2,42.5,42.95,1807162
MARKSANS,2017-07-28,42.95,45.3,42.6,44.6,3548578
MARKSANS,2017-07-31,44.6,44.85,42.1,42.45,2072584
MARKSANS,2017-08-01,42.55,43.25,42.2,42.8,1570216
MARKSANS,2017-08-02,42.9,43.3,42.1,42.3,849092
MARKSANS,2017-08-03,42.1,42.75,41.25,41.45,1290758
MARKSANS,2017-08-04,41.3,41.45,39.75,40.35,1881934
MARKSANS,2017-08-07,40.3,42.8,39.8,41.3,1914981
MARKSANS,2017-08-08,41.5,42.25,39.75,39.95,1399914
MARKSANS,2017-08-09,40.0,40.15,37.35,37.8,2146694
MARKSANS,2017-08-10,38.2,39.1,37.0,37.25,1991185
MARKSANS,2017-08-11,37.5,40.75,35.9,39.55,4937079
MARKSANS,2017-08-14,40.7,41.05,39.85,40.45,1879050
MARKSANS,2017-08-16,41.4,41.4,39.5,39.7,1607717
MARKSANS,2017-08-17,40.0,40.15,38.95,39.15,1208852
MARKSANS,2017-08-18,39.0,39.0,37.85,38.0,1320325
MARKSANS,2017-08-21,38.9,38.9,37.3,37.4,851845
MARKSANS,2017-08-22,37.7,38.2,36.5,37.25,1262454
MARKSANS,2017-08-23,37.5,37.7,37.0,37.2,1056828
MARKSANS,2017-08-24,37.9,38.85,37.5,38.1,2604695
MARKSANS,2017-08-28,39.0,39.9,38.6,39.75,1817023
MARKSANS,2017-08-29,40.1,40.4,39.25,39.55,1671530
MARKSANS,2017-08-30,39.95,40.3,39.8,40.1,1076557
MARKSANS,2017-08-31,40.2,40.35,39.7,39.9,705372
MARKSANS,2017-09-01,39.9,41.3,39.65,40.2,1701551
MARKSANS,2017-09-04,40.2,40.2,38.8,39.05,982983
MARKSANS,2017-09-05,39.05,40.1,39.05,39.25,1041457
MARKSANS,2017-09-06,39.0,39.7,38.7,39.1,1003035
MARKSANS,2017-09-07,39.35,41.15,39.2,40.15,2777860
MARKSANS,2017-09-08,40.4,40.8,39.2,39.3,1251807
MARKSANS,2017-09-11,39.9,40.85,39.25,39.95,1605202
MARKSANS,2017-09-12,39.95,40.6,39.5,39.9,1494027
MARKSANS,2017-09-13,39.7,42.8,39.7,41.6,5855615
MARKSANS,2017-09-14,41.9,43.85,41.8,43.25,4485802
MARKSANS,2017-09-15,42.85,45.9,41.75,44.35,7957883
MARKSANS,2017-09-18,45.25,46.2,44.75,44.9,4494154
MARKSANS,2017-09-19,45.3,45.3,43.25,43.55,1927997
MARKSANS,2017-09-20,43.3,48.1,43.25,45.95,8034340
MARKSANS,2017-09-21,45.95,48.25,44.0,47.6,9643381
MARKSANS,2017-09-22,46.95,48.35,44.65,44.9,6366425
MARKSANS,2017-09-25,45.2,45.35,40.4,43.4,3341643
MARKSANS,2017-09-26,43.9,44.75,42.9,43.3,2356309
MARKSANS,2017-09-27,43.75,43.75,40.2,40.6,2415891
MARKSANS,2017-09-28,41.0,42.6,40.05,41.8,2107126
MARKSANS,2017-09-29,42.25,43.4,42.25,42.5,1669221
MARKSANS,2017-10-03,43.45,43.75,42.4,42.7,1325513
MARKSANS,2017-10-04,43.1,46.7,42.7,46.3,5155874
MARKSANS,2017-10-05,47.0,47.5,45.5,45.95,7153616
MARKSANS,2017-10-06,46.0,49.15,44.0,47.9,7450961
MARKSANS,2017-10-09,47.9,51.85,45.6,48.9,18375088
MARKSANS,2017-10-10,48.6,49.75,48.05,48.15,4848163
MARKSANS,2017-10-11,48.4,49.1,44.45,45.65,3625757
MARKSANS,2017-10-12,46.0,47.1,45.6,46.35,2379932
MARKSANS,2017-10-13,46.35,46.8,45.45,45.6,1801971
MARKSANS,2017-10-16,46.0,46.45,45.1,45.25,1860348
MARKSANS,2017-10-17,45.5,46.2,44.75,45.25,2354267
MARKSANS,2017-10-18,45.3,45.65,44.6,44.75,2507876
MARKSANS,2017-10-19,45.0,45.0,44.1,44.35,502218
MARKSANS,2017-10-23,44.2,45.2,43.2,43.35,1821175
MARKSANS,2017-10-24,43.65,44.5,43.05,43.2,2294541
MARKSANS,2017-10-25,43.7,44.3,42.85,43.15,1958796
MARKSANS,2017-10-26,43.4,43.7,42.9,43.2,1354617
MARKSANS,2017-10-27,43.2,45.15,43.2,44.15,2940178
MARKSANS,2017-10-30,44.25,45.2,44.15,44.35,1903212
MARKSANS,2017-10-31,44.3,45.7,43.8,44.75,2661458
MARKSANS,2017-11-01,44.9,47.1,44.55,46.55,4644400
MARKSANS,2017-11-02,47.85,49.3,47.5,47.8,9621962
MARKSANS,2017-11-03,48.4,50.9,47.9,50.1,10404144
MARKSANS,2017-11-06,50.25,52.3,49.75,51.05,7302963
MARKSANS,2017-11-07,51.5,51.85,46.85,47.8,6448410
MARKSANS,2017-11-08,48.2,48.9,46.35,47.25,2556867
MARKSANS,2017-11-09,47.65,48.65,46.5,48.15,2145723
MARKSANS,2017-11-10,48.4,50.2,47.6,48.95,5562312
MARKSANS,2017-11-13,49.5,50.9,41.4,42.15,30362787
MARKSANS,2017-11-14,42.65,43.4,40.6,41.65,11202403
MARKSANS,2017-11-15,41.7,41.95,39.45,39.9,5731440
MARKSANS,2017-11-16,40.35,40.65,39.25,39.95,4517063
MARKSANS,2017-11-17,40.7,41.1,40.4,40.7,2902770
MARKSANS,2017-11-20,40.85,41.5,40.55,41.2,3183265
MARKSANS,2017-11-21,41.6,41.95,41.2,41.4,3541720
MARKSANS,2017-11-22,41.75,41.8,40.95,41.15,2760522
MARKSANS,2017-11-23,41.5,41.5,40.5,41.0,2159465
MARKSANS,2017-11-24,41.1,41.25,40.55,40.75,1822510
MARKSANS,2017-11-27,40.65,41.6,40.4,41.05,2304372
MARKSANS,2017-11-28,41.0,41.3,40.5,40.65,2158259
MARKSANS,2017-11-29,40.7,41.0,40.25,40.45,2293209
MARKSANS,2017-11-30,40.25,40.45,39.0,39.15,5116983
MARKSANS,2017-12-01,39.4,39.85,38.3,38.4,6408360
MARKSANS,2017-12-04,38.6,38.95,36.75,36.9,6736054
MARKSANS,2017-12-05,36.8,37.95,36.2,37.7,4126121
MARKSANS,2017-12-06,37.7,37.7,36.7,36.95,2774298
MARKSANS,2017-12-07,37.4,39.0,36.95,37.95,7911851
MARKSANS,2017-12-08,38.4,38.7,37.6,37.8,3344283
MARKSANS,2017-12-11,37.95,38.2,36.85,36.95,4087993
MARKSANS,2017-12-12,37.05,37.1,36.5,36.6,3448671
MARKSANS,2017-12-13,36.7,36.7,36.0,36.1,3502055
MARKSANS,2017-12-14,36.25,36.7,35.1,35.2,5729751
MARKSANS,2017-12-15,35.7,36.15,35.1,35.35,4466782
MARKSANS,2017-12-18,35.35,36.05,34.2,35.6,3579209
MARKSANS,2017-12-19,36.0,38.15,35.8,38.0,5690665
MARKSANS,2017-12-20,38.4,39.5,38.0,38.8,5072623
MARKSANS,2017-12-21,38.8,40.35,38.8,39.9,5159873
MARKSANS,2017-12-22,40.1,40.6,39.0,39.35,4495205
MARKSANS,2017-12-26,39.45,39.6,38.65,39.0,2708307
MARKSANS,2017-12-27,39.2,41.2,38.85,40.35,7517049
MARKSANS,2017-12-28,40.5,41.3,39.9,40.2,3799034
MARKSANS,2017-12-29,40.5,40.8,39.65,39.95,2641104
MARKSANS,2018-01-01,39.85,40.9,39.8,39.95,2709022
MARKSANS,2018-01-02,40.0,40.55,39.15,39.65,3192504
MARKSANS,2018-01-03,40.0,40.4,39.8,40.05,3121155
MARKSANS,2018-01-04,40.4,40.75,40.0,40.25,2800047
MARKSANS,2018-01-05,40.65,42.75,40.3,41.75,8634924
MARKSANS,2018-01-08,42.25,44.9,42.2,44.2,12625773
MARKSANS,2018-01-09,44.6,45.6,43.4,44.85,10554813
MARKSANS,2018-01-10,44.8,47.4,43.5,46.45,15317925
MARKSANS,2018-01-11,46.85,50.35,46.7,48.75,23052322
MARKSANS,2018-01-12,49.2,49.65,45.75,47.05,8419504
MARKSANS,2018-01-15,47.4,48.45,46.6,46.95,5216543
MARKSANS,2018-01-16,46.9,47.7,44.65,45.4,7221505
MARKSANS,2018-01-17,46.55,46.8,44.15,45.55,6125852
MARKSANS,2018-01-18,46.0,47.5,43.45,43.95,6148395
MARKSANS,2018-01-19,44.25,44.9,43.1,44.4,3574926
MARKSANS,2018-01-22,44.75,44.9,43.9,44.05,2272024
MARKSANS,2018-01-23,44.3,45.25,44.15,44.35,3578295
MARKSANS,2018-01-24,44.3,46.3,43.05,45.2,6119122
MARKSANS,2018-01-25,45.25,45.8,44.4,44.65,2558334
MARKSANS,2018-01-29,44.5,45.4,42.2,42.45,2558069
MARKSANS,2018-01-30,42.6,42.6,40.65,40.85,2705655
MARKSANS,2018-01-31,40.55,42.2,40.0,40.3,4327083
MARKSANS,2018-02-01,39.75,40.95,39.05,39.9,3384624
MARKSANS,2018-02-02,39.0,40.25,37.7,37.95,6292962
MARKSANS,2018-02-05,37.0,38.75,36.75,38.2,3896395
MARKSANS,2018-02-06,36.05,38.0,36.0,37.75,4190394
MARKSANS,2018-02-07,38.2,38.95,37.5,37.8,2492863
MARKSANS,2018-02-08,38.0,39.9,37.85,39.5,3048309
MARKSANS,2018-02-09,37.55,40.45,37.55,39.9,3224427
MARKSANS,2018-02-12,40.8,42.8,40.15,41.35,6808116
MARKSANS,2018-02-14,42.0,42.5,40.7,40.9,2373906
MARKSANS,2018-02-15,41.5,41.5,38.8,39.75,2185805
MARKSANS,2018-02-16,39.85,40.35,37.55,38.15,3947424
MARKSANS,2018-02-19,38.75,38.75,37.4,37.9,1883220
MARKSANS,2018-02-20,37.85,38.55,37.5,37.75,1605450
MARKSANS,2018-02-21,38.1,38.35,36.75,37.05,2300118
MARKSANS,2018-02-22,36.9,38.6,36.85,38.2,2410531
MARKSANS,2018-02-23,38.6,39.25,38.5,38.8,2279573
MARKSANS,2018-02-26,39.1,39.25,38.5,38.65,1736259
MARKSANS,2018-02-27,38.95,39.2,38.4,38.55,1399188
MARKSANS,2018-02-28,38.4,38.85,38.0,38.15,1867811
MARKSANS,2018-03-01,38.2,38.35,37.8,37.95,1258850
MARKSANS,2018-03-05,37.75,39.1,37.35,38.25,2830637
MARKSANS,2018-03-06,38.5,39.0,37.65,37.85,2014118
MARKSANS,2018-03-07,37.5,37.75,36.0,36.25,2204005
MARKSANS,2018-03-08,37.0,37.0,35.0,35.8,2037131
MARKSANS,2018-03-09,36.0,36.6,35.75,35.95,1606325
MARKSANS,2018-03-12,36.25,36.45,34.7,35.25,2204861
MARKSANS,2018-03-13,35.5,36.2,35.25,35.75,2312740
MARKSANS,2018-03-14,36.0,36.25,35.25,35.6,2062749
MARKSANS,2018-03-15,35.9,36.95,35.6,36.5,3152542
MARKSANS,2018-03-16,36.75,36.75,35.5,35.7,2318071
MARKSANS,2018-03-19,36.0,36.0,34.5,34.75,1604581
MARKSANS,2018-03-20,34.65,34.95,34.0,34.1,1761579
MARKSANS,2018-03-21,34.4,35.4,34.2,34.3,1933764
MARKSANS,2018-03-22,34.45,34.5,33.3,33.4,1616447
MARKSANS,2018-03-23,33.0,33.0,31.25,31.45,4877322
MARKSANS,2018-03-26,31.45,31.95,31.0,31.4,2805694
MARKSANS,2018-03-27,31.95,32.75,31.7,32.4,2271776
MARKSANS,2018-03-28,32.2,32.2,31.5,31.65,1527062
MARKSANS,2018-04-02,32.0,34.0,31.85,33.8,2051467
MARKSANS,2018-04-03,33.8,34.55,33.15,34.4,2187025
MARKSANS,2018-04-04,34.8,35.4,33.9,34.1,2240039
MARKSANS,2018-04-05,35.1,35.2,34.55,34.9,1439713
MARKSANS,2018-04-06,35.0,35.2,34.3,34.85,1384941
MARKSANS,2018-04-09,35.0,35.7,34.9,35.35,1365913
MARKSANS,2018-04-10,35.7,36.0,35.0,35.3,1135297
MARKSANS,2018-04-11,35.65,35.65,35.0,35.1,954125
MARKSANS,2018-04-12,35.15,35.5,34.6,34.9,991215
MARKSANS,2018-04-13,35.1,35.35,34.7,34.9,1009942
MARKSANS,2018-04-16,34.65,34.85,34.1,34.35,1121140
MARKSANS,2018-04-17,34.7,34.85,34.1,34.6,899206
MARKSANS,2018-04-18,34.95,34.95,34.15,34.25,964337
MARKSANS,2018-04-19,34.4,34.5,34.05,34.15,897993
MARKSANS,2018-04-20,34.05,34.2,33.1,33.25,1800058
MARKSANS,2018-04-23,33.25,34.25,32.95,33.45,1594678
MARKSANS,2018-04-24,33.55,35.45,33.45,34.85,2745523
MARKSANS,2018-04-25,34.5,34.85,33.4,33.6,1529904
MARKSANS,2018-04-26,33.8,33.8,33.15,33.4,690858
MARKSANS,2018-04-27,33.4,33.85,33.1,33.2,1148401
MARKSANS,2018-04-30,33.3,33.85,33.05,33.35,927375
MARKSANS,2018-05-02,33.6,34.0,32.9,33.05,787292
MARKSANS,2018-05-03,33.0,33.0,31.75,32.2,1107596
MARKSANS,2018-05-04,32.4,32.4,31.75,31.85,848549
MARKSANS,2018-05-07,32.15,32.35,31.2,31.35,1247963
MARKSANS,2018-05-08,31.6,31.7,31.0,31.25,954322
MARKSANS,2018-05-09,31.1,31.55,31.1,31.2,873272
MARKSANS,2018-05-10,31.3,31.55,30.0,30.1,1644343
MARKSANS,2018-05-11,30.1,30.55,28.75,28.85,1826869
MARKSANS,2018-05-14,28.95,29.0,25.3,27.45,3871631
MARKSANS,2018-05-15,27.0,28.25,26.8,27.2,1677606
MARKSANS,2018-05-16,27.0,27.9,26.95,27.35,1176822
MARKSANS,2018-05-17,27.5,29.25,27.25,29.0,2105508
MARKSANS,2018-05-18,29.4,29.7,27.8,27.95,1362709
MARKSANS,2018-05-21,27.5,27.9,26.1,26.35,1299635
MARKSANS,2018-05-22,26.45,26.45,25.4,25.9,1958810
MARKSANS,2018-05-23,25.75,30.1,25.55,28.6,5540454
MARKSANS,2018-05-24,29.0,29.5,28.25,29.0,2131195
MARKSANS,2018-05-25,28.95,29.0,28.35,28.55,1173942
MARKSANS,2018-05-28,28.75,30.3,28.7,29.9,2084559
MARKSANS,2018-05-29,29.6,31.3,29.15,30.65,1751740
MARKSANS,2018-05-30,30.35,33.3,29.1,30.8,6646714
MARKSANS,2018-05-31,31.55,31.55,28.45,29.05,3052508
MARKSANS,2018-06-01,28.85,28.85,25.6,26.75,2501616
MARKSANS,2018-06-04,27.05,27.4,26.0,26.3,1748788
MARKSANS,2018-06-05,26.15,26.45,24.3,24.65,2277050
MARKSANS,2018-06-06,24.7,25.65,23.55,25.45,2211358
MARKSANS,2018-06-07,25.55,26.9,25.3,26.7,1749160
MARKSANS,2018-06-08,26.7,28.4,26.1,27.95,3015785
MARKSANS,2018-06-11,28.45,29.7,28.0,29.2,3420562
MARKSANS,2018-06-12,29.0,31.85,29.0,31.4,6612037
MARKSANS,2018-06-13,32.0,32.65,30.6,30.95,5785787
MARKSANS,2018-06-14,30.9,31.1,29.8,30.4,3588258
MARKSANS,2018-06-15,30.55,31.8,30.3,30.95,4791034
MARKSANS,2018-06-18,30.9,31.15,30.05,30.4,1953711
MARKSANS,2018-06-19,30.0,32.9,29.8,31.65,8138404
MARKSANS,2018-06-20,31.7,32.5,30.75,30.95,2712521
MARKSANS,2018-06-21,31.2,31.25,28.7,29.35,3628944
MARKSANS,2018-06-22,29.4,29.8,28.55,29.3,2344667
MARKSANS,2018-06-25,29.2,29.95,28.8,29.0,2041760
MARKSANS,2018-06-26,28.65,29.0,27.7,28.0,1738785
MARKSANS,2018-06-27,28.0,28.0,26.15,26.45,1986351
MARKSANS,2018-06-28,26.25,26.25,25.25,25.55,1799398
MARKSANS,2018-06-29,26.4,26.9,25.95,26.35,1332030
MARKSANS,2018-07-02,26.5,26.5,25.8,26.05,1149282
MARKSANS,2018-07-03,26.1,26.95,26.0,26.85,1488545
MARKSANS,2018-07-04,27.4,29.45,26.85,28.75,3837725
MARKSANS,2018-07-05,28.6,28.7,27.4,27.75,1549572
MARKSANS,2018-07-06,28.2,28.5,27.7,27.9,1454991
MARKSANS,2018-07-09,28.05,28.45,27.85,28.05,1123378
MARKSANS,2018-07-10,28.1,28.9,28.1,28.3,1168911
MARKSANS,2018-07-11,28.0,28.75,27.6,27.9,1420591
MARKSANS,2018-07-12,28.0,28.45,27.25,27.75,1064135
MARKSANS,2018-07-13,27.8,27.95,27.05,27.2,973377
MARKSANS,2018-07-16,27.15,27.15,25.65,26.0,1409444
MARKSANS,2018-07-17,26.1,26.75,26.1,26.25,969368
MARKSANS,2018-07-18,26.4,26.5,25.25,25.65,891062
MARKSANS,2018-07-19,26.2,26.2,25.2,25.45,1097271
MARKSANS,2018-07-20,25.5,25.9,25.35,25.6,764830
MARKSANS,2018-07-23,25.5,26.0,25.5,25.7,545187
MARKSANS,2018-07-24,25.95,27.15,25.65,26.7,1870352
MARKSANS,2018-07-25,26.9,27.25,26.5,26.6,850891
MARKSANS,2018-07-26,26.6,26.7,26.05,26.3,993600
MARKSANS,2018-07-27,26.6,27.75,26.15,27.15,1581521
MARKSANS,2018-07-30,26.3,29.0,26.25,28.2,2825309
MARKSANS,2018-07-31,28.4,28.6,27.9,28.1,1139988
MARKSANS,2018-08-01,28.35,28.7,27.9,27.95,1286160
MARKSANS,2018-08-02,28.15,30.0,27.75,28.9,3665914
MARKSANS,2018-08-03,29.1,29.85,29.1,29.25,1413632
MARKSANS,2018-08-06,29.5,33.95,29.2,33.5,19147706
MARKSANS,2018-08-07,34.0,34.2,32.2,32.55,5121502
MARKSANS,2018-08-08,32.8,33.15,31.1,31.65,3263076
MARKSANS,2018-08-09,31.7,32.3,31.1,31.6,2508976
MARKSANS,2018-08-10,31.75,31.75,30.2,30.4,2187720
MARKSANS,2018-08-13,30.0,30.9,29.55,30.5,2066622
MARKSANS,2018-08-14,30.85,31.45,30.3,30.7,2002748
MARKSANS,2018-08-16,30.9,31.1,30.45,30.8,2552874
MARKSANS,2018-08-17,31.0,33.0,30.7,32.4,5401108
MARKSANS,2018-08-20,32.6,33.75,32.45,33.0,2518959
MARKSANS,2018-08-21,33.05,33.4,31.4,32.75,2771604
MARKSANS,2018-08-23,32.7,36.9,32.7,36.2,12903727
MARKSANS,2018-08-24,36.45,37.9,35.3,37.15,10546697
MARKSANS,2018-08-27,37.0,38.15,36.5,37.2,4322528
MARKSANS,2018-08-28,37.0,37.2,35.5,35.95,3486647
MARKSANS,2018-08-29,35.75,36.5,35.15,35.45,2402745
MARKSANS,2018-08-30,35.7,36.3,35.4,35.95,1830596
MARKSANS,2018-08-31,36.0,38.5,36.0,37.8,9053707
MARKSANS,2018-09-03,38.5,40.3,38.2,39.4,9152444
MARKSANS,2018-09-04,39.7,40.6,37.8,38.55,5804727
MARKSANS,2018-09-05,38.4,39.4,37.25,38.45,3166146
MARKSANS,2018-09-06,38.95,39.3,37.9,38.4,3246386
MARKSANS,2018-09-07,38.5,39.2,37.9,38.7,2946260
MARKSANS,2018-09-10,38.8,39.25,38.05,38.3,2568834
MARKSANS,2018-09-11,38.6,39.2,36.0,36.3,2465764
MARKSANS,2018-09-12,36.3,36.7,35.0,36.2,3044138
MARKSANS,2018-09-14,36.55,38.6,36.4,38.25,3657173
MARKSANS,2018-09-17,38.1,38.3,37.1,37.4,2165269
MARKSANS,2018-09-18,37.4,37.75,35.9,36.1,2456568
MARKSANS,2018-09-19,36.4,36.75,34.25,35.15,2312627
MARKSANS,2018-09-21,36.0,36.8,31.0,33.05,7120463
MARKSANS,2018-09-24,33.6,33.9,32.25,32.85,2828597
MARKSANS,2018-09-25,32.8,33.35,31.05,32.05,2997094
MARKSANS,2018-09-26,33.35,34.0,31.65,31.85,5104575
MARKSANS,2018-09-27,31.95,32.2,30.8,31.05,2110887
MARKSANS,2018-09-28,31.3,31.45,29.05,29.4,2833273
MARKSANS,2018-10-01,29.5,29.5,26.0,29.3,2638305
MARKSANS,2018-10-03,29.3,31.9,28.6,31.35,3763541
MARKSANS,2018-10-04,31.25,31.75,30.2,31.05,2746273
MARKSANS,2018-10-05,30.75,31.55,30.1,30.35,1724108
MARKSANS,2018-10-08,29.9,30.9,28.8,29.45,2593441
MARKSANS,2018-10-09,29.7,30.3,29.15,29.55,2346357
MARKSANS,2018-10-10,29.75,30.45,29.55,30.1,1845317
MARKSANS,2018-10-11,29.15,29.45,28.0,28.95,1545581
MARKSANS,2018-10-12,29.4,30.1,29.4,29.8,1574570
MARKSANS,2018-10-15,30.0,30.9,29.65,30.75,1808047
MARKSANS,2018-10-16,31.5,32.2,30.8,31.2,2313139
MARKSANS,2018-10-17,31.6,31.9,29.6,30.3,1376595
MARKSANS,2018-10-19,30.25,30.35,28.4,29.45,2530635
MARKSANS,2018-10-22,29.95,29.95,28.5,28.85,1842676
MARKSANS,2018-10-23,28.55,28.8,27.75,27.95,1331188
MARKSANS,2018-10-24,27.8,28.45,27.55,27.85,1273389
MARKSANS,2018-10-25,27.75,27.75,26.8,27.15,1037211
MARKSANS,2018-10-26,27.15,27.7,26.65,27.0,1076862
MARKSANS,2018-10-29,27.15,29.0,27.0,28.7,2045533
MARKSANS,2018-10-30,28.8,29.2,28.25,28.65,1129121
MARKSANS,2018-10-31,28.75,29.2,28.65,28.9,963683
MARKSANS,2018-11-01,29.05,29.65,29.0,29.3,1041762
MARKSANS,2018-11-02,29.7,30.6,29.4,30.1,1921391
MARKSANS,2018-11-05,30.0,30.15,29.55,29.8,657845
MARKSANS,2018-11-06,30.1,31.9,30.0,31.2,1716779
MARKSANS,2018-11-07,32.0,33.35,31.5,32.9,1560446
MARKSANS,2018-11-09,33.1,34.75,33.1,34.55,3369246
MARKSANS,2018-11-12,34.5,35.1,32.65,33.1,2982565
MARKSANS,2018-11-13,32.8,33.5,31.2,31.85,6668549
MARKSANS,2018-11-14,32.15,32.5,31.0,31.6,1603063
MARKSANS,2018-11-15,31.6,31.6,30.05,30.3,1254416
MARKSANS,2018-11-16,30.7,31.15,29.75,30.1,1608878
MARKSANS,2018-11-19,30.4,30.55,30.05,30.3,985686
MARKSANS,2018-11-20,29.95,30.0,28.75,29.05,1525674
MARKSANS,2018-11-21,29.0,29.7,28.85,29.35,1304761
MARKSANS,2018-11-22,29.5,30.15,29.15,30.05,1293395
MARKSANS,2018-11-26,30.25,30.8,29.55,30.2,1038922
MARKSANS,2018-11-27,30.95,31.3,30.15,30.4,1871264
MARKSANS,2018-11-28,30.55,30.55,29.4,29.55,711441
MARKSANS,2018-11-29,29.65,29.8,29.2,29.45,838662
MARKSANS,2018-11-30,29.7,29.95,28.9,29.35,1038022
MARKSANS,2018-12-03,29.6,29.65,28.75,28.9,917988
MARKSANS,2018-12-04,28.95,29.6,28.7,28.85,1481856
MARKSANS,2018-12-05,28.7,28.9,27.95,28.05,904743
MARKSANS,2018-12-06,27.6,27.9,27.1,27.25,899049
MARKSANS,2018-12-07,27.5,27.65,26.95,27.2,953365
MARKSANS,2018-12-10,26.75,26.8,26.2,26.3,1228117
MARKSANS,2018-12-11,26.05,27.75,26.05,27.3,1887391
MARKSANS,2018-12-12,27.45,28.5,27.4,28.4,1395003
MARKSANS,2018-12-13,28.7,28.75,28.0,28.2,1104060
MARKSANS,2018-12-14,28.15,28.15,27.55,27.75,955799
MARKSANS,2018-12-17,27.8,28.45,27.6,27.9,741607
MARKSANS,2018-12-18,27.65,28.65,27.6,28.4,1459872
MARKSANS,2018-12-19,28.65,29.15,28.4,28.65,1556000
MARKSANS,2018-12-20,28.6,29.1,28.2,28.6,1536066
MARKSANS,2018-12-21,28.6,29.65,27.8,28.1,2976796
MARKSANS,2018-12-24,28.2,28.4,27.8,27.9,1118596
MARKSANS,2018-12-26,27.7,27.85,27.15,27.5,1112111
MARKSANS,2018-12-27,27.95,28.2,27.55,27.6,862366
MARKSANS,2018-12-28,28.0,28.05,27.65,27.8,1008710
MARKSANS,2018-12-31,28.05,28.15,27.75,27.85,757163
MARKSANS,2019-01-01,27.95,28.5,27.75,28.2,812491
MARKSANS,2019-01-02,28.0,28.45,27.75,27.95,736321
MARKSANS,2019-01-03,27.9,28.0,27.7,27.8,586248
MARKSANS,2019-01-04,27.75,27.9,27.6,27.75,412594
MARKSANS,2019-01-07,27.9,28.05,27.3,27.65,562088
MARKSANS,2019-01-08,27.6,28.1,27.45,27.75,895644
MARKSANS,2019-01-09,27.75,27.95,27.5,27.65,629254
MARKSANS,2019-01-10,27.65,28.6,27.5,28.1,1427568
MARKSANS,2019-01-11,28.35,28.5,27.7,27.8,569845
MARKSANS,2019-01-14,27.8,28.0,27.5,27.8,962904
MARKSANS,2019-01-15,27.8,28.0,27.65,27.8,753964
MARKSANS,2019-01-16,27.95,28.4,27.8,27.95,642474
MARKSANS,2019-01-17,27.95,28.65,27.85,27.95,1135445
MARKSANS,2019-01-18,28.0,28.05,27.35,27.45,619880
MARKSANS,2019-01-21,27.7,27.85,26.95,27.2,659011
MARKSANS,2019-01-22,27.15,27.25,26.4,26.8,866911
MARKSANS,2019-01-23,26.85,27.6,26.5,27.05,789931
MARKSANS,2019-01-24,27.05,27.25,26.9,27.1,548550
MARKSANS,2019-01-25,27.1,27.4,26.45,26.55,588764
MARKSANS,2019-01-28,26.6,26.8,25.5,25.95,987806
MARKSANS,2019-01-29,25.95,25.95,25.2,25.5,876856
MARKSANS,2019-01-30,25.6,25.85,24.7,25.25,919559
MARKSANS,2019-01-31,25.3,25.75,25.25,25.55,600104
MARKSANS,2019-02-01,25.6,25.75,25.05,25.3,475805
MARKSANS,2019-02-04,25.2,25.3,24.65,24.9,818393
MARKSANS,2019-02-05,24.95,26.0,24.2,24.35,1241402
MARKSANS,2019-02-06,24.5,24.5,22.6,23.45,1342365
MARKSANS,2019-02-07,23.2,25.6,23.0,25.35,1719267
MARKSANS,2019-02-08,25.4,27.3,24.6,25.85,3824427
MARKSANS,2019-02-11,26.1,26.1,24.7,24.85,936031
MARKSANS,2019-02-12,24.5,25.15,24.2,24.35,1234257
MARKSANS,2019-02-14,23.9,24.6,23.6,24.15,643638
MARKSANS,2019-02-15,24.3,24.3,23.5,23.7,509594
MARKSANS,2019-02-18,23.7,23.9,21.95,22.35,1272915
MARKSANS,2019-02-19,22.3,23.1,22.0,22.15,714504
MARKSANS,2019-02-20,22.4,22.85,22.2,22.45,813508
MARKSANS,2019-02-21,22.6,23.5,22.15,23.2,1361626
MARKSANS,2019-02-22,23.25,24.85,23.05,24.4,1648355
MARKSANS,2019-02-25,24.35,24.45,23.8,23.95,916988
MARKSANS,2019-02-26,23.5,23.7,22.65,22.95,1329870
MARKSANS,2019-02-27,23.05,23.8,22.65,22.9,1405140
MARKSANS,2019-02-28,23.1,23.7,23.0,23.05,626458
MARKSANS,2019-03-01,23.3,26.45,23.25,25.95,3448668
MARKSANS,2019-03-05,25.9,27.75,25.8,27.45,1946276
MARKSANS,2019-03-06,27.4,28.1,26.5,26.9,1556190
MARKSANS,2019-03-07,27.0,27.5,25.65,26.2,2452125
MARKSANS,2019-03-08,26.05,27.25,25.65,26.2,1321749
MARKSANS,2019-03-11,26.35,27.1,26.25,26.95,895499
MARKSANS,2019-03-12,27.5,27.9,26.8,27.05,1263228
MARKSANS,2019-03-13,27.4,27.4,26.4,26.55,710981
MARKSANS,2019-03-14,26.65,26.7,25.45,25.7,1007773
MARKSANS,2019-03-15,25.8,26.15,24.55,24.8,1192585
MARKSANS,2019-03-18,25.0,25.1,24.55,24.7,760029
MARKSANS,2019-03-19,24.85,25.5,24.4,25.05,1098520
MARKSANS,2019-03-20,25.35,25.45,24.7,24.75,860498
MARKSANS,2019-03-22,24.95,24.95,24.2,24.4,728283
MARKSANS,2019-03-25,24.15,24.45,23.9,23.95,436110
MARKSANS,2019-03-26,24.25,24.35,23.65,23.85,760853
MARKSANS,2019-03-27,23.9,24.75,23.9,24.6,1182243
MARKSANS,2019-03-28,24.9,25.1,24.6,24.7,678823
MARKSANS,2019-04-01,25.0,26.55,25.0,25.95,1596474
MARKSANS,2019-04-02,26.0,26.65,25.5,26.1,1046974
MARKSANS,2019-04-03,26.1,26.45,25.15,25.25,645820
MARKSANS,2019-04-04,25.3,25.5,24.65,25.05,1167675
MARKSANS,2019-04-05,25.1,25.25,24.8,25.1,575742
MARKSANS,2019-04-08,25.3,25.4,24.1,24.7,672966
MARKSANS,2019-04-09,24.7,25.8,24.4,25.3,963483
MARKSANS,2019-04-10,25.0,26.15,24.8,25.9,1226194
MARKSANS,2019-04-11,26.45,26.9,26.15,26.3,2260918
MARKSANS,2019-04-12,26.3,26.3,25.7,25.85,571639
MARKSANS,2019-04-15,26.4,26.4,25.55,25.65,727910
MARKSANS,2019-04-16,25.65,25.85,25.55,25.6,413755
MARKSANS,2019-04-18,25.6,25.65,24.9,25.0,879287
MARKSANS,2019-04-22,25.1,25.1,24.15,24.25,820156
MARKSANS,2019-04-23,24.2,24.7,24.0,24.3,454958
MARKSANS,2019-04-24,24.3,24.65,24.0,24.25,514133
MARKSANS,2019-04-25,24.4,24.5,24.0,24.15,471405
MARKSANS,2019-04-26,24.4,24.65,24.15,24.3,483839
MARKSANS,2019-04-30,24.0,24.4,23.5,23.6,681365
MARKSANS,2019-05-02,23.6,23.6,23.15,23.2,828866
MARKSANS,2019-05-03,23.2,23.6,23.2,23.35,384937
MARKSANS,2019-05-06,23.05,23.5,22.7,23.0,602005
MARKSANS,2019-05-07,23.1,23.75,22.5,23.15,1000921
MARKSANS,2019-05-08,23.4,23.4,22.8,22.9,538315
MARKSANS,2019-05-09,23.05,23.1,22.75,22.8,328554
MARKSANS,2019-05-10,22.8,23.3,22.75,22.85,352758
MARKSANS,2019-05-13,23.2,23.2,21.7,21.9,619368
MARKSANS,2019-05-14,21.9,22.0,21.0,21.4,647803
MARKSANS,2019-05-15,21.5,22.2,21.4,21.5,477005
MARKSANS,2019-05-16,21.5,21.7,21.05,21.3,484761
MARKSANS,2019-05-17,21.3,21.75,21.3,21.5,389238
MARKSANS,2019-05-20,22.6,22.8,21.9,22.5,1102270
MARKSANS,2019-05-21,22.7,23.25,22.35,22.6,633768
MARKSANS,2019-05-22,22.6,22.85,22.25,22.7,356833
MARKSANS,2019-05-23,22.9,23.45,22.3,22.5,850625
MARKSANS,2019-05-24,22.8,23.5,22.45,23.2,765408
MARKSANS,2019-05-27,23.55,24.25,23.15,24.15,887816
MARKSANS,2019-05-28,24.35,25.0,24.15,24.85,913180
MARKSANS,2019-05-29,25.05,26.75,24.45,24.95,7968530
MARKSANS,2019-05-30,25.0,25.15,23.0,23.15,2683301
MARKSANS,2019-05-31,23.25,23.25,22.55,22.8,876144
MARKSANS,2019-06-03,22.8,23.0,22.25,22.35,1145612
MARKSANS,2019-06-04,22.25,22.5,21.7,21.8,1139367
MARKSANS,2019-06-06,21.9,23.15,21.6,22.7,2641076
MARKSANS,2019-06-07,23.15,23.8,22.75,22.9,1358650
MARKSANS,2019-06-10,22.85,22.9,21.8,21.95,604563
MARKSANS,2019-06-11,21.8,21.95,21.05,21.7,942238
MARKSANS,2019-06-12,21.85,22.1,21.25,21.45,710355
MARKSANS,2019-06-13,21.6,21.6,21.05,21.35,641994
MARKSANS,2019-06-14,21.3,21.35,21.05,21.1,444104
MARKSANS,2019-06-17,21.15,21.65,19.55,19.9,983106
MARKSANS,2019-06-18,20.1,20.4,17.85,19.3,1735979
MARKSANS,2019-06-19,19.9,20.55,18.3,20.3,1879841
MARKSANS,2019-06-20,20.55,22.1,19.75,21.85,1699338
MARKSANS,2019-06-21,21.7,22.2,21.1,21.85,865032
MARKSANS,2019-06-24,21.7,21.8,21.05,21.15,481718
MARKSANS,2019-06-25,21.1,21.35,21.0,21.05,247537
MARKSANS,2019-06-26,21.1,21.7,20.9,21.05,503927
MARKSANS,2019-06-27,21.1,21.5,20.9,21.0,321993
MARKSANS,2019-06-28,21.0,21.4,20.35,20.55,453058
MARKSANS,2019-07-01,20.7,21.0,20.4,20.45,350739
MARKSANS,2019-07-02,20.55,20.8,19.85,20.05,401571
MARKSANS,2019-07-03,20.1,20.3,19.85,19.9,250140
MARKSANS,2019-07-04,20.0,20.05,19.55,19.6,428361
MARKSANS,2019-07-05,19.6,19.75,19.15,19.25,333540
MARKSANS,2019-07-08,18.8,19.25,18.45,19.1,541764
MARKSANS,2019-07-09,18.8,19.65,18.8,19.2,518884
MARKSANS,2019-07-10,19.15,19.4,18.85,19.0,357884
MARKSANS,2019-07-11,19.25,19.25,18.75,18.95,480955
MARKSANS,2019-07-12,18.9,19.6,18.75,19.15,585583
MARKSANS,2019-07-15,19.05,19.55,18.85,18.9,358591
MARKSANS,2019-07-16,18.95,19.0,18.35,18.5,520491
MARKSANS,2019-07-17,18.5,18.8,18.2,18.25,320402
MARKSANS,2019-07-18,18.25,18.35,17.6,17.75,507560
MARKSANS,2019-07-19,17.95,17.95,17.0,17.25,732088
MARKSANS,2019-07-22,17.1,18.2,17.0,17.65,697927
MARKSANS,2019-07-23,17.8,17.95,17.3,17.65,612937
MARKSANS,2019-07-24,17.45,17.7,16.6,16.85,499692
MARKSANS,2019-07-25,16.85,17.25,16.0,16.4,681598
MARKSANS,2019-07-26,16.2,16.35,15.3,15.6,1290572
MARKSANS,2019-07-29,15.8,15.8,15.15,15.25,507520
MARKSANS,2019-07-30,15.15,15.4,13.3,13.5,1740654
MARKSANS,2019-07-31,13.45,16.2,11.4,16.1,5365922
MARKSANS,2019-08-01,15.85,17.9,15.2,17.25,3604909
MARKSANS,2019-08-02,17.05,18.15,16.75,17.0,901550
MARKSANS,2019-08-05,17.0,17.6,16.25,16.7,639957
MARKSANS,2019-08-06,16.5,17.5,16.5,16.9,384802
MARKSANS,2019-08-07,16.95,17.3,16.45,16.65,289920
MARKSANS,2019-08-08,16.55,17.2,16.5,16.95,407191
MARKSANS,2019-08-09,17.1,17.75,16.9,17.0,1038693
MARKSANS,2019-08-13,16.95,17.0,15.15,15.5,544300
MARKSANS,2019-08-14,15.7,15.95,15.35,15.5,236596
MARKSANS,2019-08-16,15.45,15.7,14.55,15.0,334467
MARKSANS,2019-08-19,15.1,15.9,15.0,15.45,349631
MARKSANS,2019-08-20,15.35,15.7,14.9,15.2,274299
MARKSANS,2019-08-21,15.2,15.3,13.65,14.2,582375
MARKSANS,2019-08-22,14.2,14.5,13.45,13.95,506541
MARKSANS,2019-08-23,14.05,14.6,13.55,14.1,345379
MARKSANS,2019-08-26,14.5,14.95,13.85,14.35,464215
MARKSANS,2019-08-27,14.9,14.9,14.35,14.55,390403
MARKSANS,2019-08-28,14.75,14.75,13.75,13.9,336920
MARKSANS,2019-08-29,13.75,14.1,13.6,13.65,270257
MARKSANS,2019-08-30,13.7,14.6,13.5,13.65,528580
MARKSANS,2019-09-03,13.65,14.7,13.65,14.25,942747
MARKSANS,2019-09-04,14.4,14.45,13.9,14.0,279049
MARKSANS,2019-09-05,14.1,14.6,14.0,14.3,251667
MARKSANS,2019-09-06,14.2,14.55,14.15,14.35,399991
MARKSANS,2019-09-09,14.4,16.15,14.3,15.65,1035288
MARKSANS,2019-09-11,15.9,16.8,15.7,16.55,920195
MARKSANS,2019-09-12,16.6,16.8,15.65,15.9,1021635
MARKSANS,2019-09-13,15.9,16.05,15.25,15.8,723693
MARKSANS,2019-09-16,15.4,16.2,15.05,15.55,718935
MARKSANS,2019-09-17,15.55,15.85,15.0,15.05,566977
MARKSANS,2019-09-18,15.25,15.4,14.65,14.8,528412
MARKSANS,2019-09-19,14.85,14.85,14.05,14.15,397860
MARKSANS,2019-09-20,14.25,14.5,13.25,13.7,2205060
MARKSANS,2019-09-23,13.9,15.75,13.9,15.2,1745044
MARKSANS,2019-09-24,15.5,15.5,14.7,14.75,538635
MARKSANS,2019-09-25,14.75,14.75,14.0,14.1,549843
MARKSANS,2019-09-26,14.05,14.65,14.05,14.2,501836
MARKSANS,2019-09-27,14.3,14.3,14.0,14.1,814216
MARKSANS,2019-09-30,14.2,14.25,13.5,13.85,411449
MARKSANS,2019-10-01,14.0,14.2,13.1,13.35,418008
MARKSANS,2019-10-03,13.5,13.5,12.2,13.3,341230
MARKSANS,2019-10-04,13.4,13.5,12.9,13.0,310573
MARKSANS,2019-10-07,13.1,13.15,12.4,12.6,509091
MARKSANS,2019-10-09,12.65,13.45,12.3,13.1,644128
MARKSANS,2019-10-10,12.9,13.15,12.65,12.75,301383
MARKSANS,2019-10-11,12.85,13.1,12.55,12.75,359718
MARKSANS,2019-10-14,12.8,12.9,12.55,12.6,244392
MARKSANS,2019-10-15,12.7,12.9,12.45,12.75,424012
MARKSANS,2019-10-16,12.75,13.4,12.6,12.8,503852
MARKSANS,2019-10-17,12.8,15.2,12.7,14.25,908773
MARKSANS,2019-10-18,14.9,14.9,14.4,14.65,498443
MARKSANS,2019-10-22,14.75,15.7,14.45,14.8,702182
MARKSANS,2019-10-23,14.85,15.45,14.65,14.75,319863
MARKSANS,2019-10-24,14.75,14.95,14.1,14.25,607804
MARKSANS,2019-10-25,14.4,14.45,13.7,13.95,569622
MARKSANS,2019-10-27,14.0,14.6,13.9,14.3,279210
MARKSANS,2019-10-29,14.25,14.9,14.25,14.55,540459
MARKSANS,2019-10-30,14.55,15.1,14.3,14.6,738613
MARKSANS,2019-10-31,14.75,15.45,14.7,15.15,1055425
MARKSANS,2019-11-01,14.85,15.65,14.7,15.45,1244258
MARKSANS,2019-11-04,15.6,16.3,15.35,15.65,1204716
MARKSANS,2019-11-05,15.65,15.8,14.85,15.0,846900
MARKSANS,2019-11-06,14.95,15.15,14.6,14.75,802179
MARKSANS,2019-11-07,14.8,15.05,14.5,14.65,853401
MARKSANS,2019-11-08,14.65,15.1,14.5,14.6,644205
MARKSANS,2019-11-11,14.65,16.1,14.45,15.2,1687522
MARKSANS,2019-11-13,15.6,15.9,14.6,14.75,1097410
MARKSANS,2019-11-14,14.75,15.1,14.1,14.25,1149267
MARKSANS,2019-11-15,14.25,14.6,14.15,14.25,618545
MARKSANS,2019-11-18,14.25,15.7,14.1,15.25,1558732
MARKSANS,2019-11-19,15.4,15.5,15.05,15.15,665642
MARKSANS,2019-11-20,15.3,15.9,14.85,15.35,1302631
MARKSANS,2019-11-21,15.15,15.4,14.9,15.0,1063731
MARKSANS,2019-11-22,15.1,15.4,14.75,14.9,1012331
MARKSANS,2019-11-25,15.0,15.2,14.7,14.95,852216
MARKSANS,2019-11-26,15.0,15.3,14.65,14.7,746931
MARKSANS,2019-11-27,14.95,15.05,14.05,14.75,610946
MARKSANS,2019-11-28,14.65,14.95,14.55,14.65,743473
MARKSANS,2019-11-29,14.7,15.15,14.6,14.65,925949
MARKSANS,2019-12-02,14.65,14.85,14.4,14.45,423402
MARKSANS,2019-12-03,14.45,14.5,13.85,13.9,521387
MARKSANS,2019-12-04,13.75,14.4,13.55,14.15,947741
MARKSANS,2019-12-05,14.2,14.4,13.9,14.0,524085
MARKSANS,2019-12-06,14.0,14.25,13.6,13.7,502712
MARKSANS,2019-12-09,13.8,14.35,13.3,14.15,1097006
MARKSANS,2019-12-10,14.1,14.2,13.55,13.65,711606
MARKSANS,2019-12-11,13.6,13.9,13.5,13.6,513382
MARKSANS,2019-12-12,13.65,14.1,13.5,13.85,493259
MARKSANS,2019-12-13,13.9,14.45,13.9,14.25,575149
MARKSANS,2019-12-16,14.35,15.75,14.2,15.5,2449313
MARKSANS,2019-12-17,15.7,18.6,15.4,18.3,14330288
MARKSANS,2019-12-18,18.15,18.15,17.1,17.25,3456159
MARKSANS,2019-12-19,17.35,18.4,16.7,17.6,2517276
MARKSANS,2019-12-20,17.75,17.75,16.9,17.3,1032257
MARKSANS,2019-12-23,17.4,17.4,16.65,16.85,986857
MARKSANS,2019-12-24,16.75,17.1,16.4,16.5,867126
MARKSANS,2019-12-26,16.5,16.55,16.05,16.15,622815
MARKSANS,2019-12-27,16.3,17.35,16.1,16.7,855040
MARKSANS,2019-12-30,16.8,16.9,16.3,16.5,563314
MARKSANS,2019-12-31,16.4,17.0,16.2,16.7,696377
MARKSANS,2020-01-01,16.8,17.75,16.5,17.15,1187799
MARKSANS,2020-01-02,17.25,18.45,17.05,18.15,2044938
MARKSANS,2020-01-03,18.0,19.9,17.7,18.7,4721851
MARKSANS,2020-01-06,18.45,18.45,16.65,17.2,2194249
MARKSANS,2020-01-07,17.5,18.4,17.25,17.65,1662628
MARKSANS,2020-01-08,17.05,17.6,16.9,17.35,799035
MARKSANS,2020-01-09,17.9,18.35,17.65,18.15,1419784
MARKSANS,2020-01-10,18.15,18.85,18.05,18.15,1311187
MARKSANS,2020-01-13,18.3,19.4,18.1,18.85,2063827
MARKSANS,2020-01-14,19.5,19.8,18.9,19.2,2341754
MARKSANS,2020-01-15,19.1,19.45,18.65,19.3,1097918
MARKSANS,2020-01-16,19.3,20.1,19.2,19.75,1983660
MARKSANS,2020-01-17,19.75,20.4,19.7,20.2,1736006
MARKSANS,2020-01-20,20.5,20.75,19.55,19.65,1879101
MARKSANS,2020-01-21,19.35,19.45,18.9,19.1,1045469
MARKSANS,2020-01-22,19.15,19.75,19.0,19.55,1076568
MARKSANS,2020-01-23,19.65,20.05,19.3,19.7,680279
MARKSANS,2020-01-24,19.65,20.2,19.5,19.65,792416
MARKSANS,2020-01-27,19.45,21.1,19.25,20.7,2306830
MARKSANS,2020-01-28,20.85,20.95,19.8,19.95,1840711
MARKSANS,2020-01-29,20.1,20.35,18.95,19.15,1765763
MARKSANS,2020-01-30,19.3,19.3,18.2,18.4,889811
MARKSANS,2020-01-31,18.6,19.0,18.35,18.65,675788
MARKSANS,2020-02-03,18.05,18.3,17.5,17.65,652466
MARKSANS,2020-02-04,17.9,18.35,17.3,17.85,753255
MARKSANS,2020-02-05,18.0,20.7,17.9,20.25,4737365
MARKSANS,2020-02-06,19.9,20.6,19.7,19.85,2657889
MARKSANS,2020-02-07,19.8,20.7,19.55,20.4,1975868
MARKSANS,2020-02-10,20.45,22.4,20.3,22.1,5903573
MARKSANS,2020-02-11,22.3,23.35,20.15,21.1,13904398
MARKSANS,2020-02-12,21.55,21.75,20.65,20.95,2957236
MARKSANS,2020-02-13,20.7,20.9,20.15,20.35,1011466
MARKSANS,2020-02-14,20.3,20.85,19.75,19.8,1285772
MARKSANS,2020-02-17,19.95,20.0,18.75,19.15,943844
MARKSANS,2020-02-18,19.0,19.8,18.6,19.1,1429891
MARKSANS,2020-02-19,19.25,20.5,19.25,20.1,1147114
MARKSANS,2020-02-20,20.0,20.75,20.0,20.1,1148617
MARKSANS,2020-02-24,19.35,19.95,19.3,19.35,475451
MARKSANS,2020-02-25,19.65,19.8,18.95,19.0,601635
MARKSANS,2020-02-26,18.9,19.6,18.55,18.65,844980
MARKSANS,2020-02-27,18.65,18.65,17.95,18.35,758436
MARKSANS,2020-02-28,17.85,17.85,16.85,17.0,963037
MARKSANS,2020-03-02,17.4,17.9,15.5,16.2,804263
MARKSANS,2020-03-03,16.35,17.15,16.3,16.9,728603
MARKSANS,2020-03-04,17.0,17.35,15.85,16.4,714588
MARKSANS,2020-03-05,16.5,17.35,16.5,17.1,781197
MARKSANS,2020-03-06,16.25,16.7,15.4,16.2,965192
MARKSANS,2020-03-09,15.5,15.75,13.95,14.55,1364835
MARKSANS,2020-03-11,15.0,15.4,14.3,14.5,830542
MARKSANS,2020-03-12,14.0,14.1,11.65,12.4,2919554
MARKSANS,2020-03-13,11.15,14.05,9.95,13.0,2489939
MARKSANS,2020-03-16,13.2,13.9,12.1,12.65,1278341
MARKSANS,2020-03-17,13.2,13.2,12.2,12.65,922370
MARKSANS,2020-03-18,12.75,13.1,11.8,11.95,1053058
MARKSANS,2020-03-19,11.1,11.9,11.0,11.05,1524285
MARKSANS,2020-03-20,11.5,11.9,10.95,11.75,1135108
MARKSANS,2020-03-23,10.95,11.2,10.3,10.45,1099270
MARKSANS,2020-03-24,10.9,11.05,9.85,10.7,945956
MARKSANS,2020-03-25,11.0,11.25,10.0,11.1,684509
MARKSANS,2020-03-26,11.25,11.8,11.25,11.65,721965
MARKSANS,2020-03-27,12.0,12.2,10.4,11.75,765518
MARKSANS,2020-03-30,11.5,13.9,11.2,13.4,1677372
MARKSANS,2020-03-31,14.5,14.5,13.7,13.9,1227665
MARKSANS,2020-04-01,14.0,14.05,12.9,13.35,876414
MARKSANS,2020-04-03,13.0,15.5,12.9,14.8,4155251
MARKSANS,2020-04-07,16.2,17.75,16.05,17.75,4635258
MARKSANS,2020-04-08,19.15,19.5,18.0,19.5,4603485
MARKSANS,2020-04-09,21.25,21.45,21.0,21.45,1482779
MARKSANS,2020-04-13,23.55,23.55,21.3,22.45,6561558
MARKSANS,2020-04-15,23.5,23.5,20.25,20.25,4492855
MARKSANS,2020-04-16,19.35,22.25,18.6,21.35,6310985
MARKSANS,2020-04-17,22.35,22.35,19.95,20.8,2239561
MARKSANS,2020-04-20,20.9,20.9,19.85,20.0,1093679
MARKSANS,2020-04-21,19.2,21.2,18.8,20.2,2469978
MARKSANS,2020-04-22,20.4,21.0,20.0,20.35,1178399
MARKSANS,2020-04-23,20.45,21.8,20.25,21.3,3851414
MARKSANS,2020-04-24,21.5,21.65,20.25,20.6,2131818
MARKSANS,2020-04-27,20.8,21.35,20.7,20.85,1141000
MARKSANS,2020-04-28,21.25,21.3,20.3,20.55,828438
MARKSANS,2020-04-29,20.55,20.9,20.3,20.55,1023767
MARKSANS,2020-04-30,20.8,20.95,19.75,20.0,1490758
MARKSANS,2020-05-04,19.1,20.35,19.05,19.45,1678168
MARKSANS,2020-05-05,20.0,20.0,18.8,19.05,715309
MARKSANS,2020-05-06,19.35,19.35,18.75,18.85,683432
MARKSANS,2020-05-07,18.95,19.1,18.3,18.4,670407
MARKSANS,2020-05-08,18.5,19.3,18.5,18.7,958043
MARKSANS,2020-05-11,18.9,19.05,18.6,18.8,669187
MARKSANS,2020-05-12,18.95,18.95,18.05,18.4,613530
MARKSANS,2020-05-13,18.9,19.5,18.6,19.2,945964
MARKSANS,2020-05-14,19.0,21.1,18.8,21.1,4662215
MARKSANS,2020-05-15,21.7,21.75,19.65,20.45,2166554
MARKSANS,2020-05-18,20.9,20.9,19.7,19.85,1157643
MARKSANS,2020-05-19,20.45,20.7,19.7,19.85,936407
MARKSANS,2020-05-20,19.9,20.25,19.65,19.9,704657
MARKSANS,2020-05-21,19.9,20.5,19.75,19.9,859792
MARKSANS,2020-05-22,19.75,20.15,19.6,19.65,504632
MARKSANS,2020-05-26,19.85,21.3,19.6,20.95,2061706
MARKSANS,2020-05-27,21.05,21.6,20.75,21.25,1557084
MARKSANS,2020-05-28,21.6,21.6,20.8,20.85,785031
MARKSANS,2020-05-29,20.9,22.9,20.9,22.7,4723427
MARKSANS,2020-06-01,23.25,24.65,22.9,23.95,5460425
MARKSANS,2020-06-02,24.3,26.3,23.9,26.3,7603485
MARKSANS,2020-06-03,28.9,28.9,28.9,28.9,885887
MARKSANS,2020-06-04,30.3,30.3,30.3,30.3,805088
MARKSANS,2020-06-05,31.8,31.8,31.8,31.8,441663
MARKSANS,2020-06-08,31.85,33.35,30.25,32.2,13161824
MARKSANS,2020-06-09,33.45,33.45,30.6,30.6,2754861
MARKSANS,2020-06-10,30.4,31.0,29.1,29.15,2774381
MARKSANS,2020-06-11,29.1,30.2,28.05,29.2,3081544
MARKSANS,2020-06-12,27.9,30.65,27.75,30.65,4529787
MARKSANS,2020-06-15,31.1,32.15,31.05,32.15,2054455
MARKSANS,2020-06-16,33.75,33.75,32.05,33.75,3209537
MARKSANS,2020-06-17,35.15,35.4,33.7,35.4,3282159
MARKSANS,2020-06-18,36.1,37.15,33.9,34.3,7352712
MARKSANS,2020-06-19,34.55,35.4,33.7,33.9,2269470
MARKSANS,2020-06-22,34.8,35.55,34.75,35.55,1206585
MARKSANS,2020-06-23,37.3,37.3,37.3,37.3,478595
MARKSANS,2020-06-24,39.15,39.15,35.65,36.2,8351602
MARKSANS,2020-06-25,35.3,36.95,34.4,35.7,2204544
MARKSANS,2020-06-26,36.0,36.9,34.9,35.3,1352001
MARKSANS,2020-06-29,35.0,35.15,33.55,33.55,3093832
MARKSANS,2020-06-30,33.1,34.0,32.05,32.2,2030101
MARKSANS,2020-07-01,32.9,33.8,31.65,33.8,1108069
MARKSANS,2020-07-02,35.45,35.45,34.0,35.4,3959915
MARKSANS,2020-07-03,35.6,35.65,33.75,34.05,2032427
MARKSANS,2020-07-06,34.4,34.85,33.7,34.05,1355803
MARKSANS,2020-07-07,34.15,34.4,32.35,33.15,1626017
MARKSANS,2020-07-08,32.65,34.8,32.65,33.6,3784772
MARKSANS,2020-07-09,33.8,34.2,33.1,33.6,1037690
MARKSANS,2020-07-10,33.5,34.8,33.15,33.7,1347077
MARKSANS,2020-07-13,34.0,35.35,33.95,35.35,2690315
MARKSANS,2020-07-14,36.25,36.8,34.85,35.95,3020718
MARKSANS,2020-07-15,36.2,36.65,34.7,34.95,1542356
MARKSANS,2020-07-16,35.1,36.2,34.5,35.9,2052615
MARKSANS,2020-07-17,36.1,37.65,36.05,37.55,2778646
MARKSANS,2020-07-20,37.75,39.4,37.0,38.65,5652586
MARKSANS,2020-07-21,38.6,38.85,37.2,37.75,2963980
MARKSANS,2020-07-22,37.75,37.9,36.4,36.55,2284277
MARKSANS,2020-07-23,36.65,37.8,36.55,36.85,1759483
MARKSANS,2020-07-24,36.9,37.4,35.9,36.15,1401803
MARKSANS,2020-07-27,36.4,36.55,34.35,34.4,1717999
MARKSANS,2020-07-28,34.4,36.1,34.4,35.95,1519551
MARKSANS,2020-07-29,36.7,37.7,35.8,37.05,3396242
MARKSANS,2020-07-30,37.35,38.7,37.15,37.8,2440213
MARKSANS,2020-07-31,38.25,39.65,38.0,39.65,4274142
MARKSANS,2020-08-03,40.4,41.6,40.3,41.6,1528922
MARKSANS,2020-08-04,43.65,43.65,42.15,43.65,8425042
MARKSANS,2020-08-05,45.8,45.8,45.8,45.8,376824
MARKSANS,2020-08-06,48.05,48.05,48.05,48.05,1485502
MARKSANS,2020-08-07,48.05,48.05,45.65,46.15,10772273
MARKSANS,2020-08-10,47.45,48.45,45.25,48.45,2483038
MARKSANS,2020-08-11,50.1,50.3,47.25,48.4,4319031
MARKSANS,2020-08-12,47.95,49.4,46.6,48.65,2169837
MARKSANS,2020-08-13,49.3,49.3,47.0,47.15,1285933
MARKSANS,2020-08-14,47.1,49.5,46.2,48.95,3998735
MARKSANS,2020-08-17,49.8,50.9,48.6,49.6,2400832
MARKSANS,2020-08-18,50.1,52.05,49.75,52.05,3517497
MARKSANS,2020-08-19,53.3,54.65,52.75,54.65,4536107
MARKSANS,2020-08-20,55.45,57.1,51.95,52.7,4618198
MARKSANS,2020-08-21,54.0,54.65,52.55,52.85,2799547
MARKSANS,2020-08-24,54.0,54.0,52.8,53.1,1608058
MARKSANS,2020-08-25,53.6,54.0,51.0,53.25,2459530
MARKSANS,2020-08-26,54.0,54.25,51.0,51.4,2338961
MARKSANS,2020-08-27,51.5,51.8,49.65,50.45,2325782
MARKSANS,2020-08-28,50.0,50.45,47.95,48.0,2924556
MARKSANS,2020-08-31,47.6,49.4,45.6,45.6,5129213
MARKSANS,2020-09-01,45.6,47.45,43.65,46.4,2155524
MARKSANS,2020-09-02,47.5,48.4,47.0,47.55,1800692
MARKSANS,2020-09-03,47.6,48.85,47.6,48.0,1143006
MARKSANS,2020-09-04,47.0,48.0,46.3,46.75,1187715
MARKSANS,2020-09-07,46.6,48.95,46.55,47.8,1374482
MARKSANS,2020-09-08,48.1,48.5,46.25,46.85,1070127
MARKSANS,2020-09-09,45.3,46.15,44.8,45.85,1304672
MARKSANS,2020-09-10,46.15,47.5,44.8,45.6,1228387
MARKSANS,2020-09-11,45.6,46.4,44.85,45.7,959512
MARKSANS,2020-09-14,46.4,47.95,46.4,47.95,737778
MARKSANS,2020-09-15,49.95,50.3,49.4,50.3,1476969
MARKSANS,2020-09-16,51.95,52.8,51.6,52.8,3917014
MARKSANS,2020-09-17,52.4,55.0,51.95,53.8,2710299
MARKSANS,2020-09-18,54.45,55.0,51.15,51.15,4084555
MARKSANS,2020-09-21,51.8,52.15,48.6,48.6,1789453
MARKSANS,2020-09-22,48.3,49.0,46.1,47.65,2517856
MARKSANS,2020-09-23,48.65,49.0,46.25,47.25,907732
MARKSANS,2020-09-24,46.45,47.55,45.05,45.25,1489729
MARKSANS,2020-09-25,45.85,47.5,45.85,47.5,851440
MARKSANS,2020-09-28,49.4,49.85,49.0,49.85,404510
MARKSANS,2020-09-29,51.8,52.3,50.4,51.45,2358531
MARKSANS,2020-09-30,52.2,52.2,50.0,50.2,1007129
MARKSANS,2020-10-01,51.0,52.4,49.0,51.7,1821429
MARKSANS,2020-10-05,51.55,54.25,51.05,54.25,4546729
MARKSANS,2020-10-06,54.9,55.8,52.9,54.55,4335502
MARKSANS,2020-10-07,54.0,54.7,51.85,52.05,2666345
MARKSANS,2020-10-08,53.5,56.4,52.4,53.6,6924876
MARKSANS,2020-10-09,53.4,54.15,52.6,53.55,2165049
MARKSANS,2020-10-12,53.65,54.9,52.3,52.6,1762238
MARKSANS,2020-10-13,53.0,53.4,51.2,51.4,944557
MARKSANS,2020-10-14,51.85,52.35,48.0,51.5,2185757
MARKSANS,2020-10-15,52.7,55.0,51.0,52.05,3712335
MARKSANS,2020-10-16,52.6,53.45,51.0,51.85,1655207
MARKSANS,2020-10-19,52.05,52.8,51.5,51.75,894718
MARKSANS,2020-10-20,51.35,52.0,49.75,50.6,1281297
MARKSANS,2020-10-21,50.95,51.45,49.35,50.45,1009485
MARKSANS,2020-10-22,50.1,50.75,49.55,49.95,889094
MARKSANS,2020-10-23,50.25,53.45,50.25,52.65,2694274
MARKSANS,2020-10-26,53.1,53.4,51.05,52.0,1246755
MARKSANS,2020-10-27,52.35,52.7,50.8,51.6,890195
MARKSANS,2020-10-28,51.5,51.7,50.3,50.8,736257
MARKSANS,2020-10-29,51.35,51.35,49.95,50.4,954457
MARKSANS,2020-10-30,50.85,51.65,50.5,50.9,1016174
MARKSANS,2020-11-02,51.2,52.4,50.5,51.0,1648518
MARKSANS,2020-11-03,51.3,52.65,51.3,52.15,1311898
MARKSANS,2020-11-04,52.7,52.9,51.5,51.95,1167200
MARKSANS,2020-11-05,52.6,54.45,52.4,53.7,2395981
MARKSANS,2020-11-06,53.8,54.95,50.0,51.85,5784759
MARKSANS,2020-11-09,52.85,53.5,51.2,51.55,1917057
MARKSANS,2020-11-10,51.0,51.45,48.65,49.1,2446590
MARKSANS,2020-11-11,49.45,49.85,48.1,49.1,1632391
MARKSANS,2020-11-12,48.95,49.75,48.7,49.1,983366
MARKSANS,2020-11-13,49.1,50.7,49.1,49.6,1607800
MARKSANS,2020-11-14,50.0,50.65,50.0,50.3,443811
MARKSANS,2020-11-17,51.0,51.2,49.9,50.5,2148140
MARKSANS,2020-11-18,50.65,59.6,50.05,56.8,12278457
MARKSANS,2020-11-19,57.4,61.4,57.0,59.05,9670776
MARKSANS,2020-11-20,59.75,62.15,59.5,61.0,4436862
MARKSANS,2020-11-23,61.55,62.65,60.2,60.6,3491798
MARKSANS,2020-11-24,60.35,60.9,58.5,58.75,2259184
MARKSANS,2020-11-25,59.2,60.9,57.5,57.95,2982026
MARKSANS,2020-11-26,58.3,59.4,57.3,58.7,1728133
MARKSANS,2020-11-27,59.0,59.9,58.6,58.95,1921155
MARKSANS,2020-12-01,59.4,61.8,58.6,61.2,2531026
MARKSANS,2020-12-02,61.8,63.15,60.6,61.8,2800314
MARKSANS,2020-12-03,62.25,65.6,61.95,64.9,4892925
MARKSANS,2020-12-04,65.35,65.7,62.6,63.85,2285930
MARKSANS,2020-12-07,64.0,66.2,63.2,64.1,2509940
MARKSANS,2020-12-08,64.1,64.4,60.0,61.7,2774097
MARKSANS,2020-12-09,62.15,62.8,60.1,60.55,1497852
MARKSANS,2020-12-10,60.5,62.5,58.1,61.8,2589501
MARKSANS,2020-12-11,62.0,62.3,59.8,60.4,1063706
MARKSANS,2020-12-14,60.8,61.4,59.75,60.05,2059252
MARKSANS,2020-12-15,59.8,60.8,59.6,60.0,1808214
MARKSANS,2020-12-16,60.15,60.5,59.65,60.05,1321219
MARKSANS,2020-12-17,60.4,62.4,59.8,60.75,2909782
MARKSANS,2020-12-18,60.7,60.8,58.55,59.0,2162936
MARKSANS,2020-12-21,59.05,63.7,49.0,54.45,6504938
MARKSANS,2020-12-22,55.1,57.45,51.5,57.0,4601531
MARKSANS,2020-12-23,57.5,59.5,57.2,59.1,2018717
MARKSANS,2020-12-24,59.5,59.7,57.75,58.05,1093070
MARKSANS,2020-12-28,58.7,59.35,58.1,58.25,1011593
MARKSANS,2020-12-29,58.65,62.9,57.4,62.05,3920143
MARKSANS,2020-12-30,62.3,62.3,59.6,60.65,1876046
MARKSANS,2020-12-31,60.7,61.8,60.1,60.65,1251770
MARKSANS,2021-01-01,61.0,61.9,60.5,60.95,1081506
MARKSANS,2021-01-04,61.5,61.95,60.55,60.8,1271266
MARKSANS,2021-01-05,60.2,61.55,59.3,60.15,1556731
MARKSANS,2021-01-06,60.45,61.5,59.6,60.15,1630187
MARKSANS,2021-01-07,60.5,64.35,60.15,61.95,4932078
MARKSANS,2021-01-08,62.6,63.0,60.8,60.9,1328369
MARKSANS,2021-01-11,61.45,62.4,58.75,60.55,1580868
MARKSANS,2021-01-12,60.0,61.35,59.85,60.2,1290780
MARKSANS,2021-01-13,60.2,61.0,59.05,59.45,979296
MARKSANS,2021-01-14,59.9,60.6,58.5,60.0,1426181
MARKSANS,2021-01-15,60.5,60.6,58.8,59.0,923101
MARKSANS,2021-01-18,58.5,58.5,56.35,56.85,1273346
MARKSANS,2021-01-19,57.45,58.8,57.0,57.4,818242
MARKSANS,2021-01-20,57.5,58.5,57.45,57.65,684326
MARKSANS,2021-01-21,58.0,58.4,56.4,56.85,820138
MARKSANS,2021-01-22,56.95,58.05,55.5,56.45,941403
MARKSANS,2021-01-25,56.8,57.05,53.3,54.2,1098013
MARKSANS,2021-01-27,54.0,56.5,53.0,54.35,1077110
MARKSANS,2021-01-28,53.2,56.3,53.2,55.6,893338
MARKSANS,2021-01-29,56.15,56.3,54.5,55.4,644245
MARKSANS,2021-02-01,55.9,57.0,54.3,55.6,754233
MARKSANS,2021-02-02,56.0,57.75,56.0,57.0,852539
MARKSANS,2021-02-03,57.95,58.85,57.2,58.2,1236829
MARKSANS,2021-02-04,58.7,58.85,58.0,58.25,997252
MARKSANS,2021-02-05,58.4,59.35,58.1,58.9,1082546
MARKSANS,2021-02-08,59.9,64.25,59.35,61.7,6044831
MARKSANS,2021-02-09,62.1,62.45,58.35,58.6,1920713
MARKSANS,2021-02-10,59.0,59.6,56.4,58.0,1626274
MARKSANS,2021-02-11,57.4,58.85,56.55,57.0,1404122
MARKSANS,2021-02-12,57.55,58.35,56.6,56.8,903300
MARKSANS,2021-02-15,56.8,57.65,55.65,56.05,700071
MARKSANS,2021-02-16,56.0,56.95,55.2,55.7,827734
MARKSANS,2021-02-17,55.85,56.35,55.2,55.45,681106
MARKSANS,2021-02-18,55.65,55.9,54.6,54.85,948392
MARKSANS,2021-02-19,54.95,56.1,54.6,55.6,1109378
MARKSANS,2021-02-22,56.25,56.85,53.4,54.0,1241185
MARKSANS,2021-02-23,54.1,55.25,54.05,54.25,688029
MARKSANS,2021-02-24,54.65,55.4,54.0,54.15,412391
MARKSANS,2021-02-25,54.7,54.9,53.9,54.1,998899
MARKSANS,2021-02-26,54.0,55.95,53.3,55.55,1441534
MARKSANS,2021-03-01,56.1,58.0,55.55,56.05,1770911
MARKSANS,2021-03-02,56.6,56.6,53.5,54.0,1718551
MARKSANS,2021-03-03,54.25,55.6,54.0,54.2,1225285
MARKSANS,2021-03-04,54.2,55.5,54.0,54.85,1636930
MARKSANS,2021-03-05,54.7,54.9,53.7,53.95,996989
MARKSANS,2021-03-08,54.1,58.95,53.75,58.05,6560543
MARKSANS,2021-03-09,58.7,61.8,57.4,58.4,10197954
MARKSANS,2021-03-10,58.5,59.6,57.3,57.55,2834171
MARKSANS,2021-03-12,57.1,60.9,56.65,59.1,6740481
MARKSANS,2021-03-15,59.25,59.65,56.75,57.6,2607335
MARKSANS,2021-03-16,57.85,58.7,56.85,57.2,1871437
MARKSANS,2021-03-17,57.4,58.2,54.0,54.5,1618968
MARKSANS,2021-03-18,55.35,55.95,52.3,53.3,1734621
MARKSANS,2021-03-19,52.5,53.6,50.55,53.0,1708917
MARKSANS,2021-03-22,53.0,54.9,52.2,52.5,1657479
MARKSANS,2021-03-23,53.0,54.15,52.75,53.35,1070182
MARKSANS,2021-03-24,53.35,53.75,51.8,52.05,1777234
MARKSANS,2021-03-25,51.9,52.6,49.8,50.45,1167344
MARKSANS,2021-03-26,51.0,51.5,49.15,49.35,1319396
MARKSANS,2021-03-30,49.55,50.45,49.45,49.65,864459
MARKSANS,2021-03-31,50.0,51.1,49.55,49.95,1159315
MARKSANS,2021-04-01,50.6,54.5,50.1,54.0,2956128
MARKSANS,2021-04-05,54.5,54.65,50.95,52.85,2224134
MARKSANS,2021-04-06,53.4,55.45,52.4,53.85,3303657
MARKSANS,2021-04-07,54.15,55.3,53.55,54.3,2183117
MARKSANS,2021-04-08,54.0,55.05,52.5,52.7,2006919
MARKSANS,2021-04-09,52.9,56.75,52.6,56.0,5942714
MARKSANS,2021-04-12,55.5,55.8,52.35,52.75,3735009
MARKSANS,2021-04-13,53.4,56.9,52.0,55.85,4684700
MARKSANS,2021-04-15,55.05,55.5,53.5,53.85,2681172
MARKSANS,2021-04-16,54.0,55.9,53.65,54.7,3046401
MARKSANS,2021-04-19,53.75,54.8,52.6,53.35,2282828
MARKSANS,2021-04-20,54.85,60.75,54.0,58.35,17787565
MARKSANS,2021-04-22,58.8,70.0,58.0,69.65,46842621
MARKSANS,2021-04-23,71.0,76.9,69.1,70.4,36209303
MARKSANS,2021-04-26,71.5,73.25,67.5,68.3,10105064
MARKSANS,2021-04-27,68.0,72.3,67.8,69.3,7564942
MARKSANS,2021-04-28,69.75,74.9,69.1,73.3,17877141
MARKSANS,2021-04-29,74.6,75.5,70.8,71.5,11159238
MARKSANS,2021-04-30,70.6,73.6,69.1,71.5,9050653
MARKSANS,2021-05-03,70.95,77.8,70.55,74.7,17303259
MARKSANS,2021-05-04,75.4,76.4,70.3,71.15,9315157
MARKSANS,2021-05-05,71.9,76.5,70.6,75.15,13174439
MARKSANS,2021-05-06,75.4,75.55,73.25,73.8,6541586
MARKSANS,2021-05-07,74.4,76.45,73.65,74.0,8618051
MARKSANS,2021-05-10,74.1,80.25,74.1,77.85,17816923
MARKSANS,2021-05-11,78.45,81.95,78.1,79.75,11564199
MARKSANS,2021-05-12,80.35,80.75,74.25,75.4,7889188
MARKSANS,2021-05-14,76.2,76.55,73.1,73.75,5121419
MARKSANS,2021-05-17,74.3,74.3,71.6,72.0,4125838
MARKSANS,2021-05-18,72.05,76.2,72.05,75.45,5510019
MARKSANS,2021-05-19,75.0,76.6,74.0,74.3,3737268
MARKSANS,2021-05-20,74.4,74.9,73.0,73.8,2441048
MARKSANS,2021-05-21,75.85,77.75,74.2,74.7,4246731
MARKSANS,2021-05-24,74.95,75.25,73.3,73.9,2560718
MARKSANS,2021-05-25,74.6,75.2,73.2,73.45,2579896
MARKSANS,2021-05-26,73.95,77.4,73.65,75.65,5537656
MARKSANS,2021-05-27,76.05,76.6,74.5,74.95,2438452
MARKSANS,2021-05-28,75.25,76.6,73.45,73.95,2576510
MARKSANS,2021-05-31,74.5,77.0,72.0,73.9,9294910
MARKSANS,2021-06-01,74.5,75.4,73.2,73.6,2555061
MARKSANS,2021-06-02,73.9,74.0,72.7,72.9,2381557
MARKSANS,2021-06-03,73.35,73.7,72.4,72.6,2226005
MARKSANS,2021-06-04,72.75,73.3,71.25,71.75,2199299
MARKSANS,2021-06-07,72.2,72.2,68.3,68.95,6050292
MARKSANS,2021-06-08,69.25,71.4,68.75,69.1,5330163
MARKSANS,2021-06-09,69.65,72.25,68.6,69.85,7134974
MARKSANS,2021-06-10,70.4,71.2,69.05,69.75,4798516
MARKSANS,2021-06-11,83.7,83.7,78.0,83.7,35034411
MARKSANS,2021-06-14,87.5,97.6,84.6,94.55,62484093
MARKSANS,2021-06-15,95.4,96.4,88.25,88.9,30290991
MARKSANS,2021-06-16,88.5,91.35,85.75,86.5,12955381
MARKSANS,2021-06-17,86.5,89.5,83.7,85.7,7066586
MARKSANS,2021-06-18,86.7,87.65,81.65,84.8,5177089
MARKSANS,2021-06-21,83.2,91.8,82.1,90.85,10827468
MARKSANS,2021-06-22,92.9,93.85,89.0,89.7,6713600
MARKSANS,2021-06-23,90.4,90.6,87.0,87.35,2632034
MARKSANS,2021-06-24,88.0,89.7,86.0,88.45,2892242
MARKSANS,2021-06-25,87.6,90.75,86.2,87.15,6228735
MARKSANS,2021-06-28,87.5,89.8,86.5,87.35,6006922
MARKSANS,2021-06-29,87.8,89.35,86.7,87.15,4471466
MARKSANS,2021-06-30,87.6,88.3,86.05,86.25,2280472
MARKSANS,2021-07-01,86.6,87.65,85.5,85.9,2869240
MARKSANS,2021-07-02,86.35,87.45,85.75,86.1,2185984
MARKSANS,2021-07-05,86.55,92.2,86.5,90.85,12384240
MARKSANS,2021-07-06,91.45,93.6,88.6,89.25,10679143
MARKSANS,2021-07-07,89.7,89.95,86.8,87.6,3305796
MARKSANS,2021-07-08,88.0,89.1,85.2,86.7,5420857
MARKSANS,2021-07-09,87.25,89.8,86.55,88.9,4980314
MARKSANS,2021-07-12,89.9,91.3,87.6,88.0,5291972
MARKSANS,2021-07-13,88.85,89.3,86.65,87.0,2766659
MARKSANS,2021-07-14,87.0,88.4,86.7,86.95,1809817
MARKSANS,2021-07-15,87.35,87.6,85.85,86.2,1856512
MARKSANS,2021-07-16,86.3,89.3,86.15,88.1,4815782
MARKSANS,2021-07-19,87.95,90.9,87.5,88.45,3691112
MARKSANS,2021-07-20,89.3,90.5,86.0,86.9,3260602
MARKSANS,2021-07-22,87.7,88.15,86.25,86.75,2034915
MARKSANS,2021-07-23,87.0,87.45,86.05,86.4,1273866
MARKSANS,2021-07-26,86.7,87.75,85.3,85.75,2078625
MARKSANS,2021-07-27,86.3,86.6,82.35,83.25,2673747
MARKSANS,2021-07-28,83.65,83.7,80.1,81.3,2295008
MARKSANS,2021-07-29,81.9,83.55,81.5,82.4,1597768
MARKSANS,2021-07-30,82.6,83.25,81.5,81.75,1660647
MARKSANS,2021-08-02,81.9,83.4,81.2,82.25,2640403
MARKSANS,2021-08-03,82.65,82.95,81.5,81.65,1423303
MARKSANS,2021-08-04,82.2,88.0,82.2,84.95,8352777
MARKSANS,2021-08-05,85.1,85.75,82.6,84.05,1736103
MARKSANS,2021-08-06,83.9,84.5,83.55,83.75,1558239
MARKSANS,2021-08-09,84.0,84.1,80.25,80.6,2347386
MARKSANS,2021-08-10,80.3,81.55,74.55,76.5,3489204
MARKSANS,2021-08-11,76.5,77.4,69.5,71.9,6701748
MARKSANS,2021-08-12,72.95,79.0,72.5,78.2,3057813
MARKSANS,2021-08-13,78.95,79.65,75.3,75.65,2283230
MARKSANS,2021-08-16,75.0,75.7,72.6,74.25,1813236
MARKSANS,2021-08-17,74.55,75.35,72.1,72.7,1481594
MARKSANS,2021-08-18,72.85,73.35,70.65,71.25,1420976
MARKSANS,2021-08-20,70.0,71.0,68.0,68.35,2314959
MARKSANS,2021-08-23,68.0,69.5,62.2,67.6,7066187
MARKSANS,2021-08-24,68.0,71.0,66.4,70.45,4770208
MARKSANS,2021-08-25,70.45,71.85,69.0,69.8,2049191
MARKSANS,2021-08-26,70.2,72.9,69.1,71.75,4469908
MARKSANS,2021-08-27,72.25,73.45,70.5,72.75,2354640
MARKSANS,2021-08-30,74.35,74.5,72.9,73.1,1555058
MARKSANS,2021-08-31,71.2,73.2,70.5,70.85,1591007
MARKSANS,2021-09-01,71.25,71.7,70.55,71.1,1209145
MARKSANS,2021-09-02,71.2,75.0,71.1,73.35,2735796
MARKSANS,2021-09-03,73.75,74.3,72.75,72.95,1576682
MARKSANS,2021-09-06,73.5,74.5,73.3,73.65,1345307
MARKSANS,2021-09-07,73.7,74.05,72.0,72.15,1107484
MARKSANS,2021-09-08,72.55,72.55,70.55,71.3,1137438
MARKSANS,2021-09-09,71.5,71.5,69.8,70.05,1683876
MARKSANS,2021-09-13,70.55,72.65,69.45,71.0,2764317
MARKSANS,2021-09-14,71.6,72.7,71.35,72.1,1649242
MARKSANS,2021-09-15,72.5,72.5,70.6,70.9,1900751
MARKSANS,2021-09-16,71.3,71.5,70.1,71.05,1709959
MARKSANS,2021-09-17,71.6,71.9,69.05,71.15,2240187
MARKSANS,2021-09-20,71.0,71.15,69.05,69.3,1121397
MARKSANS,2021-09-21,69.1,70.15,67.85,69.6,1366807
MARKSANS,2021-09-22,69.1,70.15,69.0,69.15,935362
MARKSANS,2021-09-23,69.75,71.3,69.25,69.7,2047053
MARKSANS,2021-09-24,69.7,70.25,68.6,69.05,1570896
MARKSANS,2021-09-27,69.65,69.7,68.2,68.3,787220
MARKSANS,2021-09-28,68.6,68.6,67.55,68.0,1055985
MARKSANS,2021-09-29,67.7,69.95,67.7,68.35,2199166
MARKSANS,2021-09-30,68.6,70.3,68.0,69.0,1905442
MARKSANS,2021-10-01,68.8,70.0,68.8,68.9,1403193
MARKSANS,2021-10-04,69.15,74.4,69.1,73.2,5127526
MARKSANS,2021-10-05,74.0,78.0,73.45,75.75,3778441
MARKSANS,2021-10-06,76.0,76.85,71.65,72.7,2033663
MARKSANS,2021-10-07,73.5,73.85,71.3,71.8,1182835
MARKSANS,2021-10-08,72.45,72.75,70.75,70.95,1189022
MARKSANS,2021-10-11,71.3,71.7,70.35,70.5,1089333
MARKSANS,2021-10-12,70.5,71.0,69.55,69.85,1239771
MARKSANS,2021-10-13,70.45,71.3,69.8,69.85,1397892
MARKSANS,2021-10-14,70.05,70.3,69.3,70.0,1361428
MARKSANS,2021-10-18,70.9,70.9,69.0,69.15,1537859
MARKSANS,2021-10-19,69.4,69.85,68.0,68.1,1722175
MARKSANS,2021-10-20,68.0,68.95,66.7,67.4,1182106
MARKSANS,2021-10-21,67.8,68.8,66.6,67.2,945870
MARKSANS,2021-10-22,67.5,68.0,65.5,66.25,1215394
MARKSANS,2021-10-25,66.35,66.75,64.6,66.1,1033634
MARKSANS,2021-10-26,66.0,66.85,65.6,65.9,989085
MARKSANS,2021-10-27,66.0,70.3,65.9,68.05,2311084
MARKSANS,2021-10-28,68.35,68.4,66.05,66.45,900576
MARKSANS,2021-10-29,66.45,66.75,65.05,66.05,1207972
MARKSANS,2021-11-01,66.25,67.6,65.75,66.7,931964
MARKSANS,2021-11-02,67.15,67.25,65.9,66.3,950414
MARKSANS,2021-11-03,66.35,66.7,66.1,66.45,701495
MARKSANS,2021-11-04,67.0,67.45,66.9,67.25,232938
MARKSANS,2021-11-08,67.25,67.75,65.75,66.25,712481
MARKSANS,2021-11-09,66.65,68.1,66.2,67.35,1125037
MARKSANS,2021-11-10,67.3,68.45,62.4,63.0,5029825
MARKSANS,2021-11-11,63.1,63.1,60.5,61.05,2727582
MARKSANS,2021-11-12,58.0,61.4,58.0,59.45,2162641
MARKSANS,2021-11-15,59.45,59.5,57.3,58.8,2664913
MARKSANS,2021-11-16,59.0,61.45,58.8,59.8,2523302
MARKSANS,2021-11-17,59.95,60.25,59.0,59.1,1332687
MARKSANS,2021-11-18,59.6,59.6,56.5,57.0,1569926
MARKSANS,2021-11-22,57.4,57.85,53.6,54.05,1664156
MARKSANS,2021-11-23,54.45,58.0,53.2,57.45,2327114
MARKSANS,2021-11-24,58.1,60.0,56.9,57.1,2533876
MARKSANS,2021-11-25,57.2,58.0,56.4,57.15,1054504
MARKSANS,2021-11-26,57.35,59.9,56.5,58.45,3803296
MARKSANS,2021-11-29,59.4,59.6,55.95,56.5,2189439
MARKSANS,2021-11-30,56.4,58.4,55.05,56.35,1359140
MARKSANS,2021-12-01,56.55,57.3,55.0,55.45,1384154
MARKSANS,2021-12-02,55.6,57.25,55.55,56.9,1327198
MARKSANS,2021-12-03,57.25,59.1,57.05,58.05,1449631
MARKSANS,2021-12-06,58.45,61.0,58.0,59.7,3359359
MARKSANS,2021-12-07,60.0,60.65,58.7,59.05,1328024
MARKSANS,2021-12-08,59.4,59.4,58.45,58.7,884067
MARKSANS,2021-12-09,58.95,60.9,58.85,59.9,1835556
MARKSANS,2021-12-10,62.7,64.45,61.8,62.8,5838715
MARKSANS,2021-12-13,63.8,64.0,60.85,61.35,1639254
MARKSANS,2021-12-14,61.1,62.2,60.5,61.4,1124762
MARKSANS,2021-12-15,61.4,62.45,61.1,61.4,1205573
MARKSANS,2021-12-16,61.3,61.5,60.05,60.8,1191527
MARKSANS,2021-12-17,60.8,60.8,57.6,57.95,1335967
MARKSANS,2021-12-20,57.25,57.7,55.75,56.1,1452756
MARKSANS,2021-12-21,57.1,57.9,56.5,56.85,838059
MARKSANS,2021-12-22,57.2,58.4,57.0,57.85,1025908
MARKSANS,2021-12-23,58.5,58.7,57.8,58.0,1113046
MARKSANS,2021-12-24,58.7,58.7,56.2,56.8,1247925
MARKSANS,2021-12-27,56.8,59.3,56.25,58.5,1411701
MARKSANS,2021-12-28,59.0,60.65,58.85,60.05,1244871
MARKSANS,2021-12-29,60.0,60.9,59.0,59.25,896502
MARKSANS,2021-12-30,59.3,59.75,58.6,58.8,772230
MARKSANS,2021-12-31,59.1,60.5,58.95,60.15,924919
MARKSANS,2022-01-03,60.5,62.5,60.25,61.8,1969464
MARKSANS,2022-01-04,62.1,62.5,61.1,61.3,1057738
MARKSANS,2022-01-05,61.5,62.45,61.3,61.95,1020692
MARKSANS,2022-01-06,61.0,62.45,60.65,61.65,874252
MARKSANS,2022-01-07,62.15,62.15,60.5,61.1,1185426
MARKSANS,2022-01-10,60.05,62.2,60.05,61.6,1190886
MARKSANS,2022-01-11,61.55,64.75,61.35,64.05,5751283
MARKSANS,2022-01-12,64.6,65.0,62.55,63.3,1968584
MARKSANS,2022-01-13,63.9,63.9,61.75,62.1,1217985
MARKSANS,2022-01-14,61.85,62.7,60.35,60.75,1648749
MARKSANS,2022-01-17,60.75,61.45,60.5,60.75,1013492
MARKSANS,2022-01-18,60.7,62.85,60.7,61.65,2152326
MARKSANS,2022-01-19,61.4,61.45,60.0,60.3,1116929
MARKSANS,2022-01-20,60.0,60.8,60.0,60.15,618451
MARKSANS,2022-01-21,59.9,60.5,58.7,58.95,827437
MARKSANS,2022-01-24,58.7,58.9,55.1,55.4,1600918
MARKSANS,2022-01-25,56.0,57.5,54.6,57.05,1150134
MARKSANS,2022-01-27,56.8,57.25,55.4,56.35,791860
MARKSANS,2022-01-28,56.0,57.75,56.0,56.65,779041
MARKSANS,2022-01-31,57.7,57.7,55.9,56.1,978766
MARKSANS,2022-02-01,56.95,57.0,56.0,56.4,490375
MARKSANS,2022-02-02,56.9,57.9,56.6,57.45,660220
MARKSANS,2022-02-03,57.9,58.15,57.25,57.6,522626
MARKSANS,2022-02-04,57.25,58.0,57.05,57.45,544737
MARKSANS,2022-02-07,57.6,57.65,56.1,56.5,667128
MARKSANS,2022-02-08,57.35,57.65,55.1,55.35,825816
MARKSANS,2022-02-09,55.45,56.9,55.45,56.45,674399
MARKSANS,2022-02-10,56.75,57.05,56.1,56.45,626201
MARKSANS,2022-02-11,56.4,56.4,53.4,53.8,1813604
MARKSANS,2022-02-14,52.6,53.25,50.25,50.7,1554079
MARKSANS,2022-02-15,51.9,52.5,48.8,50.2,1985999
MARKSANS,2022-02-16,51.6,53.5,51.0,52.8,1374288
MARKSANS,2022-02-17,53.95,54.4,52.0,52.5,847552
MARKSANS,2022-02-18,52.45,52.55,50.6,51.05,749059
MARKSANS,2022-02-21,51.0,51.8,49.05,49.65,1077761
MARKSANS,2022-02-22,47.9,48.6,47.2,48.3,1487789
MARKSANS,2022-02-23,49.85,50.8,47.7,48.4,2388066
MARKSANS,2022-02-24,47.0,47.1,43.55,43.95,1922770
MARKSANS,2022-02-25,44.4,47.2,44.4,46.55,1561745
MARKSANS,2022-02-28,46.4,47.75,45.55,47.1,1161904
MARKSANS,2022-03-02,47.0,48.0,46.55,47.2,827066
MARKSANS,2022-03-03,47.3,48.5,47.3,48.1,904070
MARKSANS,2022-03-04,48.0,48.35,47.0,47.6,679984
MARKSANS,2022-03-07,46.0,46.6,45.65,45.9,739826
MARKSANS,2022-03-08,46.4,47.0,45.75,46.25,922067
MARKSANS,2022-03-09,46.25,47.95,46.25,47.75,970504
MARKSANS,2022-03-10,48.8,49.5,46.9,47.1,2245874
MARKSANS,2022-03-11,47.45,48.8,47.0,48.2,1160856
MARKSANS,2022-03-14,48.75,48.75,47.3,47.9,854758
MARKSANS,2022-03-15,48.25,48.9,47.6,48.05,1211171
MARKSANS,2022-03-16,48.5,49.15,48.0,48.8,922244
MARKSANS,2022-03-17,49.8,50.45,49.0,49.6,1185882
MARKSANS,2022-03-21,50.0,50.95,48.55,48.65,1342718
MARKSANS,2022-03-22,48.65,49.4,48.5,48.9,728166
MARKSANS,2022-03-23,49.2,49.7,48.7,49.2,1027357
MARKSANS,2022-03-24,49.4,51.7,48.95,50.9,2641854
MARKSANS,2022-03-25,51.35,51.65,49.5,49.6,1440563
MARKSANS,2022-03-28,50.0,50.35,46.8,47.2,1894079
MARKSANS,2022-03-29,47.5,48.25,46.1,46.45,2243445
MARKSANS,2022-03-30,47.0,47.5,46.25,46.5,1644211
MARKSANS,2022-03-31,46.6,47.0,45.25,45.5,1964232
MARKSANS,2022-04-01,45.6,53.45,45.5,52.35,4673421
MARKSANS,2022-04-04,52.9,54.65,52.25,53.55,3588917
MARKSANS,2022-04-05,53.8,56.7,52.95,55.5,3900055
MARKSANS,2022-04-06,55.4,58.35,55.0,58.05,3210550
MARKSANS,2022-04-07,58.7,58.9,57.3,58.2,2808707
MARKSANS,2022-04-08,58.05,61.65,58.05,58.9,3872600
MARKSANS,2022-04-11,59.0,62.4,56.15,59.0,3278561
MARKSANS,2022-04-12,59.2,59.9,56.9,57.2,916396
MARKSANS,2022-04-13,57.65,58.7,57.2,57.4,605163
MARKSANS,2022-04-18,57.0,58.9,56.2,57.2,963462
MARKSANS,2022-04-19,57.25,58.8,56.4,56.9,790426
MARKSANS,2022-04-20,57.2,57.9,55.0,55.55,670888
MARKSANS,2022-04-21,56.65,56.9,55.75,55.95,811483
MARKSANS,2022-04-22,55.5,56.65,55.4,55.85,682633
MARKSANS,2022-04-25,55.1,56.65,53.75,54.45,1760391
MARKSANS,2022-04-26,55.2,55.8,55.0,55.3,564297
MARKSANS,2022-04-27,55.0,55.25,54.0,54.5,570538
MARKSANS,2022-04-28,54.85,56.7,54.75,55.15,842191
MARKSANS,2022-04-29,55.5,56.3,53.5,53.8,632927
MARKSANS,2022-05-02,53.5,53.5,52.0,52.25,537626
MARKSANS,2022-05-04,52.25,52.7,50.4,51.4,657131
MARKSANS,2022-05-05,51.4,52.95,50.55,50.95,642566
MARKSANS,2022-05-06,49.95,50.35,49.2,49.9,707977
MARKSANS,2022-05-09,49.9,49.9,48.55,48.7,587156
MARKSANS,2022-05-10,48.7,49.7,46.5,46.95,481846
MARKSANS,2022-05-11,46.95,47.45,45.1,46.05,614482
MARKSANS,2022-05-12,45.1,45.9,44.7,45.5,818765
MARKSANS,2022-05-13,44.8,47.5,44.8,45.7,756733
MARKSANS,2022-05-16,46.65,47.4,45.6,47.0,433072
MARKSANS,2022-05-17,48.0,49.3,47.2,49.1,554262
MARKSANS,2022-05-18,49.5,50.1,48.9,49.45,611465
MARKSANS,2022-05-19,48.75,48.8,47.35,47.6,473584
MARKSANS,2022-05-20,48.35,49.2,48.05,49.0,355459
MARKSANS,2022-05-23,49.1,50.05,48.8,49.25,460112
MARKSANS,2022-05-24,49.45,49.75,48.25,48.5,337320
MARKSANS,2022-05-25,49.45,49.45,46.3,46.75,430069
MARKSANS,2022-05-26,46.75,47.2,44.5,45.85,786555
MARKSANS,2022-05-27,46.85,47.3,46.05,46.7,306923
MARKSANS,2022-05-30,47.05,48.5,46.9,48.25,472650
MARKSANS,2022-05-31,44.7,47.75,44.7,46.8,738255
MARKSANS,2022-06-01,47.35,47.8,46.4,46.8,336053
MARKSANS,2022-06-02,46.9,47.3,46.65,47.15,228050
MARKSANS,2022-06-03,47.7,48.1,46.25,46.4,459925
MARKSANS,2022-06-06,46.45,46.6,44.85,46.0,396600
MARKSANS,2022-06-07,45.8,46.45,45.45,45.85,413936
MARKSANS,2022-06-08,46.2,46.4,45.45,45.55,493603
MARKSANS,2022-06-09,45.9,47.4,45.55,46.9,665755
MARKSANS,2022-06-10,46.65,46.7,45.8,46.2,289603
MARKSANS,2022-06-13,45.6,46.0,44.55,44.75,513721
MARKSANS,2022-06-14,44.95,46.2,44.0,44.55,581623
MARKSANS,2022-06-15,45.05,45.65,44.6,45.05,393998
MARKSANS,2022-06-16,45.5,45.5,42.0,42.95,608109
MARKSANS,2022-06-17,43.35,43.35,41.2,42.2,387929
MARKSANS,2022-06-20,42.1,42.1,38.6,39.45,764025
MARKSANS,2022-06-21,40.0,42.2,39.85,41.85,739679
MARKSANS,2022-06-22,41.95,42.2,40.8,41.35,414117
MARKSANS,2022-06-23,41.45,41.65,40.1,40.65,540881
MARKSANS,2022-06-24,41.3,41.95,40.3,41.6,503504
MARKSANS,2022-06-27,42.25,42.85,41.8,42.05,488923
MARKSANS,2022-06-28,42.05,43.05,41.55,42.65,377712
MARKSANS,2022-06-29,42.4,42.7,42.0,42.45,276317
MARKSANS,2022-06-30,42.6,46.65,42.6,43.6,3647895
MARKSANS,2022-07-01,44.25,44.7,43.2,43.5,542850
MARKSANS,2022-07-04,43.75,44.35,42.85,43.3,417820
MARKSANS,2022-07-05,47.8,51.4,47.05,49.35,24752878
MARKSANS,2022-07-06,49.65,49.65,47.25,47.95,4669423
MARKSANS,2022-07-07,48.7,50.5,47.8,49.8,3258092
MARKSANS,2022-07-08,50.2,50.9,49.15,50.1,2543838
MARKSANS,2022-07-11,48.9,50.1,47.8,49.5,2961257
MARKSANS,2022-07-12,48.95,49.8,48.2,48.7,982380
MARKSANS,2022-07-13,48.7,49.35,47.75,48.3,832341
MARKSANS,2022-07-14,48.8,49.3,47.8,48.35,636777
MARKSANS,2022-07-15,48.6,49.9,48.3,49.2,765132
MARKSANS,2022-07-18,49.7,49.75,48.9,49.2,765111
MARKSANS,2022-07-19,49.0,49.8,48.9,49.3,552538
MARKSANS,2022-07-20,49.7,49.75,49.1,49.2,527978
MARKSANS,2022-07-21,49.75,51.6,49.6,50.35,2750088
MARKSANS,2022-07-22,50.9,51.2,49.1,49.55,901404
MARKSANS,2022-07-25,49.75,49.75,49.1,49.3,344537
MARKSANS,2022-07-26,49.25,49.7,49.1,49.25,545578
MARKSANS,2022-07-27,49.4,49.5,48.85,48.95,522281
MARKSANS,2022-07-28,49.15,49.15,48.65,48.75,377940
MARKSANS,2022-07-29,49.0,49.45,48.7,48.75,461569
MARKSANS,2022-08-01,49.15,49.15,48.45,48.9,362992
MARKSANS,2022-08-02,48.9,50.65,48.65,49.7,960405
MARKSANS,2022-08-03,49.9,49.9,48.9,49.2,330452
MARKSANS,2022-08-04,49.45,50.15,49.0,49.25,529079
MARKSANS,2022-08-05,50.0,50.55,49.35,49.95,658253
MARKSANS,2022-08-08,50.4,50.4,49.3,49.8,611447
MARKSANS,2022-08-10,49.9,50.25,49.3,49.95,568918
MARKSANS,2022-08-11,50.05,50.4,49.7,49.85,507905
MARKSANS,2022-08-12,49.85,50.2,49.5,49.85,871135
MARKSANS,2022-08-16,50.05,53.9,50.0,52.85,3172190
MARKSANS,2022-08-17,53.25,53.4,52.5,52.65,729896
MARKSANS,2022-08-18,52.85,52.85,51.35,51.8,633635
MARKSANS,2022-08-19,52.0,52.0,50.7,50.95,859752
MARKSANS,2022-08-22,51.55,51.8,50.75,50.9,811700
MARKSANS,2022-08-23,50.1,51.9,50.1,50.9,634008
MARKSANS,2022-08-24,51.5,52.8,51.0,51.8,806897
MARKSANS,2022-08-25,52.25,52.4,51.1,51.4,596441
MARKSANS,2022-08-26,51.8,54.65,51.4,53.5,2668746
MARKSANS,2022-08-29,52.9,52.9,51.65,52.2,621116
MARKSANS,2022-08-30,52.3,52.95,52.05,52.25,612621
MARKSANS,2022-09-01,52.25,52.9,51.5,52.75,695052
MARKSANS,2022-09-02,52.75,54.0,52.5,52.7,860372
MARKSANS,2022-09-05,53.0,54.6,52.75,53.45,1091646
MARKSANS,2022-09-06,54.0,54.7,52.65,52.95,983810
MARKSANS,2022-09-07,52.7,53.5,52.55,53.15,506258
MARKSANS,2022-09-08,53.5,53.7,52.6,53.05,654256
MARKSANS,2022-09-09,53.3,53.9,52.75,52.85,427206
MARKSANS,2022-09-12,53.4,53.6,52.85,53.05,541830
MARKSANS,2022-09-13,53.1,53.35,52.7,52.85,544605
MARKSANS,2022-09-14,52.4,52.8,52.05,52.7,449238
MARKSANS,2022-09-15,52.8,54.15,52.7,53.55,810926
MARKSANS,2022-09-16,53.55,53.6,50.8,51.15,1196239
MARKSANS,2022-09-19,51.65,51.65,50.55,51.1,547203
MARKSANS,2022-09-20,51.3,51.55,50.25,50.65,730764
MARKSANS,2022-09-21,50.6,51.85,49.55,49.65,575324
MARKSANS,2022-09-22,49.45,50.0,49.45,49.9,447912
MARKSANS,2022-09-23,50.1,50.1,49.2,49.35,369533
MARKSANS,2022-09-26,48.05,48.95,47.5,47.85,813931
MARKSANS,2022-09-27,47.85,48.2,46.75,46.9,973056
MARKSANS,2022-09-28,47.0,47.4,46.2,46.45,720902
MARKSANS,2022-09-29,46.65,47.85,45.4,46.65,740156
MARKSANS,2022-09-30,47.0,47.4,46.4,46.6,493222
MARKSANS,2022-10-03,47.3,47.8,46.05,46.35,1305344
MARKSANS,2022-10-04,47.0,47.3,46.2,46.7,825094
MARKSANS,2022-10-06,47.1,47.4,46.75,46.9,652563
MARKSANS,2022-10-07,46.9,47.35,46.6,47.25,904868
MARKSANS,2022-10-10,47.0,47.0,46.35,46.5,998551
MARKSANS,2022-10-11,46.8,47.05,45.8,46.55,740658
MARKSANS,2022-10-12,48.45,54.6,48.0,48.5,7322090
MARKSANS,2022-10-13,49.35,51.35,49.05,50.15,3353824
MARKSANS,2022-10-14,51.0,51.3,48.0,48.5,1031609
MARKSANS,2022-10-17,48.5,48.5,47.0,47.7,734092
MARKSANS,2022-10-18,48.2,48.45,47.5,48.1,714901
MARKSANS,2022-10-19,48.2,49.95,47.9,49.35,1339046
MARKSANS,2022-10-20,49.2,49.25,48.5,48.9,544888
MARKSANS,2022-10-21,48.8,49.25,47.5,47.8,1449802
MARKSANS,2022-10-24,48.35,49.3,48.25,49.05,287158
MARKSANS,2022-10-25,49.2,49.75,48.25,49.35,1009748
MARKSANS,2022-10-27,51.0,51.15,49.4,49.65,968540
MARKSANS,2022-10-28,49.8,50.55,47.65,48.45,2072777
MARKSANS,2022-10-31,48.45,50.2,48.45,49.3,1943355
MARKSANS,2022-11-01,49.1,51.2,49.1,49.6,2750539
MARKSANS,2022-11-02,49.7,50.9,49.4,50.25,1952574
MARKSANS,2022-11-03,47.35,49.75,47.35,49.45,1451026
MARKSANS,2022-11-04,49.65,51.9,49.55,50.9,2329632
MARKSANS,2022-11-07,51.3,52.1,50.8,51.0,1519055
MARKSANS,2022-11-09,51.45,51.45,50.2,50.7,1826837
MARKSANS,2022-11-10,50.65,50.9,49.5,49.85,1594902
MARKSANS,2022-11-11,50.45,50.75,49.1,49.85,1291940
MARKSANS,2022-11-14,50.2,51.45,49.6,51.1,2021331
MARKSANS,2022-11-15,52.5,54.75,52.5,53.3,5357643
MARKSANS,2022-11-16,54.0,54.95,53.3,54.15,2877103
MARKSANS,2022-11-17,54.2,54.75,53.55,54.25,1889302
MARKSANS,2022-11-18,54.35,54.7,53.2,53.7,1102765
MARKSANS,2022-11-21,53.25,57.85,53.1,57.1,5907850
MARKSANS,2022-11-22,57.4,58.35,56.15,56.55,2599404
MARKSANS,2022-11-23,56.7,57.3,55.7,56.15,1777187
MARKSANS,2022-11-24,56.6,56.75,55.8,56.25,1310731
MARKSANS,2022-11-25,56.6,59.2,56.4,58.1,3651347
MARKSANS,2022-11-28,58.4,62.0,57.5,59.85,5620329
MARKSANS,2022-11-29,59.8,60.7,58.5,59.2,2272708
MARKSANS,2022-11-30,59.6,59.9,57.3,57.6,1487631
MARKSANS,2022-12-01,58.05,58.8,57.65,57.9,1307253
MARKSANS,2022-12-02,57.9,59.1,57.7,58.35,1162161
MARKSANS,2022-12-05,58.6,61.5,58.4,61.1,3508439
MARKSANS,2022-12-06,61.0,64.8,59.2,63.8,7474103
MARKSANS,2022-12-07,63.8,64.45,61.5,63.6,3355631
MARKSANS,2022-12-08,63.8,64.25,62.7,63.25,1592978
MARKSANS,2022-12-09,63.45,63.65,60.8,61.6,1696185
MARKSANS,2022-12-12,61.7,62.25,60.45,61.85,1581368
MARKSANS,2022-12-13,62.05,63.7,61.8,62.55,2048108
MARKSANS,2022-12-14,62.75,64.25,62.65,63.55,2124585
MARKSANS,2022-12-15,63.6,63.75,61.45,61.8,1060540
MARKSANS,2022-12-16,61.1,62.0,60.1,60.65,1099299
MARKSANS,2022-12-19,60.4,61.8,60.0,61.25,845419
MARKSANS,2022-12-20,61.25,61.4,60.15,60.5,959788
MARKSANS,2022-12-21,60.8,63.8,60.55,61.2,4404951
MARKSANS,2022-12-22,61.65,63.25,59.0,60.0,4730119
MARKSANS,2022-12-23,60.0,63.2,58.45,59.0,7704310
MARKSANS,2022-12-26,59.65,61.7,59.65,60.55,3323454
MARKSANS,2022-12-27,60.85,60.95,59.7,60.05,1360581
MARKSANS,2022-12-28,60.4,60.55,59.25,59.35,1020555
MARKSANS,2022-12-29,59.4,59.9,58.2,58.35,1296132
MARKSANS,2022-12-30,58.6,59.65,58.0,58.25,1182527
MARKSANS,2023-01-02,58.35,59.4,57.9,58.85,1082792
MARKSANS,2023-01-03,58.9,60.3,58.65,59.0,962402
MARKSANS,2023-01-04,59.1,59.35,58.4,59.05,740225
MARKSANS,2023-01-05,59.3,59.3,58.55,58.85,618583
MARKSANS,2023-01-06,58.85,59.95,58.05,58.3,966629
MARKSANS,2023-01-09,58.55,60.0,58.0,59.5,1330402
MARKSANS,2023-01-10,59.5,63.2,59.25,62.3,5652746
MARKSANS,2023-01-11,62.75,67.4,61.55,66.3,15363874
MARKSANS,2023-01-12,66.7,68.2,66.5,67.45,8029914
MARKSANS,2023-01-13,67.45,67.5,65.3,65.9,3117873
MARKSANS,2023-01-16,66.2,67.25,65.45,65.95,2639296
MARKSANS,2023-01-17,66.05,67.2,65.65,66.15,1881302
MARKSANS,2023-01-18,66.25,68.35,65.55,66.25,3039036
MARKSANS,2023-01-19,65.95,66.85,65.75,66.0,1100211
MARKSANS,2023-01-20,66.2,69.6,66.1,67.15,6251107
MARKSANS,2023-01-23,67.8,67.8,64.2,64.8,3103601
MARKSANS,2023-01-24,65.0,66.95,64.35,65.9,2632823
MARKSANS,2023-01-25,65.7,66.0,63.5,63.95,1808222
MARKSANS,2023-01-27,64.1,64.75,62.4,62.8,2129535
MARKSANS,2023-01-30,62.9,64.35,62.2,63.35,1695263
MARKSANS,2023-01-31,63.5,64.45,62.8,64.2,1112612
MARKSANS,2023-02-01,64.5,65.0,60.7,62.0,1069312
MARKSANS,2023-02-02,62.0,64.2,61.9,63.5,2336116
MARKSANS,2023-02-03,63.25,63.75,61.95,62.35,2215794
MARKSANS,2023-02-06,62.0,63.1,61.8,62.4,1063067
MARKSANS,2023-02-07,62.6,64.3,62.1,63.95,1453726
MARKSANS,2023-02-08,64.0,64.55,62.6,63.05,821543
MARKSANS,2023-02-09,63.1,64.1,61.4,62.4,1333460
MARKSANS,2023-02-10,62.6,65.1,62.4,64.85,1545542
MARKSANS,2023-02-13,65.0,66.95,64.05,66.1,4584115
MARKSANS,2023-02-14,67.4,69.5,66.1,68.65,4753946
MARKSANS,2023-02-15,69.0,69.9,68.3,68.8,2457214
MARKSANS,2023-02-16,68.8,69.35,66.25,66.7,1325313
MARKSANS,2023-02-17,66.5,69.5,66.25,68.8,2090453
MARKSANS,2023-02-20,69.0,71.0,68.95,70.2,3162763
MARKSANS,2023-02-21,70.5,71.65,69.2,71.35,2954381
MARKSANS,2023-02-22,70.65,72.3,69.5,70.1,2308746
MARKSANS,2023-02-23,70.35,70.45,68.5,68.9,1192555
MARKSANS,2023-02-24,69.0,69.7,67.1,67.4,1085333
MARKSANS,2023-02-27,67.4,68.1,65.55,67.55,1974153
MARKSANS,2023-02-28,67.6,68.9,66.6,67.5,1203301
MARKSANS,2023-03-01,67.45,68.8,67.1,68.1,996562
MARKSANS,2023-03-02,68.5,69.2,67.0,67.35,939490
MARKSANS,2023-03-03,67.55,69.0,67.3,68.5,1237144
MARKSANS,2023-03-06,68.85,69.75,67.85,68.65,1136454
MARKSANS,2023-03-08,68.65,68.95,67.1,68.6,981277
MARKSANS,2023-03-09,68.8,68.8,67.3,67.65,897385
MARKSANS,2023-03-10,66.85,69.15,66.0,68.75,2122243
MARKSANS,2023-03-13,69.5,69.5,66.5,66.75,1466125
MARKSANS,2023-03-14,66.7,67.3,66.2,66.75,1001189
MARKSANS,2023-03-15,67.25,67.7,65.75,66.15,698227
MARKSANS,2023-03-16,66.2,67.5,64.3,67.0,1556840
MARKSANS,2023-03-17,68.5,69.25,67.5,68.8,1696120
MARKSANS,2023-03-20,68.5,72.85,68.5,70.85,4907459
MARKSANS,2023-03-21,71.7,72.4,69.2,69.75,1834545
MARKSANS,2023-03-22,69.85,70.5,69.2,69.6,821669
MARKSANS,2023-03-23,69.6,70.5,69.4,70.05,1020288
MARKSANS,2023-03-24,70.1,72.6,69.3,70.55,2841418
MARKSANS,2023-03-27,70.95,72.2,70.0,71.15,2297046
MARKSANS,2023-03-28,71.2,72.5,70.35,72.2,1935201
MARKSANS,2023-03-29,72.15,74.2,71.7,73.6,2741042
MARKSANS,2023-03-31,74.4,74.4,69.75,70.4,2063442
MARKSANS,2023-04-03,70.75,72.0,69.55,71.5,1459754
MARKSANS,2023-04-05,71.5,73.5,71.0,72.6,1899846
MARKSANS,2023-04-06,73.2,73.75,71.7,72.35,1416791
MARKSANS,2023-04-10,72.75,72.8,71.7,72.3,1248984
MARKSANS,2023-04-11,72.4,72.95,71.75,72.15,1013488
MARKSANS,2023-04-12,72.3,73.55,71.95,72.55,1468694
MARKSANS,2023-04-13,72.7,77.5,72.6,76.9,7735152
MARKSANS,2023-04-17,77.25,79.15,76.1,77.85,3758411
MARKSANS,2023-04-18,77.85,78.6,75.65,76.0,1478425
MARKSANS,2023-04-19,76.0,78.4,75.85,77.35,2109011
MARKSANS,2023-04-20,77.75,77.75,76.5,77.3,985154
MARKSANS,2023-04-21,77.5,80.9,77.2,77.85,6035057
MARKSANS,2023-04-24,78.0,80.5,76.95,79.8,3200337
MARKSANS,2023-04-25,79.8,82.15,79.1,81.1,3037121
MARKSANS,2023-04-26,80.5,82.8,80.5,82.0,2425303
MARKSANS,2023-04-27,82.0,82.6,80.1,81.2,1473247
MARKSANS,2023-04-28,81.35,81.65,79.75,80.8,1650770
MARKSANS,2023-05-02,81.0,81.9,80.5,81.4,1255570
MARKSANS,2023-05-03,81.35,83.4,80.25,80.55,1762367
MARKSANS,2023-05-04,81.45,81.6,78.25,80.3,1416300
MARKSANS,2023-05-05,78.6,79.9,76.5,76.75,2907173
MARKSANS,2023-05-08,77.3,78.25,76.4,76.95,1093142
MARKSANS,2023-05-09,77.15,78.9,75.7,76.3,1295792
MARKSANS,2023-05-10,76.65,78.5,76.45,78.1,989967
MARKSANS,2023-05-11,78.5,78.9,77.35,77.85,717481
MARKSANS,2023-05-12,77.75,77.75,74.0,74.25,2310101
MARKSANS,2023-05-15,74.95,76.2,73.1,75.6,1562445
MARKSANS,2023-05-16,76.0,76.6,75.2,75.5,866974
MARKSANS,2023-05-17,75.7,76.15,74.1,74.3,763626
MARKSANS,2023-05-18,74.6,75.45,73.2,74.4,838210
MARKSANS,2023-05-19,74.8,76.45,74.2,75.0,947237
MARKSANS,2023-05-22,74.7,75.1,70.55,71.1,2490866
MARKSANS,2023-05-23,71.95,73.5,71.1,73.05,1444954
MARKSANS,2023-05-24,73.0,73.75,71.8,72.2,831646
MARKSANS,2023-05-25,72.5,73.95,72.0,73.2,680524
MARKSANS,2023-05-26,73.5,74.8,73.2,74.3,669378
MARKSANS,2023-05-29,75.0,76.5,74.95,75.75,1062311
MARKSANS,2023-05-30,76.35,84.2,73.15,81.05,18943245
MARKSANS,2023-05-31,81.7,87.7,81.4,85.3,14092594
MARKSANS,2023-06-01,85.8,86.5,83.3,84.2,3671414
MARKSANS,2023-06-02,84.85,85.8,82.1,82.75,2523545
MARKSANS,2023-06-05,83.25,89.9,82.25,88.55,11336792
MARKSANS,2023-06-06,89.45,90.2,87.35,89.55,6901245
MARKSANS,2023-06-07,89.7,92.8,88.55,89.3,7775430
MARKSANS,2023-06-08,89.3,90.85,86.3,86.9,3346111
MARKSANS,2023-06-09,87.35,89.9,86.1,89.25,2802783
MARKSANS,2023-06-12,89.7,90.3,88.5,89.0,2235240
MARKSANS,2023-06-13,89.0,90.2,86.3,86.65,2164675
MARKSANS,2023-06-14,86.85,89.4,86.2,88.05,2413275
MARKSANS,2023-06-15,88.0,88.25,86.3,86.8,1289507
MARKSANS,2023-06-16,87.3,91.9,87.05,89.8,5555216
MARKSANS,2023-06-19,90.0,94.3,88.85,91.45,5903485
MARKSANS,2023-06-20,91.8,92.95,90.35,92.65,3385292
MARKSANS,2023-06-21,93.2,95.8,92.85,94.95,6163270
MARKSANS,2023-06-22,95.25,95.45,90.7,91.7,3171203
MARKSANS,2023-06-23,91.8,93.35,89.0,92.8,4654079
MARKSANS,2023-06-26,90.4,92.75,90.15,91.05,1923798
MARKSANS,2023-06-27,91.2,92.6,90.6,91.2,1080035
MARKSANS,2023-06-28,91.5,93.3,91.4,92.4,1514986
MARKSANS,2023-06-30,92.8,94.0,90.4,91.2,2656092
MARKSANS,2023-07-03,91.7,93.65,90.7,92.75,3115127
MARKSANS,2023-07-04,92.8,94.65,92.2,92.7,2613616
MARKSANS,2023-07-05,92.7,95.15,92.35,93.7,2889564
MARKSANS,2023-07-06,94.0,95.3,93.25,94.0,1701881
MARKSANS,2023-07-07,93.4,95.9,93.1,93.85,2543269
MARKSANS,2023-07-10,93.85,94.05,90.6,91.35,1702201
MARKSANS,2023-07-11,91.35,94.2,91.35,93.5,1973039
MARKSANS,2023-07-12,94.0,103.0,94.0,101.65,19918578
MARKSANS,2023-07-13,102.95,104.7,98.0,98.9,8196819
MARKSANS,2023-07-14,99.8,104.2,97.75,103.35,4969079
MARKSANS,2023-07-17,103.95,107.7,102.65,106.3,5279110
MARKSANS,2023-07-18,106.85,113.4,106.6,112.55,9054850
MARKSANS,2023-07-19,112.55,112.55,109.1,110.6,3383634
MARKSANS,2023-07-20,110.8,111.7,108.1,108.8,2672619
MARKSANS,2023-07-21,108.8,111.75,108.1,109.5,2266309
MARKSANS,2023-07-24,110.1,110.3,104.5,105.6,2231371
MARKSANS,2023-07-25,106.05,107.35,104.4,105.8,1776689
MARKSANS,2023-07-26,106.5,117.2,106.5,116.15,10033483
MARKSANS,2023-07-27,117.15,122.0,115.1,118.35,10396127
MARKSANS,2023-07-28,118.75,119.2,114.4,116.05,2993932
MARKSANS,2023-07-31,116.45,120.9,116.25,118.95,4037813
MARKSANS,2023-08-01,119.5,119.8,116.1,116.95,2171381
MARKSANS,2023-08-02,116.0,117.45,108.45,110.5,5471940
MARKSANS,2023-08-03,110.7,114.95,110.0,113.75,3367972
MARKSANS,2023-08-04,114.65,117.3,114.1,114.9,2690937
MARKSANS,2023-08-07,115.7,119.75,114.75,116.95,4331236
MARKSANS,2023-08-08,117.55,117.65,113.5,115.0,2351265
MARKSANS,2023-08-09,115.45,118.2,114.0,117.7,2686806
MARKSANS,2023-08-10,118.25,122.5,118.1,118.7,4911430
MARKSANS,2023-08-11,119.45,120.8,117.05,118.2,2805501
MARKSANS,2023-08-14,118.9,119.75,109.75,113.95,5748461
MARKSANS,2023-08-16,113.95,116.7,112.9,114.1,2505714
MARKSANS,2023-08-17,115.9,116.8,114.15,115.4,2079119
MARKSANS,2023-08-18,115.75,115.75,111.0,111.95,2589567
MARKSANS,2023-08-21,112.2,114.2,108.8,109.7,2602025
MARKSANS,2023-08-22,110.1,114.9,110.0,113.25,3285967
MARKSANS,2023-08-23,114.0,115.65,113.1,113.45,1710591
MARKSANS,2023-08-24,114.2,114.2,111.5,112.05,1363074
MARKSANS,2023-08-25,111.0,111.95,108.75,110.0,1924566
MARKSANS,2023-08-28,110.0,113.7,109.5,110.75,2396823
MARKSANS,2023-08-29,111.9,112.05,110.5,110.95,1326941
MARKSANS,2023-08-30,110.95,111.75,109.6,110.2,1738238
MARKSANS,2023-08-31,110.85,113.7,110.5,113.0,4853057
MARKSANS,2023-09-01,113.75,113.75,111.05,111.35,1183963
MARKSANS,2023-09-04,111.95,111.95,109.4,110.05,1561164
MARKSANS,2023-09-05,110.2,111.2,107.35,107.95,1899410
MARKSANS,2023-09-06,108.5,109.65,107.2,108.1,1561031
MARKSANS,2023-09-07,108.1,110.1,107.65,107.85,1188745
MARKSANS,2023-09-08,108.2,109.2,105.15,105.55,2111395
MARKSANS,2023-09-11,106.0,106.25,102.05,106.0,2875183
MARKSANS,2023-09-12,109.9,109.9,103.15,105.9,3242114
MARKSANS,2023-09-13,105.55,106.0,100.8,105.3,1972728
MARKSANS,2023-09-14,105.45,107.2,104.5,104.95,1155723
MARKSANS,2023-09-15,105.0,106.15,102.75,103.05,1228773
MARKSANS,2023-09-18,103.4,104.55,100.0,101.55,1579988
MARKSANS,2023-09-20,101.7,103.7,100.35,103.15,1528930
MARKSANS,2023-09-21,103.4,107.0,103.25,104.1,2116050
MARKSANS,2023-09-22,105.15,105.7,103.45,104.7,978497
MARKSANS,2023-09-25,104.75,106.5,104.75,105.8,778947
MARKSANS,2023-09-26,106.35,106.5,103.75,106.05,1140374
MARKSANS,2023-09-27,106.2,107.9,105.8,107.2,1364667
MARKSANS,2023-09-28,107.3,109.7,107.2,108.95,2003361
MARKSANS,2023-09-29,110.0,111.4,108.65,110.05,1510450
MARKSANS,2023-10-03,110.35,111.45,107.35,109.55,1751491
MARKSANS,2023-10-04,109.5,109.65,106.7,108.55,1160848
MARKSANS,2023-10-05,108.9,109.65,106.7,107.65,878343
MARKSANS,2023-10-06,108.0,109.6,107.45,109.1,759993
MARKSANS,2023-10-09,105.5,108.2,104.95,105.85,1310743
MARKSANS,2023-10-10,107.4,107.95,106.8,107.05,759826
MARKSANS,2023-10-11,107.6,108.65,107.4,108.15,1355029
MARKSANS,2023-10-12,108.5,113.35,108.5,110.0,3530796
MARKSANS,2023-10-13,111.0,112.7,110.25,111.3,1299958
MARKSANS,2023-10-16,111.95,112.2,109.5,110.1,1032022
MARKSANS,2023-10-17,110.2,112.1,110.2,111.25,887955
MARKSANS,2023-10-18,111.9,114.4,110.35,110.85,1479833
MARKSANS,2023-10-19,110.45,110.55,108.2,108.95,1118506
MARKSANS,2023-10-20,108.8,109.9,106.0,106.85,1049621
MARKSANS,2023-10-23,107.2,108.15,99.5,101.15,1970138
MARKSANS,2023-10-25,101.4,105.05,99.5,101.5,1466007
MARKSANS,2023-10-26,100.55,108.9,97.45,105.0,2438926
MARKSANS,2023-10-27,105.55,106.6,103.0,103.35,1005303
MARKSANS,2023-10-30,103.55,105.0,102.1,104.35,1002521
MARKSANS,2023-10-31,104.8,106.2,104.0,105.55,809854
MARKSANS,2023-11-01,105.55,112.2,105.05,109.15,3663373
MARKSANS,2023-11-02,110.1,110.6,107.4,109.2,1157974
MARKSANS,2023-11-03,109.9,117.15,109.2,112.6,6894113
MARKSANS,2023-11-06,113.0,117.55,112.35,116.95,4948339
MARKSANS,2023-11-07,117.0,118.5,113.7,114.15,2556866
MARKSANS,2023-11-08,115.0,116.9,114.65,116.3,1583525
MARKSANS,2023-11-09,117.0,128.65,113.75,123.85,19729698
MARKSANS,2023-11-10,125.85,132.2,125.0,130.35,14091599
MARKSANS,2023-11-13,137.8,144.9,136.15,138.15,9166000
MARKSANS,2023-11-15,140.1,140.9,132.3,133.4,5773422
MARKSANS,2023-11-16,133.7,142.2,131.95,140.75,7838193
MARKSANS,2023-11-17,142.0,144.5,139.5,140.25,3985453
MARKSANS,2023-11-20,141.2,141.7,135.65,137.85,2353799
MARKSANS,2023-11-21,139.25,140.35,136.7,139.0,2039639
MARKSANS,2023-11-22,140.0,143.0,137.85,139.65,2805017
MARKSANS,2023-11-23,140.4,147.9,139.35,144.7,7513608
MARKSANS,2023-11-24,145.0,145.65,141.0,141.85,2014210
MARKSANS,2023-11-28,142.75,144.1,141.5,142.7,1823630
MARKSANS,2023-11-29,144.0,165.0,141.8,159.65,17626953
MARKSANS,2023-11-30,159.95,167.5,156.5,166.35,11486195
MARKSANS,2023-12-01,167.3,169.35,164.65,165.7,3960071
MARKSANS,2023-12-04,169.0,172.0,167.0,170.65,4276817
MARKSANS,2023-12-05,171.2,172.0,163.0,163.55,3052034
MARKSANS,2023-12-06,163.7,167.2,163.55,164.95,1329231
MARKSANS,2023-12-07,165.5,165.5,157.35,159.25,1666573
MARKSANS,2023-12-08,159.8,162.4,157.8,161.15,944770
MARKSANS,2023-12-11,161.7,163.7,160.7,163.15,864657
MARKSANS,2023-12-12,163.7,163.75,157.0,158.75,998856
MARKSANS,2023-12-13,159.6,162.4,158.8,161.85,731718
MARKSANS,2023-12-14,164.45,165.9,162.9,163.85,828336
MARKSANS,2023-12-15,164.65,165.65,160.55,162.15,751665
MARKSANS,2023-12-18,162.15,164.0,160.0,160.45,718789
MARKSANS,2023-12-19,160.45,162.8,160.1,160.6,581902
MARKSANS,2023-12-20,161.0,165.0,146.0,150.15,2130230
MARKSANS,2023-12-21,146.5,159.5,146.0,159.15,1574957
MARKSANS,2023-12-22,160.05,161.95,157.0,160.05,1049160
MARKSANS,2023-12-26,160.35,161.3,158.0,158.7,656425
MARKSANS,2023-12-27,161.5,164.5,158.9,159.75,1471935
MARKSANS,2023-12-28,162.9,168.9,161.0,163.65,4033737
MARKSANS,2023-12-29,164.7,164.7,159.5,161.1,1863222
MARKSANS,2024-01-01,162.5,163.05,160.05,160.65,1139751
MARKSANS,2024-01-02,161.9,168.5,161.0,165.25,4440679
MARKSANS,2024-01-03,165.5,179.3,165.45,175.35,11410053
MARKSANS,2024-01-04,177.55,178.9,172.1,173.05,3158070
MARKSANS,2024-01-05,173.7,173.9,170.0,171.5,1462878
MARKSANS,2024-01-08,170.6,171.35,162.5,163.95,2303008
MARKSANS,2024-01-09,163.95,166.1,162.7,163.6,1102851
MARKSANS,2024-01-10,163.6,165.45,161.55,163.3,940697
MARKSANS,2024-01-11,164.3,165.0,162.0,163.0,891309
MARKSANS,2024-01-12,163.9,165.6,162.7,163.15,760972
MARKSANS,2024-01-15,164.2,164.6,159.5,160.75,1348891
MARKSANS,2024-01-16,161.7,163.65,158.2,160.2,1066062
MARKSANS,2024-01-17,158.05,160.65,152.5,153.85,2509621
MARKSANS,2024-01-18,154.55,159.0,150.45,157.9,1477759
MARKSANS,2024-01-19,159.4,161.5,157.0,157.95,800036
MARKSANS,2024-01-23,157.55,158.0,147.2,150.15,1463148
MARKSANS,2024-01-24,151.0,152.15,146.5,147.0,1947426
MARKSANS,2024-01-25,148.1,154.25,145.2,145.95,1811881
MARKSANS,2024-01-29,147.05,148.6,142.85,143.55,1516897
MARKSANS,2024-01-30,146.95,147.95,143.7,147.0,1145962
MARKSANS,2024-01-31,147.35,156.9,145.6,155.35,2191307
MARKSANS,2024-02-01,156.05,156.25,151.75,152.1,1177898
MARKSANS,2024-02-02,153.2,154.85,150.55,151.75,834716
MARKSANS,2024-02-05,152.0,155.8,145.75,149.3,1388284
MARKSANS,2024-02-06,149.35,154.6,149.35,153.2,915356
MARKSANS,2024-02-07,154.1,156.4,152.4,153.25,771680
MARKSANS,2024-02-08,154.15,155.55,152.2,152.45,617490
MARKSANS,2024-02-09,152.45,155.3,149.25,150.7,794302
MARKSANS,2024-02-12,151.4,153.55,145.0,146.55,1396893
MARKSANS,2024-02-13,146.9,161.7,138.5,157.95,5133189
MARKSANS,2024-02-14,156.6,162.5,155.0,158.6,2035910
MARKSANS,2024-02-15,160.0,165.0,160.0,162.0,1949519
MARKSANS,2024-02-16,164.0,170.85,162.45,166.85,3943886
MARKSANS,2024-02-19,167.0,167.9,160.75,161.5,1644544
MARKSANS,2024-02-20,161.3,163.7,158.5,159.6,1363616
MARKSANS,2024-02-21,160.05,163.4,155.35,156.15,1090589
MARKSANS,2024-02-22,156.75,159.45,152.4,158.65,755119
MARKSANS,2024-02-23,161.9,163.55,157.1,157.95,930741
MARKSANS,2024-02-26,157.95,163.2,157.0,161.1,1130124
MARKSANS,2024-02-27,161.6,162.2,156.7,158.2,798213
MARKSANS,2024-02-28,158.75,158.9,151.0,152.7,1203773
MARKSANS,2024-02-29,152.7,154.85,148.15,152.5,1003387
MARKSANS,2024-03-01,156.0,157.4,154.6,156.5,374087
MARKSANS,2024-03-04,157.1,157.35,153.6,154.05,420093
MARKSANS,2024-03-05,153.85,154.95,150.7,152.9,886928
MARKSANS,2024-03-06,152.6,152.8,144.0,147.8,1532425
MARKSANS,2024-03-07,147.5,150.6,147.5,149.55,513003
MARKSANS,2024-03-11,150.95,151.8,144.4,145.2,741073
MARKSANS,2024-03-12,145.15,146.95,140.0,141.45,1102912
MARKSANS,2024-03-13,140.6,143.0,130.25,132.95,2332374
MARKSANS,2024-03-14,133.0,146.7,133.0,144.35,1727729
MARKSANS,2024-03-15,144.6,146.7,140.3,145.6,955848
MARKSANS,2024-03-18,145.5,146.7,139.95,142.55,503364
MARKSANS,2024-03-19,142.75,144.75,140.5,141.6,458621
MARKSANS,2024-03-20,142.0,144.3,138.5,140.0,524774
MARKSANS,2024-03-21,140.4,146.0,140.4,144.9,680593
MARKSANS,2024-03-22,145.0,147.95,143.2,145.45,907758
MARKSANS,2024-03-26,145.7,146.8,143.05,144.3,615831
MARKSANS,2024-03-27,146.0,152.0,145.35,151.0,1367069
MARKSANS,2024-03-28,152.45,153.8,149.75,151.9,697149
MARKSANS,2024-04-01,152.0,159.0,152.0,158.0,992130
MARKSANS,2024-04-02,160.0,161.55,157.05,161.0,967699
MARKSANS,2024-04-03,161.2,163.35,160.0,162.3,922603
MARKSANS,2024-04-04,163.35,163.7,158.35,161.35,757391
MARKSANS,2024-04-05,160.2,161.25,156.35,161.0,1023095
MARKSANS,2024-04-08,162.8,165.0,158.6,162.05,1955750
MARKSANS,2024-04-09,163.4,165.0,160.85,164.25,1483510
MARKSANS,2024-04-10,165.5,167.0,160.55,164.15,1250189
MARKSANS,2024-04-12,161.5,164.0,159.05,162.85,1435443
MARKSANS,2024-04-15,158.1,162.7,153.7,155.85,9431465
MARKSANS,2024-04-16,159.0,178.7,158.75,176.7,16035090
MARKSANS,2024-04-18,178.3,185.5,168.55,170.45,9565839
MARKSANS,2024-04-19,167.4,178.65,165.25,174.3,4856047
MARKSANS,2024-04-22,176.15,177.2,167.0,168.05,2963259
MARKSANS,2024-04-23,169.05,171.95,167.0,169.8,1703066
MARKSANS,2024-04-24,170.2,172.0,167.15,168.15,1696056
MARKSANS,2024-04-25,168.5,169.1,166.05,167.15,1037336
MARKSANS,2024-04-26,167.5,173.8,166.15,172.15,2110794
MARKSANS,2024-04-29,172.15,173.2,168.65,169.15,871883
MARKSANS,2024-04-30,170.0,170.2,165.05,165.8,1263704
MARKSANS,2024-05-02,165.9,170.1,165.1,167.6,1458239
MARKSANS,2024-05-03,168.3,169.45,163.45,165.95,1383878
MARKSANS,2024-05-06,166.85,166.85,160.05,164.0,1566461
MARKSANS,2024-05-07,164.0,164.8,155.0,157.9,1883748
MARKSANS,2024-05-08,156.9,162.7,155.1,159.55,1387108
MARKSANS,2024-05-09,160.85,161.95,155.55,156.1,903601
MARKSANS,2024-05-10,156.7,160.75,152.6,159.25,1001361
MARKSANS,2024-05-13,159.2,159.25,153.2,156.0,970288
MARKSANS,2024-05-14,156.9,159.25,155.55,158.65,556370
MARKSANS,2024-05-15,159.1,167.35,158.8,164.85,1981296
MARKSANS,2024-05-16,166.3,166.3,162.7,164.85,897429
MARKSANS,2024-05-17,165.65,169.75,163.65,169.15,1606706
MARKSANS,2024-05-21,166.85,167.4,164.0,165.0,994651
MARKSANS,2024-05-22,165.7,169.0,161.15,166.75,1023254
MARKSANS,2024-05-23,166.8,175.0,166.0,169.05,1937083
MARKSANS,2024-05-24,169.05,171.15,167.5,168.45,846862
MARKSANS,2024-05-27,169.5,171.4,164.0,164.75,1150420
MARKSANS,2024-05-28,165.6,169.4,162.15,166.2,1677023
MARKSANS,2024-05-29,166.0,170.9,164.25,169.55,1150561
MARKSANS,2024-05-30,169.55,172.7,144.2,146.55,11582818
MARKSANS,2024-05-31,148.9,152.0,147.5,148.55,2863798
MARKSANS,2024-06-03,150.25,152.0,140.0,145.75,5328014
MARKSANS,2024-06-04,145.75,145.8,130.0,141.5,3206647
MARKSANS,2024-06-05,141.5,149.4,138.0,147.85,1561246
MARKSANS,2024-06-06,149.0,153.5,148.35,152.05,1783032
MARKSANS,2024-06-07,154.2,156.8,152.3,156.25,1241775
MARKSANS,2024-06-10,157.99,159.8,155.02,157.59,1372845
MARKSANS,2024-06-11,157.6,158.69,154.35,155.58,902296
MARKSANS,2024-06-12,155.9,158.15,154.86,156.6,818697
MARKSANS,2024-06-13,157.46,161.25,155.46,158.62,885980
MARKSANS,2024-06-14,159.98,163.4,158.16,160.83,1223011
MARKSANS,2024-06-18,162.0,162.19,158.54,159.9,982141
MARKSANS,2024-06-19,160.9,161.14,157.06,157.91,876831
MARKSANS,2024-06-20,158.8,163.0,157.2,160.85,1227004
MARKSANS,2024-06-21,161.89,164.89,160.85,162.75,1584103
MARKSANS,2024-06-24,160.2,166.48,160.2,164.99,1389465
MARKSANS,2024-06-25,165.89,166.6,162.8,163.28,755236
MARKSANS,2024-06-26,163.9,163.9,161.6,162.04,537302
MARKSANS,2024-06-27,162.0,162.49,158.56,159.09,599357
MARKSANS,2024-06-28,159.0,160.95,158.22,159.04,536494
MARKSANS,2024-07-01,163.0,166.5,160.0,163.77,1366768
MARKSANS,2024-07-02,164.8,168.8,162.41,166.58,2638633
MARKSANS,2024-07-03,168.4,168.56,164.83,166.44,927897
MARKSANS,2024-07-04,166.5,168.19,165.04,166.04,750425
MARKSANS,2024-07-05,164.0,189.25,164.0,187.99,17455116
MARKSANS,2024-07-08,190.02,194.99,183.22,188.93,5365674
MARKSANS,2024-07-09,189.89,190.55,185.8,186.99,1848274
MARKSANS,2024-07-10,187.0,196.3,185.0,188.1,5323565
MARKSANS,2024-07-11,189.45,197.0,188.58,192.36,3499189
MARKSANS,2024-07-12,193.15,193.5,187.0,189.16,1823304
MARKSANS,2024-07-15,189.95,191.5,184.01,187.87,1329562
MARKSANS,2024-07-16,188.2,197.05,186.0,187.59,2627483
MARKSANS,2024-07-18,187.8,191.48,182.07,189.21,1975048
MARKSANS,2024-07-19,188.4,188.4,182.58,185.37,1676032
MARKSANS,2024-07-22,180.01,190.4,180.0,187.71,1219388
MARKSANS,2024-07-23,187.83,189.5,176.12,187.22,1504202
MARKSANS,2024-07-24,184.45,207.55,184.45,205.24,7887197
MARKSANS,2024-07-25,204.0,211.7,199.35,201.01,4016251
MARKSANS,2024-07-26,201.9,205.35,197.1,200.32,1618071
MARKSANS,2024-07-29,203.0,206.51,200.0,201.85,1759348
MARKSANS,2024-07-30,202.05,211.99,201.54,204.86,2712726
MARKSANS,2024-07-31,206.55,212.98,203.05,210.98,2438324
MARKSANS,2024-08-01,212.49,216.48,204.28,205.62,1909163
MARKSANS,2024-08-02,203.75,211.0,198.51,205.47,2056993
MARKSANS,2024-08-05,200.4,202.6,191.3,192.71,2297787
MARKSANS,2024-08-06,190.0,200.54,187.33,189.3,2004609
MARKSANS,2024-08-07,193.9,199.45,191.6,198.55,1042950
MARKSANS,2024-08-08,198.0,203.0,196.41,197.35,1241922
MARKSANS,2024-08-09,199.3,202.14,193.73,195.02,940673
MARKSANS,2024-08-12,194.9,198.29,191.46,196.29,881434
MARKSANS,2024-08-13,197.5,198.45,186.6,188.05,1325591
MARKSANS,2024-08-14,200.0,217.47,196.51,214.33,19570927
MARKSANS,2024-08-16,215.1,219.5,207.33,209.01,5686433
MARKSANS,2024-08-19,210.4,224.5,209.61,220.14,8324996
MARKSANS,2024-08-20,222.39,224.0,215.45,220.57,4520588
MARKSANS,2024-08-21,220.57,224.9,218.36,219.79,2867599
MARKSANS,2024-08-22,221.2,235.0,219.79,230.08,7897053
MARKSANS,2024-08-23,230.08,230.6,225.68,226.74,2915296
MARKSANS,2024-08-26,229.9,240.0,229.01,234.65,5440241
MARKSANS,2024-08-27,235.93,237.9,233.1,235.36,1648501
MARKSANS,2024-08-28,235.7,242.0,235.0,240.05,2560388
MARKSANS,2024-08-29,240.42,242.7,231.25,234.04,2142478
MARKSANS,2024-08-30,235.5,241.99,232.05,239.52,2446668
MARKSANS,2024-09-02,241.4,243.0,237.32,240.01,1948675
MARKSANS,2024-09-03,240.55,247.78,238.81,242.47,3540380
MARKSANS,2024-09-04,241.96,264.0,238.92,261.3,7710288
MARKSANS,2024-09-05,262.9,262.9,253.01,259.0,2833519
MARKSANS,2024-09-06,268.05,278.7,261.75,263.09,10750938
MARKSANS,2024-09-09,264.6,265.45,255.39,258.37,3375256
MARKSANS,2024-09-10,260.65,272.9,259.41,263.59,3364277
MARKSANS,2024-09-11,264.5,276.23,260.98,273.15,4375913
MARKSANS,2024-09-12,273.75,275.1,266.92,268.05,2049794
MARKSANS,2024-09-13,269.2,284.45,268.23,277.64,4788253
MARKSANS,2024-09-16,279.82,296.7,279.0,293.71,4738287
MARKSANS,2024-09-17,294.3,298.0,285.01,296.39,3531794
MARKSANS,2024-09-18,293.96,298.94,277.83,281.22,3658963
MARKSANS,2024-09-19,282.45,289.01,271.35,274.44,3540478
MARKSANS,2024-09-20,276.0,328.8,276.0,318.35,28498783
MARKSANS,2024-09-23,326.0,327.6,304.39,314.54,11593246
MARKSANS,2024-09-24,314.95,317.7,304.1,308.09,3335450
MARKSANS,2024-09-25,309.0,315.78,299.44,309.85,3748360
MARKSANS,2024-09-26,310.0,315.9,304.2,314.18,4616310
MARKSANS,2024-09-27,314.95,314.95,303.0,305.56,1670818
MARKSANS,2024-09-30,304.79,304.79,290.4,297.9,3034131
MARKSANS,2024-10-01,297.05,305.7,294.4,300.15,2514624
MARKSANS,2024-10-03,294.35,298.95,284.1,289.1,2949447
MARKSANS,2024-10-04,289.1,294.4,281.6,289.8,2345516
MARKSANS,2024-10-07,291.35,292.7,271.1,273.05,3408461
MARKSANS,2024-10-08,268.0,284.0,268.0,282.35,2357624
MARKSANS,2024-10-09,285.7,306.75,285.0,297.05,4596124
MARKSANS,2024-10-10,299.45,299.7,285.1,286.85,2322528
MARKSANS,2024-10-11,287.7,292.6,286.95,289.15,1365483
MARKSANS,2024-10-14,291.25,304.25,283.3,300.6,2752645
MARKSANS,2024-10-15,300.0,300.0,293.2,294.55,1415205
MARKSANS,2024-10-16,294.5,297.2,290.55,295.0,948126
MARKSANS,2024-10-17,296.75,296.75,281.65,283.15,1178121
MARKSANS,2024-10-18,282.2,284.5,274.85,281.8,1000786
MARKSANS,2024-10-21,281.8,284.9,271.35,274.05,1997473
MARKSANS,2024-10-22,274.05,279.1,264.55,266.1,1605811
MARKSANS,2024-10-23,261.25,276.6,259.05,270.15,1759597
MARKSANS,2024-10-24,271.35,278.5,267.1,271.2,1377486
MARKSANS,2024-10-25,270.6,272.3,258.2,263.6,1684297
MARKSANS,2024-10-28,263.6,275.7,257.55,274.4,1437167
MARKSANS,2024-10-29,274.4,275.65,268.65,272.95,823003
MARKSANS,2024-10-30,274.2,282.85,272.2,278.8,997259
MARKSANS,2024-10-31,280.0,291.9,277.75,289.65,1351282
MARKSANS,2024-11-01,294.8,295.0,289.7,291.65,422566
MARKSANS,2024-11-04,291.5,292.6,282.0,286.9,987796
MARKSANS,2024-11-05,284.05,295.0,283.15,290.55,1168692
MARKSANS,2024-11-06,291.0,300.0,291.0,296.35,1618636
MARKSANS,2024-11-07,298.0,305.55,292.75,301.55,1757497
MARKSANS,2024-11-08,302.3,309.7,292.0,299.4,2370835
MARKSANS,2024-11-11,296.8,298.25,284.4,288.6,2086964
MARKSANS,2024-11-12,290.7,310.95,289.25,300.5,6810715
MARKSANS,2024-11-13,302.0,318.0,298.3,305.7,7373040
MARKSANS,2024-11-14,306.6,325.0,304.55,308.3,5876224
MARKSANS,2024-11-18,311.0,316.0,303.5,309.35,2857749
MARKSANS,2024-11-19,311.75,314.9,303.0,305.35,1509776
MARKSANS,2024-11-21,305.35,310.0,297.1,309.15,1946126
MARKSANS,2024-11-22,310.0,319.2,306.05,308.65,2945131
MARKSANS,2024-11-25,317.95,318.8,310.0,315.55,1478138
MARKSANS,2024-11-26,318.75,344.0,317.65,337.5,10331352
MARKSANS,2024-11-27,340.7,351.5,338.4,345.55,5318879
MARKSANS,2024-11-28,347.8,348.0,334.1,335.8,2185481
MARKSANS,2024-11-29,332.75,353.9,332.75,342.75,4597392
MARKSANS,2024-12-02,345.9,358.7,342.5,353.4,3724520
MARKSANS,2024-12-03,354.0,356.0,347.0,349.45,1861817
MARKSANS,2024-12-04,349.05,352.85,343.0,345.0,1512557
MARKSANS,2024-12-05,346.8,358.55,344.0,348.4,2052369
MARKSANS,2024-12-06,347.75,348.4,338.75,340.6,1290672
MARKSANS,2024-12-09,345.0,346.9,330.55,331.85,1517793
MARKSANS,2024-12-10,331.85,332.2,319.0,320.5,1748242
MARKSANS,2024-12-11,320.0,327.85,316.4,322.75,1834549
MARKSANS,2024-12-12,324.5,324.5,309.0,310.5,1335562
MARKSANS,2024-12-13,309.3,319.5,307.0,312.25,1831724
MARKSANS,2024-12-16,311.1,315.0,310.95,312.3,752304
MARKSANS,2024-12-17,313.0,328.9,311.6,325.9,3610465
MARKSANS,2024-12-18,327.9,332.4,318.6,320.05,2187673
MARKSANS,2024-12-19,316.0,317.75,310.0,316.45,1206941
MARKSANS,2024-12-20,317.0,323.45,276.0,304.9,1471537
MARKSANS,2024-12-23,300.0,302.95,292.25,293.75,2206987
MARKSANS,2024-12-24,293.75,299.5,291.3,293.7,885875
MARKSANS,2024-12-26,293.65,299.4,288.7,290.2,843258
MARKSANS,2024-12-27,290.0,296.8,290.0,293.7,700392
MARKSANS,2024-12-30,293.7,295.5,285.4,287.8,984768
MARKSANS,2024-12-31,286.8,298.65,285.4,296.65,1167937
MARKSANS,2025-01-01,298.8,308.0,296.65,304.65,921633
MARKSANS,2025-01-02,306.9,306.9,297.0,298.4,772881
MARKSANS,2025-01-03,299.6,303.0,296.3,297.9,608937
MARKSANS,2025-01-06,300.95,300.95,282.3,285.6,1085564
MARKSANS,2025-01-07,287.75,293.35,281.2,289.45,835014
MARKSANS,2025-01-08,289.45,295.4,281.25,283.05,681131
MARKSANS,2025-01-09,283.05,284.65,273.55,274.95,767115
MARKSANS,2025-01-10,274.0,274.0,259.5,260.5,1799554
MARKSANS,2025-01-13,250.0,261.5,246.7,248.45,2335960
MARKSANS,2025-01-14,250.0,260.5,248.75,257.9,1043044
MARKSANS,2025-01-15,261.95,268.4,258.0,262.1,1220324
MARKSANS,2025-01-16,268.9,269.8,262.15,264.6,542831
MARKSANS,2025-01-17,265.0,265.9,260.1,261.55,510596
MARKSANS,2025-01-20,265.3,266.7,259.2,264.25,495793
MARKSANS,2025-01-21,266.9,274.45,258.0,259.15,828917
MARKSANS,2025-01-22,259.55,259.55,246.05,252.45,749012
MARKSANS,2025-01-23,252.9,260.7,252.15,254.4,691212
MARKSANS,2025-01-24,256.6,259.15,250.55,252.6,887072
MARKSANS,2025-01-27,252.4,252.4,231.1,232.75,1295547
MARKSANS,2025-01-28,233.5,235.65,217.35,227.6,1913295
MARKSANS,2025-01-29,230.0,237.05,228.0,236.4,781115
MARKSANS,2025-01-30,236.55,249.25,236.4,240.55,1020870
MARKSANS,2025-01-31,240.55,246.0,239.6,241.1,651972
MARKSANS,2025-02-01,241.1,248.0,240.48,246.01,510154
MARKSANS,2025-02-03,244.5,250.66,234.95,239.2,746335
MARKSANS,2025-02-04,239.6,246.53,239.6,244.9,387686
MARKSANS,2025-02-05,248.0,272.7,248.0,269.96,3391589
MARKSANS,2025-02-06,269.9,276.15,264.54,269.26,1343467
MARKSANS,2025-02-07,268.5,274.7,259.0,272.93,1366535
MARKSANS,2025-02-10,274.6,276.4,261.86,267.24,811131
MARKSANS,2025-02-11,268.0,268.01,249.7,251.63,938054
MARKSANS,2025-02-12,255.0,257.17,239.08,254.21,1791372
MARKSANS,2025-02-13,256.12,260.48,248.12,249.24,983743
MARKSANS,2025-02-14,250.05,251.99,228.0,230.69,1871691
MARKSANS,2025-02-17,229.0,242.7,224.05,239.57,1662865
MARKSANS,2025-02-18,236.86,245.0,228.0,241.47,1701254
MARKSANS,2025-02-19,237.8,238.94,227.0,228.15,1935513
MARKSANS,2025-02-20,225.0,235.9,225.0,232.69,790602
MARKSANS,2025-02-21,233.05,236.8,224.3,226.05,953414
MARKSANS,2025-02-24,226.05,228.98,218.22,225.76,880282
MARKSANS,2025-02-25,222.35,227.71,218.5,219.64,924151
MARKSANS,2025-02-27,221.76,223.98,208.34,211.86,1430546
MARKSANS,2025-02-28,207.5,212.41,201.1,204.69,1316615
MARKSANS,2025-03-03,207.69,208.24,194.1,202.15,1526147
MARKSANS,2025-03-04,195.0,208.1,195.0,199.91,1578697
MARKSANS,2025-03-05,204.0,205.95,196.46,198.79,1817619
MARKSANS,2025-03-06,198.79,216.5,198.78,211.75,2155816
MARKSANS,2025-03-07,211.76,215.65,205.3,207.17,1497080
MARKSANS,2025-03-10,207.17,210.2,197.5,198.38,1078468
MARKSANS,2025-03-11,195.25,202.18,190.0,201.18,1111627
MARKSANS,2025-03-12,203.0,203.9,193.2,197.61,1070728
MARKSANS,2025-03-13,199.0,201.6,192.66,194.4,651006
MARKSANS,2025-03-17,196.02,198.45,190.0,191.03,1177116
MARKSANS,2025-03-18,191.03,191.03,191.03,191.03,0
MARKSANS,2025-03-19,204.0,208.74,203.55,207.08,2005108
MARKSANS,2025-03-20,211.0,220.2,207.81,217.36,2391595
MARKSANS,2025-03-21,219.0,221.89,214.5,216.84,1777507
MARKSANS,2025-03-24,220.43,231.94,219.05,228.12,1984691
MARKSANS,2025-03-25,230.15,230.2,222.9,226.0,1735595
MARKSANS,2025-03-26,226.6,228.7,218.34,219.51,878134
MARKSANS,2025-03-27,216.2,225.79,216.0,224.14,1182486
MARKSANS,2025-03-28,226.0,229.3,220.39,222.47,753113
MARKSANS,2025-04-01,221.0,224.75,217.66,221.97,666586
MARKSANS,2025-04-02,222.0,226.5,216.92,225.22,722955
MARKSANS,2025-04-03,231.01,246.79,226.4,233.15,4229529
MARKSANS,2025-04-04,233.0,233.5,202.1,206.69,4129429
MARKSANS,2025-04-07,171.0,199.0,171.0,194.73,2236980
MARKSANS,2025-04-08,200.0,210.7,197.37,208.52,2310496
MARKSANS,2025-04-09,201.35,205.6,192.62,194.15,2252865
MARKSANS,2025-04-11,213.3,213.3,202.0,205.58,2053337
MARKSANS,2025-04-15,209.99,213.15,207.61,211.01,1191834
MARKSANS,2025-04-16,213.0,216.0,211.01,213.52,649446
MARKSANS,2025-04-17,213.52,214.83,209.68,211.44,609173
MARKSANS,2025-04-21,212.01,215.6,210.63,214.13,626867
MARKSANS,2025-04-22,214.13,216.6,211.7,214.21,523258
MARKSANS,2025-04-23,215.99,219.13,212.1,214.66,807579
MARKSANS,2025-04-24,215.0,231.5,214.38,228.37,3742906
MARKSANS,2025-04-25,230.4,231.0,212.72,216.03,1929448
MARKSANS,2025-04-28,215.9,221.4,211.86,217.48,1243269
MARKSANS,2025-04-29,218.98,220.7,216.1,219.32,869752
MARKSANS,2025-04-30,218.3,228.9,215.8,219.39,2200841
MARKSANS,2025-05-02,218.39,226.35,215.27,223.59,1551903
MARKSANS,2025-05-05,225.05,226.0,221.11,222.23,814177
MARKSANS,2025-05-06,222.0,222.7,215.11,218.51,983233
MARKSANS,2025-05-07,214.2,227.0,207.0,225.54,1848771
MARKSANS,2025-05-08,225.54,227.7,223.26,226.4,1209617
MARKSANS,2025-05-09,217.36,227.45,217.2,226.23,1215823
MARKSANS,2025-05-12,228.5,231.69,222.0,222.71,1568220
MARKSANS,2025-05-13,224.49,239.0,223.5,237.4,2791834
MARKSANS,2025-05-14,237.57,242.73,234.0,238.27,1885829
MARKSANS,2025-05-15,237.0,243.65,236.28,239.61,1133835
MARKSANS,2025-05-16,240.25,243.47,238.5,241.4,790826
MARKSANS,2025-05-19,243.0,256.08,238.3,253.51,2469861
MARKSANS,2025-05-20,241.0,249.86,235.12,236.78,2242872
MARKSANS,2025-05-21,238.51,252.0,231.41,250.21,2647495
MARKSANS,2025-05-22,249.4,249.6,242.99,246.8,845874
MARKSANS,2025-05-23,246.85,248.5,243.7,246.67,559402
MARKSANS,2025-05-26,246.5,253.5,244.25,251.83,1223964
MARKSANS,2025-05-27,253.7,254.18,246.85,251.99,760887
MARKSANS,2025-05-28,253.9,254.17,248.16,250.27,690788
MARKSANS,2025-05-29,251.85,261.83,250.52,260.24,1856576
MARKSANS,2025-05-30,261.4,265.0,258.66,261.42,1228524
MARKSANS,2025-06-02,260.0,260.0,254.55,255.15,702574
MARKSANS,2025-06-03,255.6,262.5,254.1,261.35,1224199
MARKSANS,2025-06-04,262.0,263.0,255.9,256.8,749092
MARKSANS,2025-06-05,256.95,261.05,256.5,257.85,635704
MARKSANS,2025-06-06,257.85,261.35,251.05,251.95,1156438
MARKSANS,2025-06-09,254.55,257.7,252.5,253.35,416318
MARKSANS,2025-06-10,254.9,254.9,249.3,249.95,716843
MARKSANS,2025-06-11,252.15,270.7,252.0,263.55,3893929
MARKSANS,2025-06-12,263.55,270.6,258.0,259.95,1758838
MARKSANS,2025-06-13,252.0,260.0,250.1,259.25,1356251
MARKSANS,2025-06-16,258.05,259.25,252.0,257.95,826590
MARKSANS,2025-06-17,258.0,258.0,249.0,250.65,1077854
MARKSANS,2025-06-18,249.95,255.2,244.5,250.15,848230
MARKSANS,2025-06-19,251.5,256.0,242.1,247.95,1298765
MARKSANS,2025-06-20,248.2,249.8,236.95,240.0,3012622
MARKSANS,2025-06-23,238.0,243.3,235.9,240.7,770237
MARKSANS,2025-06-24,242.7,247.15,241.2,242.8,953127
MARKSANS,2025-06-25,243.5,249.9,241.8,247.0,924951
MARKSANS,2025-06-26,248.1,250.95,246.1,247.05,772005
MARKSANS,2025-06-27,248.0,255.35,246.9,252.55,936220
MARKSANS,2025-06-30,253.4,263.85,252.7,261.5,1619898
MARKSANS,2025-07-01,263.55,263.95,257.15,258.5,655768
MARKSANS,2025-07-02,258.0,260.55,256.0,257.35,473622
MARKSANS,2025-07-03,258.2,261.6,257.15,259.5,752560
MARKSANS,2025-07-04,260.05,265.0,256.5,263.05,1080755
MARKSANS,2025-07-07,263.3,266.6,256.4,257.4,896682
MARKSANS,2025-07-08,257.5,258.85,249.5,252.45,998015
MARKSANS,2025-07-09,253.05,261.0,252.8,258.85,1079028
MARKSANS,2025-07-10,259.0,260.95,255.0,256.75,465844
MARKSANS,2025-07-11,256.95,266.0,253.5,254.55,1243743
MARKSANS,2025-07-14,255.0,265.0,251.3,260.6,1624824
MARKSANS,2025-07-15,261.0,265.5,259.55,261.35,762953
MARKSANS,2025-07-16,261.35,264.7,259.25,261.05,639950
MARKSANS,2025-07-17,261.05,266.5,257.0,258.9,757414
MARKSANS,2025-07-18,259.55,260.8,255.15,255.75,403514
MARKSANS,2025-07-21,255.0,255.55,246.3,247.55,974520
MARKSANS,2025-07-22,248.4,250.5,241.2,242.05,1124544
MARKSANS,2025-07-23,242.8,244.1,236.3,237.2,1230049
MARKSANS,2025-07-24,238.15,242.45,230.3,231.6,2226047
MARKSANS,2025-07-25,231.6,233.45,226.1,227.75,1745298
MARKSANS,2025-07-28,228.1,235.0,224.8,226.2,7656743
MARKSANS,2025-07-29,226.5,231.4,224.65,227.5,1733885
MARKSANS,2025-07-30,228.0,241.0,227.75,236.25,3372403
MARKSANS,2025-07-31,230.0,235.4,226.3,227.45,884409
MARKSANS,2025-08-01,227.28,227.28,220.23,224.86,1264532
MARKSANS,2025-08-04,225.6,227.5,221.6,226.31,688287
MARKSANS,2025-08-05,226.31,227.9,223.8,225.73,646773
MARKSANS,2025-08-06,224.99,225.09,213.51,215.75,1177857
MARKSANS,2025-08-07,213.16,218.9,209.11,214.35,1020954
MARKSANS,2025-08-08,215.75,217.49,210.0,210.95,824973
MARKSANS,2025-08-11,211.64,212.51,206.3,210.08,1137009
MARKSANS,2025-08-12,211.15,214.47,180.1,186.74,13056515
MARKSANS,2025-08-13,188.0,190.0,183.23,184.29,3171654
MARKSANS,2025-08-14,185.83,187.5,176.82,178.58,1851758
MARKSANS,2025-08-18,180.0,184.9,180.0,184.25,1532036
MARKSANS,2025-08-19,185.3,186.0,181.83,184.28,1032628
MARKSANS,2025-08-20,185.5,185.5,181.0,181.49,1009163
MARKSANS,2025-08-21,182.99,184.53,180.54,181.12,978231
MARKSANS,2025-08-22,181.6,181.97,179.5,179.96,683238
MARKSANS,2025-08-25,181.0,182.63,175.0,177.84,1623951
MARKSANS,2025-08-26,178.37,178.37,171.8,173.27,1329881
MARKSANS,2025-08-28,173.27,173.75,169.0,169.47,912531
MARKSANS,2025-08-29,170.0,172.2,166.75,168.6,1140151
MARKSANS,2025-09-01,169.4,170.61,165.52,167.37,2229789
MARKSANS,2025-09-02,169.9,173.77,167.9,170.95,1211086
MARKSANS,2025-09-03,172.0,174.99,169.17,173.02,945368
MARKSANS,2025-09-04,176.95,177.29,169.92,171.58,1307756
MARKSANS,2025-09-05,171.51,174.5,168.4,168.91,1913105
MARKSANS,2025-09-08,170.26,171.43,167.71,169.49,956788
MARKSANS,2025-09-09,170.85,174.2,169.0,172.0,930414
MARKSANS,2025-09-10,173.61,177.9,173.5,176.9,1494378
MARKSANS,2025-09-11,177.45,180.21,173.25,174.2,1209729
MARKSANS,2025-09-12,175.5,176.37,172.51,172.93,667024
MARKSANS,2025-09-15,173.01,175.12,172.0,174.44,643192
MARKSANS,2025-09-16,175.0,178.89,173.4,176.11,1086840
MARKSANS,2025-09-17,177.4,180.65,176.39,179.24,1378466
MARKSANS,2025-09-18,180.63,181.6,176.71,178.37,877452
MARKSANS,2025-09-19,178.37,180.32,178.37,179.11,853443
MARKSANS,2025-09-22,179.01,179.1,174.0,174.25,1122816
MARKSANS,2025-09-23,174.25,174.25,169.97,171.32,1087903
MARKSANS,2025-09-24,171.34,172.47,169.26,170.08,874409
MARKSANS,2025-09-25,170.08,170.6,168.51,169.39,718126
MARKSANS,2025-09-26,167.51,168.0,162.51,164.38,1665197
MARKSANS,2025-09-29,164.38,169.99,162.8,166.34,792581
MARKSANS,2025-09-30,169.33,169.8,164.25,165.04,791640
MARKSANS,2025-10-01,166.0,167.5,163.53,166.67,532338
MARKSANS,2025-10-03,167.3,168.34,165.45,166.53,559326
MARKSANS,2025-10-06,167.49,167.49,163.3,164.06,718226
MARKSANS,2025-10-07,164.06,165.8,162.0,165.04,733667
MARKSANS,2025-10-08,165.7,166.65,164.0,164.24,533752
MARKSANS,2025-10-09,166.0,172.35,165.17,169.46,2278390
MARKSANS,2025-10-10,174.0,186.72,170.61,181.58,8267801
MARKSANS,2025-10-13,180.0,180.68,177.1,177.91,1396909
MARKSANS,2025-10-14,177.75,182.88,174.0,181.1,2492325
MARKSANS,2025-10-15,182.34,184.55,179.1,180.71,1285514
MARKSANS,2025-10-16,181.6,182.15,177.61,178.11,722490
MARKSANS,2025-10-17,178.11,178.11,174.65,177.05,775431
MARKSANS,2025-10-20,176.05,177.26,172.0,176.59,675604
MARKSANS,2025-10-21,177.9,181.0,177.45,180.2,379663
MARKSANS,2025-10-23,183.0,183.0,178.0,178.51,680093
MARKSANS,2025-10-24,178.54,179.05,176.1,176.7,480822
MARKSANS,2025-10-27,178.0,178.97,175.71,178.13,481442
MARKSANS,2025-10-28,178.55,183.88,177.0,183.34,1347105
MARKSANS,2025-10-29,184.7,184.7,181.76,183.7,649334
MARKSANS,2025-10-30,183.7,186.65,181.2,183.44,1022720
MARKSANS,2025-10-31,183.79,185.5,180.98,182.08,607061
MARKSANS,2025-11-03,180.51,194.8,180.51,190.38,3637112
MARKSANS,2025-11-04,190.95,191.5,185.88,186.79,899879
MARKSANS,2025-11-06,193.65,193.65,183.1,184.58,1374466
MARKSANS,2025-11-07,184.0,184.38,179.8,182.95,859338
MARKSANS,2025-11-10,182.99,189.09,182.99,187.0,1303117
MARKSANS,2025-11-11,187.01,195.9,182.9,193.93,2217729
MARKSANS,2025-11-12,195.0,198.07,192.23,196.92,1085899
MARKSANS,2025-11-13,197.4,201.3,186.75,188.35,2108330
MARKSANS,2025-11-14,191.0,196.15,190.08,192.44,1955270
MARKSANS,2025-11-17,194.42,198.99,193.3,195.11,1102820
MARKSANS,2025-11-18,196.57,196.59,190.8,192.34,685731
MARKSANS,2025-11-19,192.2,192.2,188.4,189.15,702461
MARKSANS,2025-11-20,189.89,194.0,188.51,193.07,936062
MARKSANS,2025-11-21,193.07,193.18,189.21,191.73,683405
MARKSANS,2025-11-24,192.6,193.95,187.25,188.8,1287962
MARKSANS,2025-11-25,188.4,191.5,187.36,188.55,614954
MARKSANS,2025-11-26,189.5,192.49,188.55,191.31,666664
MARKSANS,2025-11-27,192.06,194.7,190.0,190.61,598794
MARKSANS,2025-11-28,191.2,193.49,187.5,187.95,319397
MARKSANS,2025-12-01,188.1,197.8,188.1,194.85,1395337
MARKSANS,2025-12-02,195.0,195.1,190.5,192.15,530875
MARKSANS,2025-12-03,192.0,192.65,189.03,190.2,533911
MARKSANS,2025-12-04,190.2,190.89,187.0,187.8,529293
MARKSANS,2025-12-05,187.96,188.35,182.58,183.97,682776
MARKSANS,2025-12-08,183.21,186.46,179.17,184.2,840286
MARKSANS,2025-12-09,183.28,191.8,180.85,190.11,1040621
MARKSANS,2025-12-10,189.61,192.3,187.24,191.21,927091
MARKSANS,2025-12-11,190.06,193.25,189.01,191.9,545748
MARKSANS,2025-12-12,192.0,194.3,191.3,193.86,586671
MARKSANS,2025-12-15,192.96,194.5,189.23,190.61,470222
MARKSANS,2025-12-16,190.5,190.5,185.2,186.97,1273567
MARKSANS,2025-12-17,187.49,188.16,182.04,183.26,538192
MARKSANS,2025-12-18,184.0,184.01,180.54,181.54,384382
MARKSANS,2025-12-19,182.06,185.4,181.71,182.82,570533
MARKSANS,2025-12-22,183.98,188.4,183.5,187.38,491582
MARKSANS,2025-12-23,187.0,187.01,181.72,182.79,629249
MARKSANS,2025-12-24,183.78,185.9,181.4,182.22,501622
MARKSANS,2025-12-26,182.54,182.55,178.51,178.96,429043
MARKSANS,2025-12-29,179.0,183.22,177.32,177.79,459481
MARKSANS,2025-12-30,178.19,180.45,175.64,179.53,696654
MARKSANS,2025-12-31,180.0,181.13,179.0,180.29,343760
MARKSANS,2026-01-01,181.8,181.87,179.0,179.87,318058
MARKSANS,2026-01-02,179.9,184.23,179.49,182.19,513504
MARKSANS,2026-01-05,182.18,182.8,179.2,182.02,560659
MARKSANS,2026-01-06,182.0,182.71,178.39,179.27,854705
MARKSANS,2026-01-07,180.59,187.26,179.28,182.76,1108217
MARKSANS,2026-01-08,183.18,183.95,178.0,178.86,583805
MARKSANS,2026-01-09,177.61,178.63,173.0,173.97,561587
MARKSANS,2026-01-12,172.6,174.05,167.6,172.98,835553
MARKSANS,2026-01-13,173.94,174.1,170.14,173.55,438132
MARKSANS,2026-01-14,172.69,174.02,172.0,172.45,343946
MARKSANS,2026-01-15,172.45,172.45,172.45,172.45,0
MARKSANS,2026-01-16,172.1,173.49,171.1,172.58,472474
MARKSANS,2026-01-19,170.26,173.7,170.15,173.09,435342
MARKSANS,2026-01-20,173.09,173.34,168.4,169.47,1201639
MARKSANS,2026-01-21,168.5,171.69,166.35,168.77,1283973
MARKSANS,2026-01-22,171.24,173.69,167.81,169.8,824669
MARKSANS,2026-01-23,170.51,171.96,162.5,163.27,1048756
MARKSANS,2026-01-27,164.25,164.39,157.76,161.18,803728
MARKSANS,2026-01-28,161.18,163.3,160.24,162.47,403139
MARKSANS,2026-01-29,162.49,163.0,159.7,161.06,431877
MARKSANS,2026-01-30,160.61,166.48,156.0,163.85,712045
MARKSANS,2026-02-02,168.51,168.52,161.7,164.59,554400
MARKSANS,2026-02-03,180.59,187.0,178.5,180.04,3240394
MARKSANS,2026-02-04,181.44,181.44,173.88,177.16,688830
MARKSANS,2026-02-05,177.16,187.75,172.6,179.55,2058370
MARKSANS,2026-02-06,179.57,179.57,171.7,177.36,1047646
MARKSANS,2026-02-09,180.07,189.41,178.0,186.6,1224752
MARKSANS,2026-02-10,189.0,191.74,184.83,186.99,750535
MARKSANS,2026-02-11,187.0,190.6,185.73,187.54,666161
MARKSANS,2026-02-12,187.64,188.8,183.58,187.87,531856
MARKSANS,2026-02-13,185.0,186.8,180.95,181.75,451836
MARKSANS,2026-02-16,180.6,183.55,177.3,178.58,711445
MARKSANS,2026-02-17,179.3,182.75,178.0,181.54,322626
MARKSANS,2026-02-18,181.9,185.9,179.7,181.15,367493
MARKSANS,2026-02-19,181.0,182.79,176.11,176.9,389501
MARKSANS,2026-02-20,176.0,179.52,175.46,178.38,438131
MARKSANS,2026-02-23,178.99,181.8,177.05,178.9,522212
MARKSANS,2026-02-24,177.0,178.44,172.5,174.07,442893
MARKSANS,2026-02-25,175.0,177.39,174.5,175.86,352017
MARKSANS,2026-02-26,176.0,182.0,175.41,176.81,1015945
MARKSANS,2026-02-27,175.86,176.22,173.25,173.93,556561
MARKSANS,2026-03-02,165.0,173.4,164.0,171.34,830463
MARKSANS,2026-03-04,167.25,173.5,166.91,171.21,745951
MARKSANS,2026-03-05,171.21,175.36,170.46,173.82,509983
MARKSANS,2026-03-06,173.37,175.9,169.55,171.05,454301
MARKSANS,2026-03-09,167.0,169.98,165.25,168.44,395018
MARKSANS,2026-03-10,170.0,174.9,170.0,174.06,410013
MARKSANS,2026-03-11,174.06,178.0,171.0,172.95,367810
MARKSANS,2026-03-12,171.82,174.35,169.48,173.18,493758
MARKSANS,2026-03-13,170.84,172.89,165.74,167.01,878170
MARKSANS,2026-03-16,167.84,168.24,162.68,164.76,590412
MARKSANS,2026-03-17,164.76,166.0,163.5,163.97,461440
MARKSANS,2026-03-18,164.9,169.75,164.59,167.89,641120
MARKSANS,2026-03-19,167.0,167.3,161.01,161.41,424587
MARKSANS,2026-03-20,162.33,171.8,162.25,170.05,1145396
MARKSANS,2026-03-23,168.21,168.5,157.2,160.2,914292
MARKSANS,2026-03-24,163.0,167.99,159.7,164.54,1306200
MARKSANS,2026-03-25,165.35,168.3,163.6,165.2,814386
MARKSANS,2026-03-27,164.05,165.5,160.5,163.08,1086259
MARKSANS,2026-03-30,160.57,165.3,155.0,156.89,950095
MARKSANS,2026-04-01,165.0,171.48,160.82,168.04,917509
MARKSANS,2026-04-02,163.66,169.17,160.6,168.15,550727
MARKSANS,2026-04-06,170.3,170.3,163.21,166.27,614756
MARKSANS,2026-04-07,166.8,171.3,162.91,170.0,840848
MARKSANS,2026-04-08,176.0,176.0,172.0,174.6,645618
MARKSANS,2026-04-09,176.0,178.5,173.39,174.98,549577
MARKSANS,2026-04-10,177.2,180.5,175.45,178.48,499415
MARKSANS,2026-04-13,173.0,178.25,171.5,176.14,496183
MARKSANS,2026-04-15,177.0,180.72,176.05,178.92,609866
MARKSANS,2026-04-16,180.0,181.99,176.95,180.18,482677
MARKSANS,2026-04-17,181.9,181.9,178.3,179.23,606441
MARKSANS,2026-04-20,179.23,179.23,175.21,176.9,550008
MARKSANS,2026-04-21,177.09,178.9,175.53,176.77,688434
MARKSANS,2026-04-22,176.2,180.11,175.85,179.56,574533
MARKSANS,2026-04-23,178.0,195.68,177.67,193.25,4378879
MARKSANS,2026-04-24,195.0,195.0,187.0,190.21,1478614
MARKSANS,2026-04-27,191.0,195.0,190.24,192.12,814804
MARKSANS,2026-04-28,191.99,193.06,183.11,184.1,1098424
MARKSANS,2026-04-29,185.7,191.1,185.0,187.76,837935
MARKSANS,2026-04-30,187.0,187.88,181.0,184.63,610116
MARKSANS,2026-05-01,184.63,184.63,184.63,184.63,0
MARKSANS,2026-05-04,187.55,193.33,186.35,189.29,1068616
MARKSANS,2026-05-05,190.0,190.6,185.0,186.92,640241
MARKSANS,2026-05-06,188.9,207.0,188.3,196.2,8831885
MARKSANS,2026-05-07,197.74,204.0,197.7,203.02,2679348
MARKSANS,2026-05-08,204.0,205.9,197.22,197.76,1564453
MARKSANS,2026-05-11,198.81,208.65,193.75,203.28,3194548
MARKSANS,2026-05-12,203.9,207.26,197.4,198.4,1957920
MARKSANS,2026-05-13,200.0,203.0,197.02,200.13,1059698
MARKSANS,2026-05-14,201.05,206.0,197.41,201.92,1423161
MARKSANS,2026-05-15,203.25,213.45,200.05,207.45,3868560
MARKSANS,2026-05-18,209.56,219.3,208.1,217.62,6363446
MARKSANS,2026-05-19,219.95,225.49,215.59,217.3,2987731
MARKSANS,2026-05-20,215.95,223.76,212.11,217.42,2026979
MARKSANS,2026-05-21,219.98,221.27,214.37,216.17,1016639
MARKSANS,2026-05-22,216.0,218.02,210.02,211.86,1361594
MARKSANS,2026-05-25,214.0,221.35,213.97,220.26,1813420
MARKSANS,2026-05-26,221.4,258.8,218.0,254.79,38057110
MARKSANS,2026-05-27,251.39,264.4,247.01,249.27,14804312
MARKSANS,2026-05-28,249.27,249.27,249.27,249.27,0
MARKSANS,2026-05-29,249.55,261.0,240.63,246.19,6577763
MARKSANS,2026-06-01,249.0,256.0,235.25,238.68,3120848
MARKSANS,2026-06-02,238.85,244.62,236.4,241.19,2681082
MARKSANS,2026-06-03,241.6,248.1,241.19,242.37,2709024
MARKSANS,2026-06-04,242.0,243.31,238.05,239.14,1535140
MARKSANS,2026-06-05,240.9,244.42,230.5,233.19,1734226
MARKSANS,2026-06-08,230.22,241.91,228.2,236.06,2849926
MARKSANS,2026-06-09,238.95,254.0,237.02,252.75,6801842
MARKSANS,2026-06-10,253.7,255.5,245.55,246.92,2443581
MARKSANS,2026-06-11,245.4,257.97,242.88,249.83,3679249
MARKSANS,2026-06-12,253.0,260.0,248.21,252.37,2543587
MARKSANS,2026-06-15,255.0,256.0,248.75,249.76,1633878
MARKSANS,2026-06-16,250.6,258.8,246.1,247.13,1983633
MARKSANS,2026-06-17,249.0,255.55,246.21,254.75,1494630
MARKSANS,2026-06-18,256.0,266.54,254.82,261.45,4915028
MARKSANS,2026-06-19,260.99,265.36,257.29,259.67,2398746
MARKSANS,2026-06-22,260.8,261.7,252.81,256.07,1582814
MARKSANS,2026-06-23,257.1,269.9,256.9,265.98,4943240
MARKSANS,2026-06-24,267.45,275.5,261.1,263.02,3819347
MARKSANS,2026-06-25,264.8,265.85,253.6,256.07,1423556
MARKSANS,2026-06-26,256.07,256.07,256.07,256.07,0
MARKSANS,2026-06-29,256.09,267.85,256.0,263.4,2210375
MARKSANS,2026-06-30,264.7,277.0,264.0,272.81,2578664
MARKSANS,2026-07-01,274.4,278.8,267.05,268.85,1908672
MARKSANS,2026-07-02,270.05,273.3,265.0,267.2,1336512
MARKSANS,2026-07-03,268.0,269.85,262.4,264.45,1305331
MARKSANS,2026-07-06,264.0,269.2,257.5,259.7,1366358
MARKSANS,2026-07-07,259.9,268.5,259.35,261.2,1553385
MARKSANS,2026-07-08,260.65,272.7,259.0,263.45,3790992
MARKSANS,2026-07-09,265.3,281.6,263.5,277.3,4551970
MARKSANS,2026-07-10,279.5,281.1,270.1,272.4,2192697
MARKSANS,2026-07-13,270.95,271.65,266.1,269.3,1117611
MARKSANS,2026-07-14,268.95,275.3,267.7,270.95,1442959
MARKSANS,2026-07-15,270.95,280.0,270.3,275.75,1713848
MARKSANS,2026-07-16,275.8,281.4,273.65,275.35,1259358
MARKSANS,2026-07-17,274.7,275.0,263.85,267.1,1411635
MARKSANS,2026-07-20,265.0,271.55,264.8,266.95,755810
MARKSANS,2026-07-21,268.0,268.1,253.05,260.3,2109678
MARKSANS,2026-07-22,245.0,249.0,239.65,241.1,4278354
MARKSANS,2026-07-23,239.9,253.0,239.9,246.1,1726730
MARKSANS,2026-07-24,244.9,248.6,242.4,246.3,806514
MARKSANS,2026-07-27,248.0,265.5,247.75,263.4,2396136
MARKSANS,2026-07-28,263.7,265.4,254.15,256.65,940587
MARKSANS,2026-07-29,258.2,264.15,256.85,259.45,705694
MARKSANS,2026-07-30,258.45,263.7,257.95,258.6,662427
MARKSANS,2026-07-31,260.3,262.4,252.05,258.35,702187
MARKSANS,2026-08-03,259.0,264.0,258.85,262.25,653691
MARKSANS,2026-08-04,262.3,270.25,260.8,269.1,1316602
MARKSANS,2026-08-05,271.0,271.8,265.0,270.65,878439
MARKSANS,2026-08-06,270.65,276.45,267.6,268.9,1245329
MARKSANS,2026-08-07,267.25,275.4,267.25,273.85,1012212
MARKSANS,2026-08-10,273.85,275.7,268.3,271.45,675800
MARKSANS,2026-08-11,271.5,279.9,271.0,278.95,1435370
MARKSANS,2026-08-12,280.0,320.0,277.45,312.6,47809908
MARKSANS,2026-08-13,313.0,319.4,301.9,303.4,10713377
MARKSANS,2026-08-14,301.15,336.6,300.75,333.0,20243407
MARKSANS,2026-08-17,337.3,345.5,325.45,331.45,13018565
MARKSANS,2026-08-18,331.8,336.35,325.2,326.5,3307672
MARKSANS,2026-08-19,327.2,335.3,323.35,327.0,2579745
MARKSANS,2026-08-20,328.5,328.55,318.5,320.85,1960211
MARKSANS,2026-08-21,320.85,327.0,313.85,321.3,2597073
MARKSANS,2026-08-24,322.6,325.5,317.9,323.9,1794290
MARKSANS,2026-08-25,326.3,330.75,315.1,318.5,1686249
MARKSANS,2026-08-26,319.95,332.4,319.2,331.05,1989892
MARKSANS,2026-08-27,332.0,332.95,323.05,326.15,1415329
MARKSANS,2026-08-28,326.15,335.45,324.05,329.7,1463661
MARKSANS,2026-08-31,328.1,329.9,313.1,321.6,2486251
MARKSANS,2026-09-01,322.9,324.7,315.5,322.4,1408843
MARKSANS,2026-09-02,321.2,337.65,318.75,332.5,6573003
MARKSANS,2026-09-03,334.3,341.0,331.0,332.2,2726464
MARKSANS,2026-09-04,333.0,335.45,323.45,326.75,1654370
MARKSANS,2026-09-07,327.5,339.0,326.75,335.05,2793273
MARKSANS,2026-09-08,337.5,349.95,331.6,335.9,5090238
MARKSANS,2026-09-09,336.0,340.0,328.65,330.15,1784442
MARKSANS,2026-09-10,329.0,334.55,323.8,330.4,1295256
MARKSANS,2026-09-11,325.0,333.75,324.2,329.4,1631814
MARKSANS,2026-09-14,329.4,329.4,329.4,329.4,0
MARKSANS,2026-09-15,330.0,331.4,301.1,312.85,2298117
MARKSANS,2026-09-16,311.8,323.6,307.05,316.45,2264075
MARKSANS,2026-09-17,315.95,322.5,312.95,319.7,1104335
MARKSANS,2026-09-18,321.35,325.85,318.65,320.15,975318
MARKSANS,2026-09-21,322.2,339.0,321.2,338.1,3189102
MARKSANS,2026-09-22,340.05,340.95,328.65,332.95,1560912
MARKSANS,2026-09-23,332.95,348.95,331.0,347.6,3317178
MARKSANS,2026-09-24,345.8,350.95,336.15,337.4,2858544
MARKSANS,2026-09-25,337.5,341.95,331.85,336.95,1452979
MARKSANS,2026-09-28,335.4,341.0,329.0,331.55,1876478
MARKSANS,2026-09-29,333.0,347.4,332.95,342.75,4594619
MARKSANS,2026-09-30,344.0,345.9,321.0,322.3,3253271
MARKSANS,2026-10-01,322.05,332.5,318.15,325.6,2445782
MARKSANS,2026-10-02,325.6,325.6,325.6,325.6,0
MARKSANS,2026-10-05,327.2,333.0,324.6,331.65,1566583
MARKSANS,2026-10-06,332.75,341.95,322.2,324.4,3112693
MARKSANS,2026-10-07,325.8,329.0,318.45,325.45,2155353
MARKSANS,2026-10-08,326.1,326.25,304.45,307.8,2348179
MARKSANS,2026-10-09,308.5,316.4,308.15,309.85,670714
